1 43
2 27
3 8
4 43
5 28
6 23
7 40
8 22
9 30
10 6
11 18
12 32
13 19
14 14
15 30
16 5
17 22
18 8
19 41
20 12
21 8
22 14
23 5
24 44
25 21
26 34
27 19
28 5
29 5
30 26
31 46
32 6
33 43
34 37
35 8
36 19
37 5
38 40
39 21
40 13
41 39
42 23
43 26
44 14
45 28
46 27
47 10
48 25
49 36
50 36
51 18
52 23
53 30
54 28
55 38
56 8
57 6
58 13
59 26
60 22
61 8
62 8
63 31
64 19
65 3
66 42
67 42
68 12
69 31
70 44
71 16
72 10
73 12
74 33
75 27
76 1
77 14
78 21
79 33
80 9
81 33
82 13
83 13
84 37
85 13
86 42
87 9
88 16
89 22
90 18
91 3
92 28
93 10
94 11
95 18
96 13
97 28
98 35
99 37
100 40
101 19
102 27
103 12
104 22
105 24
106 2
107 19
108 4
109 28
110 14
111 6
112 7
113 14
114 32
115 21
116 42
117 9
118 35
119 9
120 42
121 45
122 5
123 8
124 27
125 3
126 22
127 14
128 8
129 39
130 30
131 8
132 21
133 17
134 21
135 4
136 20
137 2
138 16
139 30
140 26
141 7
142 40
143 1
144 41
145 23
146 45
147 35
148 29
149 32
150 8
151 31
152 11
153 42
154 2
155 3
156 42
157 2
158 1
159 1
160 31
161 28
162 44
163 29
164 23
165 14
166 3
167 21
168 12
169 13
170 13
171 29
172 25
173 25
174 14
175 46
176 46
177 5
178 21
179 15
180 32
181 21
182 7
183 24
184 40
185 1
186 34
187 22
188 3
189 7
190 2
191 43
192 14
193 7
194 34
195 6
196 8
197 9
198 42
199 7
200 27
201 41
202 19
203 14
204 33
205 2
206 3
207 12
208 4
209 10
210 4
211 44
212 7
213 10
214 22
215 26
216 8
217 5
218 5
219 4
220 37
221 5
222 12
223 3
224 2
225 23
226 30
227 43
228 19
229 14
230 11
231 23
232 42
233 43
234 17
235 39
236 5
237 38
238 3
239 36
240 34
241 12
242 5
243 4
244 44
245 18
246 32
247 42
248 12
249 13
250 40
251 19
252 21
253 9
254 28
255 27
256 35
257 43
258 6
259 12
260 42
261 20
262 42
263 24
264 10
265 43
266 20
267 15
268 26
269 24
270 3
271 37
272 22
273 8
274 8
275 45
276 40
277 6
278 10
279 41
280 37
281 21
282 19
283 18
284 43
285 39
286 8
287 4
288 6
289 1
290 23
291 34
292 9
293 17
294 32
295 5
296 7
297 1
298 25
299 14
300 15
301 33
302 18
303 21
304 8
305 21
306 2
307 20
308 16
309 26
310 19
311 39
312 14
313 21
314 34
315 3
316 10
317 28
318 33
319 24
320 13
321 19
322 6
323 41
324 45
325 30
326 9
327 9
328 5
329 15
330 22
331 23
332 35
333 19
334 33
335 23
336 36
337 6
338 40
339 42
340 6
341 35
342 9
343 19
344 44
345 19
346 29
347 11
348 34
349 26
350 28
351 21
352 7
353 12
354 28
355 19
356 24
357 30
358 14
359 19
360 6
361 43
362 42
363 46
364 16
365 19
366 42
367 29
368 17
369 32
370 38
371 24
372 13
373 9
374 15
375 39
376 14
377 30
378 13
379 42
380 2
381 12
382 43
383 36
384 3
385 3
386 34
387 24
388 8
389 24
390 16
391 37
392 16
393 38
394 14
395 9
396 45
397 23
398 21
399 43
400 23
401 21
402 28
403 27
404 9
405 19
406 46
407 13
408 21
409 13
410 28
411 6
412 11
413 12
414 8
415 23
416 12
417 6
418 7
419 32
420 6
421 30
422 15
423 33
424 1
425 6
426 6
427 43
428 19
429 43
430 42
431 14
432 8
433 39
434 12
435 43
436 43
437 22
438 42
439 24
440 25
441 6
442 5
443 9
444 31
445 21
446 38
447 28
448 20
449 32
450 42
451 17
452 35
453 5
454 28
455 25
456 19
457 21
458 12
459 14
460 15
461 18
462 5
463 19
464 8
465 42
466 26
467 45
468 8
469 15
470 6
471 9
472 23
473 34
474 16
475 33
476 29
477 34
478 16
479 33
480 28
481 37
482 22
483 12
484 23
485 44
486 28
487 19
488 37
489 43
490 25
491 22
492 13
493 18
494 30
495 44
496 42
497 12
498 12
499 40
500 34
