1 49
2 4
3 55
4 40
5 22
6 2
7 1
8 49
9 2
10 53
11 42
12 32
13 31
14 44
15 34
16 3
17 9
18 4
19 8
20 49
21 4
22 46
23 3
24 12
25 33
26 11
27 27
28 51
29 19
30 38
31 6
32 10
33 36
34 25
35 31
36 57
37 28
38 1
39 47
40 45
41 53
42 49
43 16
44 29
45 37
46 24
47 41
48 12
49 13
50 20
51 29
52 13
53 36
54 45
55 29
56 2
57 57
58 43
59 4
60 11
61 53
62 28
63 34
64 35
65 43
66 33
67 39
68 1
69 30
70 48
71 21
72 46
73 50
74 1
75 43
76 57
77 21
78 19
79 18
80 1
81 39
82 13
83 49
84 53
85 39
86 13
87 53
88 44
89 35
90 55
91 13
92 56
93 2
94 48
95 31
96 27
97 37
98 40
99 57
100 11
101 29
102 40
103 25
104 34
105 44
106 53
107 45
108 7
109 32
110 33
111 3
112 2
113 43
114 16
115 28
116 28
117 22
118 32
119 15
120 44
121 2
122 29
123 54
124 51
125 53
126 19
127 47
128 26
129 25
130 36
131 42
132 6
133 46
134 30
135 31
136 55
137 13
138 11
139 12
140 15
141 14
142 47
143 40
144 4
145 25
146 14
147 56
148 36
149 50
150 54
151 53
152 40
153 33
154 38
155 15
156 57
157 36
158 26
159 56
160 25
161 18
162 47
163 47
164 53
165 2
166 13
167 4
168 29
169 17
170 31
171 44
172 34
173 47
174 13
175 28
176 25
177 57
178 55
179 19
180 1
181 12
182 55
183 25
184 32
185 17
186 38
187 56
188 30
189 22
190 44
191 45
192 32
193 17
194 40
195 15
196 48
197 13
198 34
199 37
200 50
201 1
202 24
203 23
204 40
205 17
206 15
207 27
208 38
209 55
210 27
211 5
212 17
213 28
214 32
215 10
216 10
217 50
218 38
219 31
220 49
221 17
222 53
223 50
224 47
225 17
226 32
227 4
228 10
229 52
230 50
231 28
232 19
233 17
234 5
235 11
236 37
237 22
238 30
239 55
240 48
241 18
242 10
243 9
244 21
245 1
246 25
247 10
248 25
249 13
250 14
251 25
252 11
253 5
254 13
255 25
256 6
257 24
258 34
259 34
260 12
261 57
262 23
263 25
264 51
265 7
266 49
267 35
268 45
269 4
270 32
271 20
272 24
273 30
274 31
275 4
276 45
277 22
278 18
279 40
280 55
281 3
282 29
283 26
284 15
285 50
286 5
287 7
288 33
289 42
290 7
291 44
292 28
293 53
294 10
295 26
296 15
297 17
298 6
299 11
300 1
301 40
302 14
303 37
304 22
305 52
306 30
307 48
308 39
309 54
310 4
311 10
312 14
313 7
314 45
315 57
316 35
317 39
318 10
319 29
320 29
321 55
322 32
323 40
324 51
325 27
326 37
327 53
328 44
329 51
330 47
331 10
332 25
333 5
334 36
335 7
336 56
337 48
338 6
339 31
340 26
341 13
342 41
343 44
344 17
345 54
346 10
347 40
348 24
349 44
350 5
351 25
352 40
353 53
354 6
355 34
356 6
357 13
358 32
359 49
360 9
361 9
362 54
363 33
364 25
365 34
366 33
367 15
368 48
369 40
370 46
371 25
372 39
373 1
374 8
375 34
376 56
377 25
378 19
379 27
380 29
381 51
382 41
383 32
384 24
385 36
386 17
387 5
388 52
389 40
390 40
391 29
392 27
393 47
394 10
395 40
396 28
397 31
398 41
399 18
400 48
401 53
402 34
403 39
404 44
405 43
406 19
407 37
408 14
409 1
410 16
411 48
412 23
413 39
414 17
415 50
416 55
417 13
418 3
419 16
420 46
421 52
422 33
423 34
424 42
425 35
426 8
427 50
428 13
429 37
430 44
431 13
432 17
433 53
434 34
435 13
436 7
437 9
438 40
439 46
440 17
441 39
442 39
443 23
444 2
445 21
446 13
447 27
448 4
449 40
450 41
451 21
452 19
453 20
454 34
455 1
456 7
457 10
458 55
459 44
460 8
461 8
462 50
463 40
464 45
465 4
466 45
467 25
468 39
469 13
470 52
471 32
472 55
473 2
474 42
475 31
476 20
477 43
478 3
479 52
480 13
481 32
482 28
483 56
484 10
485 31
486 13
487 34
488 13
489 16
490 51
491 23
492 20
493 22
494 32
495 45
496 13
497 28
498 38
499 31
500 39
