1 213
1 236
1 242
1 303
1 313
1 477
2 3
2 39
2 328
2 376
2 493
3 2
3 39
3 40
3 336
3 376
3 406
4 180
4 269
4 270
4 307
4 493
5 10
5 194
5 259
5 464
5 496
6 7
6 8
6 55
6 262
6 500
7 6
7 8
7 63
7 257
7 262
8 6
8 7
8 11
8 296
8 480
9 100
9 101
9 103
9 105
9 108
10 5
10 130
10 184
10 200
10 259
11 8
11 12
11 262
11 369
11 378
12 11
12 14
12 54
12 339
12 469
13 14
13 15
13 71
13 373
13 450
14 12
14 13
14 15
14 37
14 339
15 13
15 14
15 17
15 104
15 339
16 77
16 113
16 115
16 435
16 440
17 15
17 18
17 23
17 414
17 475
18 17
18 20
18 23
18 199
18 339
19 22
19 24
19 182
19 425
19 474
20 18
20 22
20 23
20 28
20 367
21 135
21 137
21 166
21 199
21 293
22 19
22 20
22 24
22 155
22 210
23 17
23 18
23 20
23 70
23 210
24 19
24 22
24 73
24 210
24 297
25 250
25 258
25 260
25 265
25 351
26 183
26 195
26 210
26 214
26 457
27 28
27 86
27 140
27 179
27 214
28 20
28 27
28 179
28 214
28 402
29 86
29 179
29 221
29 230
29 296
30 31
30 33
30 230
30 385
30 486
31 30
31 33
31 35
31 49
31 221
32 46
32 64
32 65
32 158
32 498
33 30
33 31
33 35
33 208
33 230
34 57
34 58
34 59
34 60
34 98
35 31
35 33
35 312
35 391
35 474
36 38
36 299
36 312
36 447
36 492
37 14
37 38
37 209
37 312
37 357
38 36
38 37
38 171
38 312
38 489
39 2
39 3
39 40
39 371
39 441
40 3
40 39
40 48
40 91
40 343
40 477
41 46
41 209
41 248
41 344
41 493
42 44
42 49
42 209
42 253
42 361
43 54
43 157
43 159
43 177
43 408
44 42
44 45
44 49
44 125
44 248
45 44
45 49
45 286
45 306
45 381
46 32
46 41
46 49
46 209
46 248
47 59
47 60
47 61
47 63
47 96
48 40
48 91
48 343
48 355
48 359
49 31
49 42
49 44
49 45
49 46
50 68
50 189
50 282
50 387
50 452
51 53
51 189
51 211
51 435
51 494
52 55
52 189
52 408
52 451
53 51
53 55
53 189
53 211
53 376
54 12
54 43
54 159
54 162
54 177
55 6
55 52
55 53
55 211
55 335
56 57
56 335
56 418
56 452
56 490
57 34
57 56
57 194
57 335
57 465
58 34
58 60
58 76
58 364
58 472
59 34
59 47
59 60
59 83
59 498
60 34
60 47
60 58
60 59
60 297
61 47
61 62
61 63
61 156
61 239
62 61
62 63
62 239
62 351
62 444
63 7
63 47
63 61
63 62
63 239
64 32
64 65
64 239
64 343
64 494
65 32
65 64
65 142
65 158
65 470
66 67
66 68
66 69
66 158
66 416
67 66
67 68
67 101
67 158
67 437
68 50
68 66
68 67
68 71
68 158
69 66
69 70
69 226
69 294
69 453
70 23
70 69
70 71
70 226
70 453
71 13
71 68
71 70
71 226
71 404
72 74
72 75
72 95
72 226
72 429
73 24
73 131
73 195
73 366
73 494
74 72
74 75
74 81
74 216
74 226
75 72
75 74
75 177
75 216
75 402
76 58
76 78
76 216
76 441
76 444
77 16
77 111
77 115
77 121
77 122
78 76
78 80
78 216
78 343
78 493
79 80
79 81
79 82
79 281
79 487
80 78
80 79
80 81
80 204
80 216
81 74
81 79
81 80
81 83
81 84
82 79
82 83
82 113
82 445
82 500
83 59
83 81
83 82
83 84
83 241
84 81
84 83
84 221
84 241
84 308
85 88
85 93
85 103
85 241
85 427
86 27
86 29
86 179
86 181
86 183
86 221
87 275
87 279
87 281
87 309
87 334
87 351
88 85
88 93
88 95
88 219
88 241
89 175
89 288
89 314
89 326
89 411
90 141
90 187
90 295
90 463
90 491
91 40
91 48
91 94
91 114
91 343
92 94
92 114
92 117
92 343
92 428
92 463
93 85
93 88
93 95
93 99
93 301
94 91
94 92
94 114
94 117
94 477
95 72
95 88
95 93
95 96
95 448
96 47
96 95
96 97
96 98
96 480
97 96
97 98
97 99
97 404
97 446
98 34
98 96
98 97
98 99
98 349
99 93
99 97
99 98
99 100
99 446
100 9
100 99
100 101
100 103
100 127
101 9
101 67
101 100
101 309
101 488
102 155
102 156
102 157
102 177
102 454
103 9
103 85
103 100
103 279
103 487
104 15
104 105
104 106
104 108
104 495
105 9
105 104
105 106
105 108
105 302
106 104
106 105
106 108
106 110
106 178
107 282
107 294
107 306
107 314
107 333
108 9
108 104
108 105
108 106
108 110
109 161
109 162
109 166
109 167
109 185
110 106
110 108
110 113
110 425
110 472
111 77
111 112
111 195
111 274
111 366
112 111
112 163
112 268
112 274
112 421
113 16
113 82
113 110
113 115
113 476
114 91
114 92
114 94
114 117
114 343
114 477
115 16
115 77
115 113
115 188
115 275
116 121
116 122
116 123
116 218
116 420
117 92
117 94
117 114
117 119
117 396
118 136
118 172
118 264
118 271
118 330
119 117
119 126
119 150
119 160
119 459
120 144
120 197
120 335
120 429
120 433
121 77
121 116
121 218
121 299
121 316
122 77
122 116
122 218
122 378
122 499
123 116
123 124
123 127
123 452
123 464
124 123
124 127
124 135
124 218
124 402
125 44
125 127
125 130
125 475
125 489
126 119
126 128
126 150
126 160
126 176
127 100
127 123
127 124
127 125
127 130
128 126
128 150
128 160
128 176
128 485
129 136
129 174
129 200
129 254
129 264
130 10
130 125
130 127
130 131
130 407
131 73
131 130
131 145
131 195
131 366
132 133
132 134
132 151
132 163
132 165
133 132
133 134
133 138
133 151
133 339
134 132
134 133
134 151
134 165
134 199
135 21
135 124
135 137
135 140
135 202
136 118
136 129
136 174
136 459
136 464
137 21
137 135
137 202
137 416
137 464
138 133
138 159
138 199
138 293
138 490
139 171
139 270
139 271
139 330
139 473
140 27
140 135
140 199
140 202
140 293
141 90
141 170
141 197
141 339
141 405
142 65
142 143
142 144
142 146
142 499
143 142
143 146
143 187
143 237
143 489
144 120
144 142
144 146
144 152
144 455
145 131
145 146
145 147
145 385
145 489
146 142
146 143
146 144
146 145
146 147
147 145
147 146
147 148
147 435
147 453
148 147
148 458
148 459
148 469
148 485
149 152
149 153
149 154
149 263
149 378
150 119
150 126
150 128
150 160
150 176
151 132
151 133
151 134
151 163
151 165
152 144
152 149
152 153
152 263
152 288
153 149
153 152
153 154
153 224
153 263
154 149
154 153
154 263
154 428
154 459
155 22
155 102
155 156
155 157
155 377
156 61
156 102
156 155
156 263
156 379
157 43
157 102
157 155
157 164
157 379
158 32
158 65
158 66
158 67
158 68
159 43
159 54
159 138
159 162
159 185
160 119
160 126
160 128
160 150
160 176
161 109
161 162
161 185
161 408
161 480
162 54
162 109
162 159
162 161
162 416
163 112
163 132
163 151
163 274
163 479
164 157
164 166
164 178
164 281
164 425
165 132
165 134
165 151
165 268
165 400
166 21
166 109
166 164
166 167
166 178
167 109
167 166
167 168
167 178
167 435
168 167
168 169
168 170
168 171
168 187
169 168
169 170
169 171
169 178
169 228
170 141
170 168
170 169
170 171
170 499
171 38
171 139
171 168
171 169
171 170
172 118
172 271
172 330
172 473
172 475
173 254
173 264
173 279
173 366
173 490
174 129
174 136
174 194
174 264
174 318
175 89
175 255
175 288
175 294
175 308
175 326
175 499
176 126
176 128
176 150
176 160
176 398
176 492
177 43
177 54
177 75
177 102
177 185
177 422
178 106
178 164
178 166
178 167
178 169
178 185
179 27
179 28
179 29
179 86
179 221
179 248
180 4
180 190
180 273
180 276
180 278
180 496
181 86
181 184
181 186
181 377
181 400
181 467
182 19
182 213
182 242
182 303
182 313
182 363
183 26
183 86
183 214
183 249
183 410
183 461
184 10
184 181
184 186
184 191
184 377
184 427
185 109
185 159
185 161
185 177
185 178
185 217
186 181
186 184
186 191
186 215
186 377
186 429
187 90
187 143
187 168
187 197
187 237
187 415
188 115
188 190
188 191
188 377
188 429
188 471
189 50
189 51
189 52
189 53
189 211
189 339
190 180
190 188
190 305
190 429
190 493
190 498
191 184
191 186
191 188
191 305
191 366
191 429
192 232
192 267
192 395
192 406
192 448
192 470
193 198
193 201
193 209
193 305
193 429
193 494
194 5
194 57
194 174
194 200
194 255
194 259
195 26
195 73
195 111
195 131
195 268
195 366
196 206
196 207
196 208
196 312
196 407
196 454
197 120
197 141
197 187
197 237
197 419
197 424
198 193
198 201
198 203
198 204
198 205
198 272
199 18
199 21
199 134
199 138
199 140
199 293
200 10
200 129
200 194
200 259
200 461
200 497
201 193
201 198
201 203
201 204
201 305
201 443
202 135
202 137
202 140
202 237
202 356
202 424
203 198
203 201
203 204
203 205
203 215
203 369
204 80
204 198
204 201
204 203
204 205
204 215
205 198
205 203
205 204
205 215
205 338
205 375
206 196
206 207
206 208
206 217
206 220
206 424
207 196
207 206
207 208
207 217
207 328
207 481
208 33
208 196
208 206
208 207
208 217
208 372
209 37
209 41
209 42
209 46
209 193
209 248
210 22
210 23
210 24
210 26
210 214
210 236
211 51
211 53
211 55
211 189
211 292
211 335
212 219
212 220
212 223
212 225
212 228
212 265
213 1
213 182
213 230
213 236
213 242
213 313
214 26
214 27
214 28
214 183
214 210
214 252
215 186
215 203
215 204
215 205
215 217
215 401
216 74
216 75
216 76
216 78
216 80
216 427
217 185
217 206
217 207
217 208
217 215
217 220
218 116
218 121
218 122
218 124
218 379
218 393
219 88
219 212
219 220
219 418
219 426
219 485
220 206
220 212
220 217
220 219
220 225
220 437
221 29
221 31
221 84
221 86
221 179
221 230
222 323
222 331
222 334
222 379
222 417
222 472
223 212
223 225
223 298
223 362
223 421
223 431
224 153
224 250
224 266
224 351
224 387
224 458
225 212
225 220
225 223
225 228
225 231
225 485
226 69
226 70
226 71
226 72
226 74
226 257
227 277
227 301
227 308
227 318
227 346
227 381
228 169
228 212
228 225
228 231
228 233
228 384
229 233
229 234
229 235
229 256
229 353
229 474
230 29
230 30
230 33
230 213
230 221
230 472
231 225
231 228
231 233
231 285
231 384
231 478
232 192
232 251
232 261
232 267
232 284
232 488
233 228
233 229
233 231
233 234
233 330
233 479
234 229
234 233
234 268
234 291
234 384
234 440
235 229
235 348
235 350
235 353
235 363
235 365
236 1
236 210
236 213
236 240
236 244
236 313
237 143
237 187
237 197
237 202
237 255
237 331
238 254
238 281
238 304
238 325
238 349
238 369
239 61
239 62
239 63
239 64
239 359
239 491
240 236
240 241
240 244
240 303
240 411
240 493
241 83
241 84
241 85
241 88
241 240
241 497
242 1
242 182
242 213
242 244
242 443
242 466
243 244
243 246
243 249
243 256
243 483
243 494
244 236
244 240
244 242
244 243
244 323
244 434
245 249
245 252
245 253
245 466
245 468
245 481
246 243
246 249
246 252
246 253
246 403
246 463
247 290
247 320
247 323
247 334
247 340
247 386
248 41
248 44
248 46
248 179
248 209
248 333
249 183
249 243
249 245
249 246
249 252
249 253
250 25
250 224
250 260
250 266
250 387
250 444
251 232
251 261
251 267
251 284
251 432
251 475
252 214
252 245
252 246
252 249
252 253
252 256
253 42
253 245
253 246
253 249
253 252
253 256
254 129
254 173
254 238
254 264
254 271
254 474
255 175
255 194
255 237
255 282
255 306
255 314
255 457
256 229
256 243
256 252
256 253
256 258
256 351
257 7
257 226
257 262
257 297
257 402
257 465
258 25
258 256
258 265
258 276
258 351
258 495
259 5
259 10
259 194
259 200
259 282
259 324
260 25
260 250
260 265
260 266
260 444
260 474
261 232
261 251
261 267
261 406
261 437
261 491
262 6
262 7
262 11
262 257
262 404
262 467
263 149
263 152
263 153
263 154
263 156
263 415
264 118
264 129
264 173
264 174
264 254
264 319
265 25
265 212
265 258
265 260
265 266
265 351
266 224
266 250
266 260
266 265
266 375
266 387
267 192
267 232
267 251
267 261
267 284
267 437
268 112
268 165
268 195
268 234
268 274
268 387
269 4
269 270
269 307
269 387
269 451
270 4
270 139
270 269
270 307
270 373
270 387
271 118
271 139
271 172
271 254
271 274
271 459
272 198
272 273
272 276
272 278
272 307
272 464
273 180
273 272
273 276
273 278
273 350
273 418
274 111
274 112
274 163
274 268
274 271
274 366
275 87
275 115
275 279
275 309
275 422
275 450
276 180
276 258
276 272
276 273
276 278
276 351
277 227
277 301
277 308
277 326
277 346
277 416
278 180
278 272
278 273
278 276
278 283
278 415
279 87
279 103
279 173
279 275
279 281
279 309
279 416
280 292
280 294
280 336
280 347
280 361
280 369
280 414
281 79
281 87
281 164
281 238
281 279
281 309
281 325
282 50
282 107
282 255
282 259
282 288
282 314
282 326
283 278
283 285
283 296
283 318
283 329
283 400
283 417
284 232
284 251
284 267
284 286
284 305
284 437
284 488
285 231
285 283
285 296
285 318
285 329
285 447
285 470
286 45
286 284
286 287
286 300
286 311
286 437
286 497
287 286
287 289
287 300
287 311
287 322
287 350
287 437
288 89
288 152
288 175
288 282
288 323
288 326
288 426
289 287
289 300
289 311
289 322
289 344
289 437
289 495
290 247
290 295
290 317
290 350
290 356
290 379
290 412
291 234
291 382
291 386
291 389
291 410
291 426
291 479
292 211
292 280
292 336
292 347
292 361
292 369
292 422
293 21
293 138
293 140
293 199
293 298
293 342
293 402
294 69
294 107
294 175
294 280
294 306
294 414
294 473
295 90
295 290
295 298
295 316
295 317
295 356
295 485
296 8
296 29
296 283
296 285
296 318
296 329
296 389
297 24
297 60
297 257
297 299
297 333
297 341
297 402
298 223
298 293
298 295
298 316
298 348
298 356
298 393
299 36
299 121
299 297
299 306
299 333
299 402
299 475
300 286
300 287
300 289
300 311
300 322
300 421
300 437
301 93
301 227
301 277
301 308
301 347
301 355
301 478
302 105
302 310
302 319
302 324
302 338
302 372
302 373
303 1
303 182
303 240
303 313
303 338
303 348
303 353
304 238
304 308
304 310
304 325
304 346
304 349
304 381
305 190
305 191
305 193
305 201
305 284
305 429
305 497
306 45
306 107
306 255
306 294
306 299
306 445
306 450
307 4
307 269
307 270
307 272
307 362
307 387
307 442
308 84
308 175
308 227
308 277
308 301
308 304
308 405
309 87
309 101
309 275
309 279
309 281
309 325
309 427
310 302
310 304
310 319
310 359
310 373
310 420
310 427
311 286
311 287
311 289
311 300
311 321
311 322
311 497
312 35
312 36
312 37
312 38
312 196
312 372
312 444
313 1
313 182
313 213
313 236
313 303
313 340
313 363
314 89
314 107
314 255
314 282
314 333
314 363
314 499
315 332
315 342
315 344
315 345
315 354
315 358
315 454
316 121
316 295
316 298
316 356
316 429
316 439
316 488
317 290
317 295
317 322
317 330
317 350
317 356
317 496
318 174
318 227
318 283
318 285
318 296
318 320
318 329
319 264
319 302
319 310
319 338
319 388
319 426
319 462
320 247
320 318
320 323
320 329
320 376
320 412
320 413
321 311
321 322
321 326
321 332
321 344
321 460
321 483
322 287
322 289
322 300
322 311
322 317
322 321
322 344
323 222
323 244
323 247
323 288
323 320
323 331
323 340
324 259
324 302
324 327
324 338
324 362
324 372
324 373
325 238
325 281
325 304
325 309
325 346
325 410
325 470
326 89
326 175
326 277
326 282
326 288
326 321
326 475
327 324
327 362
327 373
327 382
327 426
327 434
327 452
328 2
328 207
328 355
328 359
328 376
328 427
328 495
329 283
329 285
329 296
329 318
329 320
329 340
329 451
330 118
330 139
330 172
330 233
330 317
330 354
330 430
331 222
331 237
331 323
331 334
331 340
331 349
331 379
332 315
332 321
332 342
332 344
332 437
332 484
332 492
333 107
333 248
333 297
333 299
333 314
333 410
333 496
334 87
334 222
334 247
334 331
334 379
334 495
335 55
335 56
335 57
335 120
335 211
335 476
336 3
336 280
336 292
336 341
336 361
336 393
336 414
336 441
337 368
337 390
337 398
337 403
337 442
337 449
337 460
337 471
338 205
338 302
338 303
338 319
338 324
338 355
338 362
338 446
339 12
339 14
339 15
339 18
339 133
339 141
339 189
339 389
340 247
340 313
340 323
340 329
340 331
340 379
340 449
340 484
341 297
341 336
341 357
341 361
341 367
341 378
341 414
341 426
342 293
342 315
342 332
342 344
342 345
342 358
342 402
342 481
343 40
343 48
343 64
343 78
343 91
343 92
343 114
343 438
344 41
344 289
344 315
344 321
344 322
344 332
344 342
344 358
345 315
345 342
345 354
345 358
345 360
345 419
345 455
345 497
346 227
346 277
346 304
346 325
346 349
346 381
346 397
346 457
347 280
347 292
347 301
347 361
347 364
347 369
347 428
347 448
348 235
348 298
348 303
348 353
348 363
348 425
348 436
348 477
349 98
349 238
349 304
349 331
349 346
349 381
349 384
349 495
350 235
350 273
350 287
350 290
350 317
350 375
350 379
350 494
351 25
351 62
351 87
351 224
351 256
351 258
351 265
351 276
351 439
352 380
352 383
352 384
352 385
352 404
352 415
352 463
352 469
353 229
353 235
353 303
353 348
353 363
353 450
353 463
353 476
354 315
354 330
354 345
354 358
354 360
354 367
354 378
354 386
355 48
355 301
355 328
355 338
355 359
355 372
355 376
355 427
356 202
356 290
356 295
356 298
356 316
356 317
356 431
356 470
357 37
357 341
357 367
357 378
357 413
357 414
357 470
357 486
358 315
358 342
358 344
358 345
358 354
358 360
358 409
359 48
359 239
359 310
359 328
359 355
359 372
359 376
359 427
360 345
360 354
360 358
360 367
360 378
360 438
360 457
360 462
361 42
361 280
361 292
361 336
361 341
361 347
361 395
361 414
362 223
362 307
362 324
362 327
362 338
362 373
362 382
362 485
363 182
363 235
363 313
363 314
363 348
363 353
363 388
363 484
364 58
364 347
364 369
364 375
364 393
364 416
364 422
364 471
365 235
365 375
365 382
365 386
365 389
365 410
365 426
365 496
366 73
366 111
366 131
366 173
366 191
366 195
366 274
366 478
367 20
367 341
367 354
367 357
367 360
367 378
367 414
367 420
367 442
368 337
368 386
368 390
368 398
368 432
368 445
368 455
368 463
368 469
369 11
369 203
369 238
369 280
369 292
369 347
369 364
369 393
369 416
370 392
370 402
370 404
370 408
370 411
370 435
370 444
370 478
370 499
371 39
371 389
371 392
371 400
371 407
371 420
371 425
371 431
371 439
372 208
372 302
372 312
372 324
372 355
372 359
372 429
372 431
372 439
373 13
373 270
373 302
373 310
373 324
373 327
373 362
373 382
373 399
374 397
374 405
374 409
374 419
374 428
374 478
374 484
374 486
374 487
375 205
375 266
375 350
375 364
375 365
375 393
375 410
375 416
375 422
376 2
376 3
376 53
376 320
376 328
376 355
376 359
376 427
376 467
377 155
377 181
377 184
377 186
377 188
377 384
377 460
377 482
377 493
378 11
378 122
378 149
378 341
378 354
378 357
378 360
378 367
378 395
379 156
379 157
379 218
379 222
379 290
379 331
379 334
379 340
379 350
380 352
380 383
380 391
380 432
380 454
380 455
380 456
380 463
380 469
381 45
381 227
381 304
381 346
381 349
381 422
381 469
381 486
381 488
382 291
382 327
382 362
382 365
382 373
382 386
382 389
382 426
382 464
383 352
383 380
383 385
383 391
383 403
383 414
383 415
383 484
383 500
384 228
384 231
384 234
384 349
384 352
384 377
384 421
384 429
384 487
385 30
385 145
385 352
385 383
385 390
385 391
385 404
385 408
385 415
386 247
386 291
386 354
386 365
386 368
386 382
386 389
386 395
386 426
387 50
387 224
387 250
387 266
387 268
387 269
387 270
387 307
387 491
388 319
388 363
388 396
388 399
388 413
388 421
388 431
388 446
388 452
389 291
389 296
389 339
389 365
389 371
389 382
389 386
389 410
389 426
390 337
390 368
390 385
390 391
390 398
390 432
390 463
390 469
390 487
391 35
391 380
391 383
391 385
391 390
391 404
391 408
391 415
391 460
392 370
392 371
392 411
392 418
392 425
392 435
392 444
392 477
392 496
393 218
393 298
393 336
393 364
393 369
393 375
393 416
393 418
393 422
394 438
394 440
394 445
394 453
394 458
394 461
394 472
394 473
394 479
394 480
395 192
395 361
395 378
395 386
395 406
395 424
395 434
395 448
395 452
395 470
396 117
396 388
396 399
396 413
396 424
396 434
396 446
396 452
396 456
396 464
397 346
397 374
397 405
397 409
397 419
397 462
397 466
397 478
397 484
397 486
398 176
398 337
398 368
398 390
398 403
398 432
398 456
398 460
398 463
398 488
399 373
399 388
399 396
399 413
399 421
399 424
399 434
399 446
399 452
399 458
400 165
400 181
400 283
400 371
400 407
400 418
400 420
400 425
400 431
400 439
401 215
401 412
401 417
401 430
401 441
401 459
401 471
401 486
401 489
401 491
402 28
402 75
402 124
402 257
402 293
402 297
402 299
402 342
402 370
402 498
403 246
403 337
403 383
403 398
403 432
403 451
403 455
403 457
403 460
403 476
404 71
404 97
404 262
404 352
404 370
404 385
404 391
404 408
404 435
404 465
405 141
405 308
405 374
405 397
405 409
405 412
405 419
405 428
405 450
405 477
406 3
406 192
406 261
406 395
406 413
406 434
406 448
406 470
406 484
406 500
407 130
407 196
407 371
407 400
407 414
407 418
407 425
407 439
407 482
407 499
408 43
408 52
408 161
408 370
408 385
408 391
408 404
408 411
408 415
408 435
409 358
409 374
409 397
409 405
409 419
409 428
409 450
409 477
409 484
409 499
410 183
410 291
410 325
410 333
410 365
410 375
410 389
410 424
410 448
410 481
411 89
411 240
411 370
411 392
411 408
411 418
411 425
411 435
411 444
411 461
412 290
412 320
412 401
412 405
412 417
412 430
412 450
412 459
412 471
412 477
413 320
413 357
413 388
413 396
413 399
413 406
413 421
413 446
413 452
413 464
414 17
414 280
414 294
414 336
414 341
414 357
414 361
414 367
414 383
414 407
415 187
415 263
415 278
415 352
415 383
415 385
415 391
415 408
415 463
415 469
416 66
416 137
416 162
416 277
416 279
416 364
416 369
416 375
416 393
416 422
416 430
417 222
417 283
417 401
417 412
417 430
417 437
417 450
417 459
417 471
417 477
417 482
418 56
418 219
418 273
418 392
418 393
418 400
418 407
418 411
418 425
418 439
418 444
419 197
419 345
419 374
419 397
419 405
419 409
419 428
419 450
419 477
419 484
419 493
420 116
420 310
420 367
420 371
420 400
420 431
420 434
420 439
420 464
420 466
420 490
421 112
421 223
421 300
421 384
421 388
421 399
421 413
421 431
421 446
421 464
421 494
422 177
422 275
422 292
422 364
422 375
422 381
422 393
422 416
422 423
422 492
422 500
423 422
423 438
423 440
423 446
423 447
423 453
423 454
423 458
423 467
423 475
423 479
424 197
424 202
424 206
424 395
424 396
424 399
424 410
424 448
424 452
424 470
424 476
425 19
425 110
425 164
425 348
425 371
425 392
425 400
425 407
425 411
425 418
425 444
426 219
426 288
426 291
426 319
426 327
426 341
426 365
426 382
426 386
426 389
426 478
427 85
427 184
427 216
427 309
427 310
427 328
427 355
427 359
427 376
427 452
427 497
428 92
428 154
428 347
428 374
428 405
428 409
428 419
428 450
428 477
428 478
428 499
429 72
429 120
429 186
429 188
429 190
429 191
429 193
429 305
429 316
429 372
429 384
430 330
430 401
430 412
430 416
430 417
430 441
430 442
430 450
430 459
430 467
430 471
431 223
431 356
431 371
431 372
431 388
431 400
431 420
431 421
431 439
431 464
431 470
432 251
432 368
432 380
432 390
432 398
432 403
432 437
432 448
432 460
432 463
432 469
433 120
433 445
433 456
433 458
433 461
433 468
433 472
433 473
433 480
433 489
433 491
434 244
434 327
434 395
434 396
434 399
434 406
434 420
434 447
434 448
434 460
434 470
435 16
435 51
435 147
435 167
435 370
435 392
435 404
435 408
435 411
435 444
435 467
435 469
436 348
436 443
436 449
436 481
436 482
436 485
436 487
436 488
436 491
436 493
436 495
436 498
437 67
437 220
437 261
437 267
437 284
437 286
437 287
437 289
437 300
437 332
437 417
437 432
438 343
438 360
438 394
438 423
438 440
438 453
438 454
438 458
438 461
438 474
438 475
438 479
439 316
439 351
439 371
439 372
439 400
439 407
439 418
439 420
439 431
439 464
439 466
439 479
440 16
440 234
440 394
440 423
440 438
440 453
440 454
440 458
440 467
440 475
440 480
440 483
441 39
441 76
441 336
441 401
441 430
441 442
441 455
441 457
441 459
441 471
441 476
441 481
442 307
442 337
442 367
442 430
442 441
442 451
442 455
442 457
442 460
442 474
442 476
442 496
443 201
443 242
443 436
443 449
443 456
443 481
443 482
443 485
443 487
443 488
443 493
443 495
444 62
444 76
444 250
444 260
444 312
444 370
444 392
444 411
444 418
444 425
444 435
444 476
445 82
445 306
445 368
445 394
445 433
445 461
445 468
445 472
445 473
445 480
445 489
445 491
446 97
446 99
446 338
446 388
446 396
446 399
446 413
446 421
446 423
446 452
446 471
446 495
447 36
447 285
447 423
447 434
447 462
447 465
447 466
447 467
447 475
447 479
447 484
447 486
448 95
448 192
448 347
448 395
448 406
448 410
448 424
448 432
448 434
448 453
448 469
448 470
449 337
449 340
449 436
449 443
449 456
449 481
449 482
449 485
449 487
449 488
449 493
449 495
450 13
450 275
450 306
450 353
450 405
450 409
450 412
450 417
450 419
450 428
450 430
450 477
450 498
451 52
451 269
451 329
451 403
451 442
451 455
451 457
451 460
451 470
451 471
451 474
451 476
451 495
452 50
452 56
452 123
452 327
452 388
452 395
452 396
452 399
452 413
452 424
452 427
452 446
452 464
453 69
453 70
453 147
453 394
453 423
453 438
453 440
453 448
453 454
453 458
453 461
453 467
453 479
454 102
454 196
454 315
454 380
454 423
454 438
454 440
454 453
454 458
454 461
454 467
454 475
454 479
455 144
455 345
455 368
455 380
455 403
455 441
455 442
455 451
455 457
455 460
455 473
455 474
455 490
456 380
456 396
456 398
456 433
456 443
456 449
456 468
456 480
456 481
456 487
456 489
456 491
456 493
457 26
457 255
457 346
457 360
457 403
457 441
457 442
457 451
457 455
457 460
457 474
457 476
457 498
458 148
458 224
458 394
458 399
458 423
458 433
458 438
458 440
458 453
458 454
458 461
458 473
458 479
459 119
459 136
459 148
459 154
459 271
459 401
459 412
459 417
459 430
459 441
459 462
459 471
459 477
460 321
460 337
460 377
460 391
460 398
460 403
460 432
460 434
460 442
460 451
460 455
460 457
460 476
461 183
461 200
461 394
461 411
461 433
461 438
461 445
461 453
461 454
461 458
461 472
461 473
461 480
462 319
462 360
462 397
462 447
462 459
462 465
462 466
462 467
462 475
462 478
462 484
462 486
462 490
463 90
463 92
463 246
463 352
463 353
463 368
463 380
463 390
463 398
463 415
463 432
463 469
463 484
464 5
464 123
464 136
464 137
464 272
464 382
464 396
464 413
464 420
464 421
464 431
464 439
464 452
464 490
465 57
465 257
465 404
465 447
465 462
465 466
465 470
465 475
465 478
465 484
465 486
465 490
465 491
465 498
466 242
466 245
466 397
466 420
466 439
466 447
466 462
466 465
466 478
466 479
466 484
466 486
466 487
466 490
467 181
467 262
467 376
467 423
467 430
467 435
467 440
467 447
467 453
467 454
467 462
467 475
467 479
467 490
468 245
468 433
468 445
468 456
468 469
468 472
468 473
468 480
468 482
468 486
468 487
468 488
468 489
468 491
469 12
469 148
469 352
469 368
469 380
469 381
469 390
469 415
469 432
469 435
469 448
469 463
469 468
469 491
470 65
470 192
470 285
470 325
470 356
470 357
470 395
470 406
470 424
470 431
470 434
470 448
470 451
470 465
471 188
471 337
471 364
471 401
471 412
471 417
471 430
471 441
471 446
471 451
471 459
471 474
471 476
471 497
472 58
472 110
472 222
472 230
472 394
472 433
472 445
472 461
472 468
472 473
472 480
472 487
472 489
472 491
473 139
473 172
473 294
473 394
473 433
473 445
473 455
473 458
473 461
473 468
473 472
473 476
473 480
473 489
473 493
474 19
474 35
474 229
474 254
474 260
474 438
474 442
474 451
474 455
474 457
474 471
474 476
474 486
474 489
474 490
475 17
475 125
475 172
475 251
475 299
475 326
475 423
475 438
475 440
475 447
475 454
475 462
475 465
475 467
475 479
476 113
476 335
476 353
476 403
476 424
476 441
476 442
476 444
476 451
476 457
476 460
476 471
476 473
476 474
476 490
477 1
477 40
477 94
477 114
477 348
477 392
477 405
477 409
477 412
477 417
477 419
477 428
477 450
477 459
477 486
478 231
478 301
478 366
478 370
478 374
478 397
478 426
478 428
478 462
478 465
478 466
478 484
478 486
478 490
478 495
479 163
479 233
479 291
479 394
479 423
479 438
479 439
479 447
479 453
479 454
479 458
479 466
479 467
479 475
479 483
480 8
480 96
480 161
480 394
480 433
480 440
480 445
480 456
480 461
480 468
480 472
480 473
480 482
480 489
480 491
480 492
481 207
481 245
481 342
481 410
481 436
481 441
481 443
481 449
481 456
481 482
481 486
481 487
481 489
481 491
481 493
481 495
482 377
482 407
482 417
482 436
482 443
482 449
482 468
482 480
482 481
482 485
482 487
482 488
482 493
482 495
482 498
482 499
483 243
483 321
483 440
483 479
483 485
483 492
483 494
483 496
483 497
483 498
483 499
483 500
484 332
484 340
484 363
484 374
484 383
484 397
484 406
484 409
484 419
484 447
484 462
484 463
484 465
484 466
484 478
484 486
484 490
485 128
485 148
485 219
485 225
485 295
485 362
485 436
485 443
485 449
485 482
485 483
485 488
485 495
485 496
485 497
485 498
485 499
486 30
486 357
486 374
486 381
486 397
486 401
486 447
486 462
486 465
486 466
486 468
486 474
486 477
486 478
486 481
486 484
486 490
487 79
487 103
487 374
487 384
487 390
487 436
487 443
487 449
487 456
487 466
487 468
487 472
487 481
487 482
487 489
487 491
487 493
488 101
488 232
488 284
488 316
488 381
488 398
488 436
488 443
488 449
488 468
488 482
488 485
488 493
488 495
488 496
488 497
488 498
488 499
489 38
489 125
489 143
489 145
489 401
489 433
489 445
489 456
489 468
489 472
489 473
489 474
489 480
489 481
489 487
489 490
489 491
489 498
490 56
490 138
490 173
490 420
490 455
490 462
490 464
490 465
490 466
490 467
490 474
490 476
490 478
490 484
490 486
490 489
490 493
490 498
491 90
491 239
491 261
491 387
491 401
491 433
491 436
491 445
491 456
491 465
491 468
491 469
491 472
491 480
491 481
491 487
491 489
491 493
492 36
492 176
492 332
492 422
492 480
492 483
492 494
492 496
492 497
492 498
492 499
492 500
493 2
493 4
493 41
493 78
493 190
493 240
493 377
493 419
493 436
493 443
493 449
493 456
493 473
493 481
493 482
493 487
493 488
493 490
493 491
493 495
494 51
494 64
494 73
494 193
494 243
494 350
494 421
494 483
494 492
494 496
494 497
494 498
494 499
494 500
495 104
495 258
495 289
495 328
495 334
495 349
495 436
495 443
495 446
495 449
495 451
495 478
495 481
495 482
495 485
495 488
495 493
495 496
495 498
495 499
496 5
496 180
496 317
496 333
496 365
496 392
496 442
496 483
496 485
496 488
496 492
496 494
496 495
496 497
496 498
496 499
496 500
497 200
497 241
497 286
497 305
497 311
497 345
497 427
497 471
497 483
497 485
497 488
497 492
497 494
497 496
497 498
497 499
497 500
498 32
498 59
498 190
498 402
498 436
498 450
498 457
498 465
498 482
498 483
498 485
498 488
498 489
498 490
498 492
498 494
498 495
498 496
498 497
498 499
498 500
499 122
499 142
499 170
499 175
499 314
499 370
499 407
499 409
499 428
499 482
499 483
499 485
499 488
499 492
499 494
499 495
499 496
499 497
499 498
499 500
500 6
500 82
500 383
500 406
500 422
500 483
500 492
500 494
500 496
500 497
500 498
500 499
