1 2
2 28
3 3
4 30
5 5
6 13
7 8
8 8
9 16
10 17
11 39
12 36
13 13
14 22
15 28
16 35
17 12
18 31
19 4
20 3
21 13
22 28
23 7
24 4
25 11
26 13
27 29
28 17
29 3
30 10
31 5
32 38
33 33
34 9
35 4
36 33
37 39
38 33
39 29
40 34
41 16
42 39
43 12
44 24
45 30
46 16
47 13
48 31
49 13
50 24
51 2
52 10
53 16
54 31
55 24
56 23
57 7
58 28
59 13
60 4
61 35
62 8
63 16
64 15
65 28
66 6
67 22
68 13
69 20
70 24
71 29
72 29
73 38
74 18
75 9
76 2
77 19
78 5
79 7
80 35
81 28
82 2
83 18
84 21
85 2
86 32
87 18
88 18
89 13
90 3
91 39
92 32
93 9
94 2
95 23
96 16
97 4
98 9
99 29
100 34
101 21
102 18
103 1
104 4
105 18
106 34
107 2
108 26
109 2
110 3
111 26
112 25
113 23
114 29
115 8
116 35
117 30
118 30
119 28
120 24
121 30
122 8
123 37
124 8
125 4
126 19
127 20
128 12
129 31
130 18
131 22
132 10
133 4
134 23
135 6
136 8
137 11
138 1
139 4
140 10
141 37
142 28
143 21
144 34
145 28
146 31
147 29
148 16
149 14
150 33
151 17
152 38
153 10
154 32
155 18
156 32
157 9
158 30
159 7
160 25
161 2
162 22
163 16
164 17
165 26
166 27
167 26
168 18
169 19
170 12
171 28
172 36
173 4
174 21
175 28
176 25
177 39
178 7
179 25
180 24
181 9
182 23
183 1
184 8
185 26
186 12
187 32
188 21
189 30
190 10
191 2
192 14
193 15
194 29
195 29
196 24
197 7
198 20
199 2
200 38
201 35
202 3
203 30
204 4
205 29
206 37
207 13
208 31
209 6
210 3
211 21
212 35
213 10
214 28
215 5
216 17
217 19
218 38
219 18
220 2
221 28
222 1
223 30
224 24
225 36
226 8
227 6
228 36
229 36
230 25
231 25
232 12
233 39
234 18
235 23
236 22
237 7
238 19
239 9
240 17
241 22
242 13
243 2
244 3
245 26
246 22
247 5
248 13
249 19
250 12
251 17
252 1
253 18
254 22
255 30
256 2
257 30
258 37
259 8
260 5
261 24
262 18
263 32
264 5
265 36
266 18
267 5
268 3
269 19
270 21
271 2
272 39
273 2
274 5
275 29
276 17
277 16
278 33
279 22
280 30
281 13
282 23
283 10
284 24
285 17
286 34
287 26
288 39
289 2
290 3
291 35
292 39
293 21
294 18
295 22
296 14
297 18
298 22
299 36
300 33
301 5
302 36
303 11
304 1
305 17
306 3
307 30
308 26
309 23
310 26
311 17
312 28
313 27
314 4
315 39
316 8
317 18
318 26
319 8
320 36
321 5
322 8
323 23
324 36
325 30
326 29
327 19
328 38
329 13
330 29
331 34
332 2
333 21
334 26
335 26
336 14
337 15
338 17
339 10
340 3
341 33
342 25
343 8
344 30
345 3
346 25
347 20
348 21
349 17
350 29
351 15
352 14
353 17
354 23
355 39
356 31
357 37
358 22
359 9
360 17
361 20
362 27
363 26
364 27
365 38
366 5
367 28
368 21
369 2
370 28
371 2
372 39
373 32
374 4
375 1
376 23
377 11
378 16
379 15
380 6
381 17
382 17
383 3
384 12
385 7
386 4
387 29
388 2
389 3
390 39
391 29
392 9
393 28
394 13
395 12
396 5
397 19
398 34
399 32
400 6
401 18
402 7
403 15
404 29
405 12
406 13
407 19
408 3
409 36
410 5
411 3
412 26
413 35
414 18
415 24
416 22
417 5
418 22
419 11
420 4
421 32
422 38
423 18
424 32
425 3
426 26
427 7
428 22
429 12
430 6
431 25
432 16
433 27
434 3
435 28
436 30
437 24
438 28
439 37
440 36
441 1
442 16
443 23
444 16
445 27
446 18
447 19
448 16
449 6
450 11
451 23
452 4
453 7
454 32
455 22
456 27
457 18
458 6
459 10
460 23
461 32
462 23
463 6
464 9
465 30
466 21
467 9
468 16
469 16
470 35
471 36
472 35
473 4
474 9
475 7
476 10
477 35
478 10
479 24
480 8
481 28
482 29
483 20
484 34
485 30
486 21
487 34
488 39
489 3
490 21
491 16
492 25
493 26
494 23
495 33
496 18
497 7
498 17
499 29
500 34
