1 10
2 11
3 31
4 28
5 13
6 16
7 40
8 29
9 47
10 32
11 22
12 3
13 17
14 16
15 29
16 7
17 11
18 2
19 5
20 41
21 41
22 22
23 31
24 33
25 34
26 8
27 39
28 23
29 44
30 8
31 5
32 13
33 31
34 49
35 1
36 27
37 30
38 36
39 23
40 42
41 42
42 13
43 37
44 17
45 18
46 3
47 34
48 40
49 21
50 40
51 6
52 39
53 4
54 15
55 4
56 5
57 42
58 42
59 42
60 39
61 2
62 10
63 33
64 33
65 20
66 21
67 2
68 45
69 25
70 40
71 21
72 31
73 19
74 20
75 40
76 45
77 31
78 47
79 39
80 8
81 10
82 35
83 34
84 4
85 24
86 11
87 32
88 27
89 4
90 45
91 5
92 14
93 27
94 30
95 33
96 42
97 24
98 33
99 11
100 42
101 29
102 14
103 11
104 49
105 21
106 20
107 20
108 19
109 6
110 18
111 37
112 23
113 49
114 9
115 47
116 33
117 46
118 17
119 26
120 24
121 4
122 1
123 3
124 23
125 23
126 35
127 44
128 42
129 37
130 13
131 36
132 40
133 14
134 5
135 23
136 47
137 43
138 15
139 39
140 30
141 5
142 42
143 35
144 15
145 18
146 3
147 45
148 10
149 15
150 47
151 38
152 10
153 23
154 15
155 40
156 15
157 29
158 23
159 7
160 15
161 45
162 42
163 29
164 37
165 45
166 12
167 4
168 39
169 31
170 1
171 31
172 32
173 6
174 19
175 30
176 2
177 24
178 24
179 24
180 4
181 26
182 24
183 16
184 5
185 18
186 40
187 23
188 12
189 12
190 41
191 28
192 10
193 25
194 24
195 19
196 32
197 6
198 31
199 14
200 30
201 40
202 5
203 37
204 34
205 19
206 40
207 31
208 35
209 46
210 20
211 44
212 4
213 35
214 20
215 20
216 36
217 5
218 8
219 16
220 33
221 21
222 33
223 36
224 43
225 21
226 13
227 8
228 34
229 24
230 29
231 48
232 5
233 48
234 10
235 28
236 42
237 21
238 3
239 35
240 6
241 24
242 20
243 10
244 44
245 19
246 47
247 18
248 27
249 46
250 22
251 15
252 39
253 42
254 5
255 10
256 38
257 37
258 44
259 10
260 25
261 40
262 15
263 10
264 31
265 34
266 22
267 27
268 25
269 18
270 18
271 42
272 25
273 46
274 37
275 8
276 41
277 40
278 46
279 19
280 23
281 26
282 24
283 3
284 35
285 2
286 20
287 28
288 36
289 37
290 48
291 9
292 10
293 44
294 29
295 5
296 7
297 8
298 44
299 42
300 11
301 11
302 5
303 31
304 1
305 32
306 34
307 16
308 33
309 2
310 8
311 23
312 42
313 34
314 1
315 9
316 38
317 13
318 22
319 21
320 20
321 7
322 16
323 15
324 33
325 38
326 46
327 41
328 6
329 15
330 46
331 13
332 6
333 11
334 10
335 24
336 15
337 31
338 4
339 11
340 18
341 44
342 43
343 24
344 39
345 37
346 18
347 30
348 36
349 48
350 19
351 10
352 7
353 5
354 27
355 18
356 42
357 49
358 48
359 39
360 31
361 36
362 2
363 46
364 17
365 19
366 9
367 2
368 45
369 20
370 12
371 21
372 38
373 19
374 49
375 23
376 41
377 25
378 16
379 2
380 33
381 17
382 33
383 1
384 35
385 40
386 22
387 5
388 35
389 41
390 5
391 29
392 39
393 40
394 1
395 35
396 25
397 3
398 8
399 44
400 13
401 32
402 8
403 22
404 41
405 8
406 23
407 46
408 29
409 39
410 11
411 35
412 10
413 42
414 1
415 37
416 49
417 49
418 14
419 23
420 13
421 26
422 8
423 35
424 41
425 31
426 28
427 2
428 43
429 24
430 4
431 16
432 12
433 34
434 39
435 2
436 49
437 24
438 7
439 33
440 10
441 38
442 43
443 18
444 42
445 20
446 43
447 6
448 44
449 24
450 10
451 9
452 26
453 5
454 1
455 12
456 49
457 37
458 10
459 10
460 41
461 11
462 41
463 29
464 10
465 44
466 7
467 18
468 35
469 11
470 20
471 24
472 46
473 24
474 9
475 23
476 22
477 3
478 13
479 36
480 40
481 42
482 36
483 7
484 20
485 25
486 49
487 10
488 23
489 5
490 36
491 34
492 8
493 39
494 35
495 8
496 15
497 41
498 6
499 23
500 4
