1 3
1 337
1 425
1 440
1 458
2 3
2 249
2 461
2 469
2 474
3 1
3 2
3 33
3 171
3 249
4 37
4 235
4 287
4 335
4 426
5 8
5 420
5 478
5 492
5 499
6 7
6 8
6 249
6 322
6 431
7 6
7 8
7 70
7 249
7 393
8 5
8 6
8 7
8 163
8 408
9 10
9 78
9 115
9 416
9 495
10 9
10 11
10 196
10 401
10 416
11 10
11 312
11 403
11 416
11 476
12 13
12 312
12 397
12 456
12 477
13 12
13 14
13 312
13 364
13 381
14 13
14 15
14 307
14 312
14 431
15 14
15 16
15 17
15 157
15 463
16 15
16 17
16 18
16 438
16 483
17 15
17 16
17 18
17 461
17 469
18 16
18 17
18 21
18 379
18 435
19 20
19 21
19 91
19 141
19 425
20 19
20 301
20 400
20 462
20 497
21 18
21 19
21 301
21 462
21 497
22 23
22 246
22 287
22 386
22 476
23 22
23 77
23 246
23 287
23 337
24 26
24 220
24 246
24 308
24 363
25 117
25 118
25 119
25 120
25 491
26 24
26 27
26 363
26 492
26 495
27 26
27 52
27 253
27 344
27 363
28 199
28 225
28 270
28 488
28 499
29 53
29 127
29 427
29 428
29 465
30 314
30 356
30 426
30 492
30 495
31 35
31 134
31 181
31 243
31 489
32 35
32 314
32 400
32 455
32 478
33 3
33 88
33 90
33 95
33 360
34 55
34 348
34 456
34 459
34 486
35 31
35 32
35 43
35 383
35 454
36 129
36 130
36 131
36 267
36 354
37 4
37 94
37 175
37 335
37 347
38 86
38 200
38 267
38 482
38 490
39 43
39 112
39 220
39 361
39 499
40 42
40 57
40 96
40 220
40 274
41 102
41 236
41 302
41 444
41 454
42 40
42 45
42 274
42 317
42 478
43 35
43 39
43 111
43 220
43 289
44 144
44 146
44 150
44 364
44 381
45 42
45 110
45 220
45 270
45 274
46 48
46 50
46 227
46 238
46 283
47 83
47 206
47 207
47 210
47 491
48 46
48 227
48 263
48 385
48 480
49 71
49 254
49 255
49 257
49 319
50 46
50 263
50 274
50 277
50 480
51 65
51 66
51 67
51 332
51 498
52 27
52 54
52 263
52 324
52 409
53 29
53 167
53 228
53 300
53 500
54 52
54 251
54 324
54 379
54 496
55 34
55 56
55 324
55 430
55 500
56 55
56 57
56 60
56 91
56 184
57 40
57 56
57 58
57 60
57 63
58 57
58 78
58 80
58 96
58 469
59 253
59 331
59 361
59 379
59 410
60 56
60 57
60 63
60 359
60 493
61 62
61 63
61 64
61 309
61 362
62 61
62 64
62 148
62 152
62 416
63 57
63 60
63 61
63 222
63 439
64 61
64 62
64 298
64 324
64 382
65 51
65 66
65 74
65 451
65 484
66 51
66 65
66 67
66 105
66 221
67 51
67 66
67 68
67 176
67 427
68 67
68 69
68 71
68 147
68 368
69 68
69 71
69 325
69 396
69 485
70 7
70 172
70 173
70 177
70 480
71 49
71 68
71 69
71 237
71 325
72 73
72 77
72 305
72 325
72 337
73 72
73 74
73 108
73 205
73 305
74 65
74 73
74 75
74 76
74 484
75 74
75 76
75 186
75 305
75 393
76 74
76 75
76 79
76 165
76 368
77 23
77 72
77 138
77 140
77 283
78 9
78 58
78 79
78 80
78 115
79 76
79 78
79 80
79 168
79 493
80 58
80 78
80 79
80 402
80 492
81 84
81 148
81 192
81 350
81 409
82 83
82 85
82 126
82 284
82 416
83 47
83 82
83 84
83 85
83 491
84 81
84 83
84 85
84 121
84 500
85 82
85 83
85 84
85 194
85 473
86 38
86 200
86 267
86 301
86 461
87 93
87 172
87 196
87 335
87 401
88 33
88 90
88 200
88 267
88 354
89 215
89 266
89 323
89 430
89 500
90 33
90 88
90 94
90 165
90 368
91 19
91 56
91 96
91 373
91 406
92 102
92 152
92 153
92 154
92 418
93 87
93 114
93 248
93 267
94 37
94 90
94 95
94 96
94 347
95 33
95 94
95 96
95 116
95 382
96 40
96 58
96 91
96 94
96 95
97 98
97 120
97 179
97 377
97 421
98 97
98 289
98 382
98 439
98 495
99 289
99 333
99 341
99 469
99 496
100 103
100 104
100 128
100 142
100 341
101 111
101 113
101 116
101 294
101 391
102 41
102 92
102 139
102 140
102 418
103 100
103 104
103 461
103 469
103 497
104 100
104 103
104 105
104 456
104 486
105 66
105 104
105 225
105 413
105 493
106 188
106 195
106 197
106 470
106 484
107 108
107 109
107 110
107 470
107 484
108 73
108 107
108 109
108 110
108 205
109 107
109 108
109 110
109 240
109 498
110 45
110 107
110 108
110 109
110 340
111 43
111 101
111 116
111 129
111 381
112 39
112 199
112 226
112 316
112 499
113 101
113 115
113 368
113 456
113 486
114 93
114 339
114 366
114 451
114 474
115 9
115 78
115 113
115 368
115 375
116 95
116 101
116 111
116 368
116 439
117 25
117 118
117 120
117 330
117 407
118 25
118 117
118 364
118 368
118 381
119 25
119 121
119 122
119 281
119 452
120 25
120 97
120 117
120 182
120 448
121 84
121 119
121 122
121 124
121 500
122 119
122 121
122 124
122 383
122 454
123 146
123 229
123 233
123 234
123 477
124 121
124 122
124 158
124 357
124 499
125 126
125 127
125 475
125 483
125 499
126 82
126 125
126 127
126 128
126 143
127 29
127 125
127 126
127 128
127 465
128 100
128 126
128 127
128 271
128 362
129 36
129 111
129 130
129 289
129 394
130 36
130 129
130 131
130 420
130 478
131 36
131 130
131 133
131 482
131 490
132 138
132 201
132 222
132 295
132 480
133 131
133 134
133 199
133 418
133 423
134 31
134 133
134 135
134 136
134 489
135 134
135 136
135 137
135 153
135 375
136 134
136 135
136 137
136 150
136 246
137 135
137 136
137 222
137 428
137 446
138 77
138 132
138 283
138 336
138 496
139 102
139 252
139 283
139 302
139 434
140 77
140 102
140 200
140 302
140 347
141 19
141 184
141 273
141 307
141 490
142 100
142 273
142 307
142 356
142 385
143 126
143 144
143 273
143 385
143 423
144 44
144 143
144 329
144 404
144 496
145 146
145 149
145 150
145 247
145 443
146 44
146 123
146 145
146 337
146 477
147 68
147 149
147 151
147 161
147 397
148 62
148 81
148 171
148 194
148 231
149 145
149 147
149 151
149 336
149 496
150 44
150 136
150 145
150 151
150 246
151 147
151 149
151 150
151 256
151 441
152 62
152 92
152 153
152 243
152 408
153 92
153 135
153 152
153 385
153 419
154 92
154 184
154 336
154 490
154 496
155 156
155 184
155 206
155 261
155 461
156 155
156 157
156 160
156 310
156 496
157 15
157 156
157 158
157 310
157 463
158 124
158 157
158 159
158 310
158 499
159 158
159 161
159 365
159 438
159 483
160 156
160 161
160 163
160 351
160 496
161 147
161 159
161 160
161 163
161 368
162 166
162 356
162 425
162 466
162 481
163 8
163 160
163 161
163 166
163 391
164 165
164 203
164 399
164 432
164 437
164 457
165 76
165 90
165 164
165 168
165 399
165 432
166 162
166 163
166 177
166 188
166 432
166 455
167 53
167 212
167 348
167 373
167 409
167 484
168 79
168 165
168 170
168 174
168 412
168 493
169 171
169 172
169 173
169 178
169 198
169 360
170 168
170 174
170 383
170 432
170 454
170 496
171 3
171 148
171 169
171 194
171 198
171 264
172 70
172 87
172 169
172 178
172 305
172 401
173 70
173 169
173 178
173 332
173 447
173 498
174 168
174 170
174 179
174 245
174 279
174 412
175 37
175 200
175 259
175 264
175 268
175 441
176 67
176 179
176 182
176 185
176 285
176 412
177 70
177 166
177 178
177 229
177 344
177 449
178 169
178 172
178 173
178 177
178 282
178 449
179 97
179 174
179 176
179 182
179 399
179 412
180 269
180 362
180 374
180 380
180 459
180 500
181 31
181 243
181 281
181 314
181 345
181 452
182 120
182 176
182 179
182 185
182 189
182 412
183 201
183 203
183 206
183 207
183 307
183 431
184 56
184 141
184 154
184 155
184 310
184 409
185 176
185 182
185 189
185 355
185 437
185 467
186 75
186 187
186 206
186 261
186 285
186 354
187 186
187 197
187 280
187 429
187 488
187 499
188 106
188 166
188 195
188 198
188 370
188 455
189 182
189 185
189 191
189 432
189 435
189 455
190 426
190 435
190 448
190 460
190 493
190 497
191 189
191 192
191 204
191 287
191 426
191 435
192 81
192 191
192 204
192 243
192 426
192 435
193 272
193 277
193 352
193 369
193 382
193 485
194 85
194 148
194 171
194 343
194 471
194 473
195 106
195 188
195 198
195 350
195 365
195 373
196 10
196 87
196 202
196 231
196 296
196 339
197 106
197 187
197 198
197 328
197 447
197 498
198 169
198 171
198 188
198 195
198 197
198 360
199 28
199 112
199 133
199 224
199 270
199 418
200 38
200 86
200 88
200 140
200 175
200 497
201 132
201 183
201 261
201 385
201 464
201 479
202 196
202 205
202 217
202 296
202 339
202 390
203 164
203 183
203 257
203 330
203 412
203 457
204 191
204 192
204 426
204 433
204 489
204 491
205 73
205 108
205 202
205 435
205 480
205 498
206 47
206 155
206 183
206 186
206 385
206 468
207 47
207 183
207 264
207 303
207 425
207 489
208 209
208 211
208 395
208 424
208 426
208 494
209 208
209 211
209 212
209 363
209 426
209 472
210 47
210 215
210 221
210 403
210 470
210 484
211 208
211 209
211 212
211 244
211 448
211 451
212 167
212 209
212 211
212 214
212 338
212 451
213 214
213 217
213 239
213 451
213 468
213 491
214 212
214 213
214 217
214 451
214 470
214 484
215 89
215 210
215 225
215 266
215 369
215 445
216 342
216 360
216 364
216 366
216 482
216 490
217 202
217 213
217 214
217 223
217 390
217 451
218 250
218 251
218 252
218 259
218 492
218 495
219 223
219 232
219 235
219 307
219 322
219 493
220 24
220 39
220 40
220 43
220 45
220 380
221 66
221 210
221 225
221 266
221 323
221 371
222 63
222 132
222 137
222 295
222 422
222 439
223 217
223 219
223 232
223 433
223 482
223 490
224 199
224 226
224 300
224 316
224 428
224 446
225 28
225 105
225 215
225 221
225 270
225 371
226 112
226 224
226 316
226 331
226 420
226 478
227 46
227 48
227 263
227 324
227 492
227 495
228 53
228 229
228 265
228 297
228 433
228 491
229 123
229 177
229 228
229 233
229 335
229 437
230 265
230 292
230 326
230 327
230 408
230 463
231 148
231 196
231 233
231 290
231 349
231 358
232 219
232 223
232 235
232 238
232 453
232 489
233 123
233 229
233 231
233 297
233 349
233 358
234 123
234 236
234 239
234 351
234 412
234 440
235 4
235 219
235 232
235 238
235 426
235 447
236 41
236 234
236 239
236 242
236 413
236 444
237 71
237 269
237 319
237 375
237 377
237 389
238 46
238 232
238 235
238 241
238 244
238 397
239 213
239 234
239 236
239 242
239 468
239 494
240 109
240 241
240 244
240 415
240 461
240 498
241 238
241 240
241 244
241 415
241 429
241 449
242 236
242 239
242 286
242 400
242 445
242 470
243 31
243 152
243 181
243 192
243 253
243 314
244 211
244 238
244 240
244 241
244 293
244 415
245 174
245 247
245 279
245 373
245 422
245 441
246 22
246 23
246 24
246 136
246 150
246 287
247 145
247 245
247 248
247 340
247 443
247 451
248 93
248 247
248 254
248 255
248 354
249 2
249 3
249 6
249 7
249 326
249 407
250 218
250 251
250 252
250 403
250 415
250 476
251 54
251 218
251 250
251 252
251 486
251 496
252 139
252 218
252 250
252 251
252 259
252 434
253 27
253 59
253 243
253 363
253 464
253 481
254 49
254 248
254 255
254 295
254 387
254 453
255 49
255 248
255 254
255 412
255 464
255 487
256 151
256 288
256 293
256 294
256 367
256 441
257 49
257 203
257 258
257 345
257 415
257 478
258 257
258 260
258 293
258 341
258 385
258 448
259 175
259 218
259 252
259 264
259 450
259 487
260 258
260 261
260 281
260 377
260 396
260 485
261 155
261 186
261 201
261 260
261 281
261 322
262 323
262 330
262 336
262 391
262 403
262 428
263 48
263 50
263 52
263 227
263 292
263 334
264 171
264 175
264 207
264 259
264 268
264 303
264 441
265 228
265 230
265 292
265 306
265 313
265 326
265 327
266 89
266 215
266 221
266 323
266 386
266 403
266 476
267 36
267 38
267 86
267 88
267 93
267 466
267 468
268 175
268 264
268 343
268 377
268 396
268 441
268 485
269 180
269 237
269 346
269 357
269 422
269 442
269 443
270 28
270 45
270 199
270 225
270 323
270 340
270 467
271 128
271 275
271 276
271 312
271 343
271 455
271 481
272 193
272 280
272 291
272 308
272 311
272 450
272 485
273 141
273 142
273 143
273 278
273 363
273 385
273 472
274 40
274 42
274 45
274 50
274 345
274 415
274 457
275 271
275 276
275 279
275 343
275 398
275 422
275 492
276 271
276 275
276 279
276 343
276 460
276 462
276 497
277 50
277 193
277 336
277 352
277 396
277 428
277 480
278 273
278 300
278 353
278 373
278 406
278 472
278 475
279 174
279 245
279 275
279 276
279 284
279 365
279 441
280 187
280 272
280 291
280 308
280 319
280 450
280 475
281 119
281 181
281 260
281 261
281 322
281 421
281 452
282 178
282 284
282 288
282 335
282 367
282 393
282 429
283 46
283 77
283 138
283 139
283 295
283 397
283 477
284 82
284 279
284 282
284 288
284 367
284 411
284 423
285 176
285 186
285 309
285 330
285 351
285 354
285 365
286 242
286 330
286 351
286 369
286 391
286 403
286 445
287 4
287 22
287 23
287 191
287 246
287 344
287 426
288 256
288 282
288 284
288 367
288 479
288 482
288 490
289 43
289 98
289 99
289 129
289 341
289 440
289 457
290 231
290 309
290 313
290 315
290 317
290 349
290 358
291 272
291 280
291 308
291 311
291 319
291 451
291 474
292 230
292 263
292 265
292 334
292 370
292 380
292 487
293 244
293 256
293 258
293 294
293 299
293 367
293 465
294 101
294 256
294 293
294 299
294 384
294 391
294 463
295 132
295 222
295 254
295 283
295 302
295 453
295 499
296 196
296 202
296 336
296 352
296 430
296 466
296 483
297 228
297 233
297 300
297 398
297 422
297 467
297 495
298 64
298 341
298 348
298 379
298 399
298 409
298 410
299 293
299 294
299 306
299 312
299 384
299 413
299 481
300 53
300 224
300 278
300 297
300 333
300 339
300 410
301 20
301 21
301 86
301 339
301 344
301 395
301 469
302 41
302 139
302 140
302 295
302 307
302 453
302 489
303 207
303 264
303 304
303 313
303 384
303 388
303 425
304 303
304 306
304 313
304 314
304 384
304 394
304 454
305 72
305 73
305 75
305 172
305 316
305 401
305 473
306 265
306 299
306 304
306 309
306 384
306 433
306 491
307 14
307 141
307 142
307 183
307 219
307 302
307 459
308 24
308 272
308 280
308 291
308 311
308 319
308 380
309 61
309 285
309 290
309 306
309 313
309 315
309 362
310 156
310 157
310 158
310 184
310 402
310 492
310 495
311 272
311 291
311 308
311 319
311 406
311 419
311 450
312 11
312 12
312 13
312 14
312 271
312 299
312 413
313 265
313 290
313 303
313 304
313 309
313 433
313 491
314 30
314 32
314 181
314 243
314 304
314 394
314 414
315 290
315 309
315 318
315 366
315 402
315 451
315 474
316 112
316 224
316 226
316 305
316 325
316 372
316 441
317 42
317 290
317 318
317 331
317 332
317 472
317 478
318 315
318 317
318 332
318 430
318 476
319 49
319 237
319 280
319 291
319 308
319 311
319 321
320 332
320 369
320 370
320 380
320 439
320 445
320 470
321 319
321 329
321 333
321 338
321 438
321 450
321 483
322 6
322 219
322 261
322 281
322 378
322 396
322 431
323 89
323 221
323 262
323 266
323 270
323 329
323 336
324 52
324 54
324 55
324 64
324 227
324 380
324 382
325 69
325 71
325 72
325 316
325 372
325 389
325 441
326 230
326 249
326 265
326 327
326 330
326 380
326 472
327 230
327 265
327 326
327 340
327 424
327 462
327 497
328 197
328 340
328 342
328 360
328 390
328 447
328 498
329 144
329 321
329 323
329 333
329 338
329 436
329 486
330 117
330 203
330 262
330 285
330 286
330 326
330 363
330 403
331 59
331 226
331 317
331 344
331 350
331 356
331 361
331 400
332 51
332 173
332 317
332 318
332 320
332 370
332 430
332 498
333 99
333 300
333 321
333 329
333 338
333 410
333 436
333 475
334 263
334 292
334 347
334 349
334 358
334 405
334 482
334 487
335 4
335 37
335 87
335 229
335 282
335 429
335 469
335 471
336 138
336 149
336 154
336 262
336 277
336 296
336 323
336 339
337 1
337 23
337 72
337 146
337 345
337 372
337 400
337 425
338 212
338 321
338 329
338 333
338 346
338 430
338 436
338 500
339 114
339 196
339 202
339 300
339 301
339 336
339 410
339 469
340 110
340 247
340 270
340 327
340 328
340 342
340 360
340 467
341 99
341 100
341 258
341 289
341 298
341 399
341 448
341 452
342 216
342 328
342 340
342 360
342 428
342 442
342 446
343 194
343 268
343 271
343 275
343 276
343 437
343 441
343 471
344 27
344 177
344 287
344 301
344 331
344 392
344 437
344 493
345 181
345 257
345 274
345 337
345 350
345 372
345 400
345 415
346 269
346 338
346 349
346 436
346 443
346 467
346 482
346 485
347 37
347 94
347 140
347 334
347 358
347 359
347 466
347 482
348 34
348 167
348 298
348 379
348 409
348 479
348 482
349 231
349 233
349 290
349 334
349 346
349 405
349 436
349 482
350 81
350 195
350 331
350 345
350 356
350 361
350 365
350 373
351 160
351 234
351 285
351 286
351 354
351 365
351 450
351 464
352 193
352 277
352 296
352 396
352 442
352 466
352 483
353 278
353 373
353 381
353 387
353 389
353 406
353 453
353 489
354 36
354 88
354 186
354 248
354 285
354 351
354 365
354 391
355 185
355 371
355 387
355 407
355 467
355 471
355 479
355 484
356 30
356 142
356 162
356 331
356 350
356 361
356 410
356 481
357 124
357 269
357 362
357 375
357 422
357 436
357 456
357 486
358 231
358 233
358 290
358 334
358 347
358 359
358 378
358 466
359 60
359 347
359 358
359 378
359 405
359 434
359 466
359 493
360 33
360 169
360 198
360 216
360 328
360 340
360 342
360 425
361 39
361 59
361 331
361 350
361 356
361 479
361 482
361 490
362 61
362 128
362 180
362 309
362 357
362 422
362 435
362 459
363 24
363 26
363 27
363 209
363 253
363 273
363 330
363 472
364 13
364 44
364 118
364 216
364 366
364 369
364 381
364 382
365 159
365 195
365 279
365 285
365 350
365 351
365 354
365 408
366 114
366 216
366 315
366 364
366 369
366 382
366 451
366 474
367 256
367 282
367 284
367 288
367 293
367 379
367 427
367 435
368 68
368 76
368 90
368 113
368 115
368 116
368 118
368 161
369 193
369 215
369 286
369 320
369 364
369 366
369 382
369 484
370 188
370 292
370 320
370 332
370 380
370 430
370 432
370 455
371 221
371 225
371 355
371 387
371 407
371 414
371 479
371 484
372 316
372 325
372 337
372 345
372 400
372 425
372 441
372 482
373 91
373 167
373 195
373 245
373 278
373 350
373 353
373 409
374 180
374 397
374 416
374 417
374 429
374 436
374 459
374 486
375 115
375 135
375 237
375 357
375 377
375 389
375 475
375 488
376 393
376 404
376 423
376 424
376 448
376 455
376 477
376 497
377 97
377 237
377 260
377 268
377 375
377 389
377 406
377 485
378 322
378 358
378 359
378 383
378 386
378 466
379 18
379 54
379 59
379 298
379 348
379 367
379 410
379 427
379 435
380 180
380 220
380 292
380 308
380 320
380 324
380 326
380 370
380 430
381 13
381 44
381 111
381 118
381 353
381 364
381 406
381 447
381 482
382 64
382 95
382 98
382 193
382 324
382 364
382 366
382 369
382 439
383 35
383 122
383 170
383 378
383 386
383 392
383 401
383 414
383 487
384 294
384 299
384 303
384 304
384 306
384 388
384 411
384 468
384 494
385 48
385 142
385 143
385 153
385 201
385 206
385 258
385 273
385 467
386 22
386 266
386 378
386 383
386 392
386 401
386 403
386 411
386 476
387 254
387 353
387 355
387 371
387 407
387 414
387 479
387 484
387 489
388 303
388 384
388 390
388 402
388 411
388 423
388 439
388 440
388 442
389 237
389 325
389 353
389 375
389 377
389 424
389 460
389 462
389 498
390 202
390 217
390 328
390 388
390 402
390 439
390 440
390 442
390 489
391 101
391 163
391 262
391 286
391 294
391 354
391 396
391 408
391 428
392 344
392 383
392 386
392 401
392 409
392 411
392 434
392 493
392 500
393 7
393 75
393 282
393 376
393 423
393 450
393 455
393 460
393 480
394 129
394 304
394 314
394 395
394 404
394 413
394 414
394 421
394 427
395 208
395 301
395 394
395 413
395 421
395 442
395 468
395 472
395 494
396 69
396 260
396 268
396 277
396 322
396 352
396 391
396 428
396 485
397 12
397 147
397 238
397 283
397 374
397 408
397 429
397 459
397 477
398 275
398 297
398 399
398 405
398 422
398 424
398 431
398 448
398 461
399 164
399 165
399 179
399 298
399 341
399 398
399 432
399 437
399 465
400 20
400 32
400 242
400 331
400 337
400 345
400 372
400 420
400 425
401 10
401 87
401 172
401 305
401 383
401 386
401 392
401 411
401 427
402 80
402 310
402 315
402 388
402 390
402 422
402 439
402 440
402 442
403 11
403 210
403 250
403 262
403 266
403 286
403 330
403 386
403 497
404 144
404 376
404 394
404 411
404 413
404 421
404 424
404 427
404 497
405 334
405 349
405 359
405 398
405 436
405 482
405 491
405 492
405 495
406 91
406 278
406 311
406 353
406 377
406 381
406 475
406 488
406 499
407 117
407 249
407 355
407 371
407 387
407 414
407 417
407 472
407 484
408 8
408 152
408 230
408 365
408 391
408 397
408 429
408 448
408 463
409 52
409 81
409 167
409 184
409 298
409 348
409 373
409 392
409 493
410 59
410 298
410 300
410 333
410 339
410 356
410 379
410 415
410 461
411 284
411 384
411 386
411 388
411 392
411 401
411 404
411 427
411 494
412 168
412 174
412 176
412 179
412 182
412 203
412 234
412 255
412 458
412 459
413 105
413 236
413 299
413 312
413 394
413 395
413 404
413 421
413 444
413 482
414 314
414 371
414 383
414 387
414 394
414 407
414 417
414 418
414 419
414 454
415 240
415 241
415 244
415 250
415 257
415 274
415 345
415 410
415 457
415 470
416 9
416 10
416 11
416 62
416 82
416 374
416 417
416 436
416 489
417 374
417 407
417 414
417 416
417 418
417 419
417 420
417 436
417 438
418 92
418 102
418 133
418 199
418 414
418 417
418 419
418 420
418 438
418 484
419 153
419 311
419 414
419 417
419 418
419 420
419 438
419 470
419 475
419 488
420 5
420 130
420 226
420 400
420 417
420 418
420 419
420 438
420 467
420 470
421 97
421 281
421 394
421 395
421 404
421 413
421 427
421 452
422 222
422 245
422 269
422 275
422 297
422 357
422 362
422 398
422 402
422 429
423 133
423 143
423 284
423 376
423 388
423 393
423 440
423 448
423 455
423 494
424 208
424 327
424 376
424 389
424 398
424 404
424 431
424 448
424 455
424 461
425 1
425 19
425 162
425 207
425 303
425 337
425 360
425 372
425 400
425 461
426 4
426 30
426 190
426 191
426 192
426 204
426 208
426 209
426 235
426 287
427 29
427 67
427 367
427 379
427 394
427 401
427 404
427 411
427 421
427 435
428 29
428 137
428 224
428 262
428 277
428 342
428 391
428 396
428 442
428 446
429 187
429 241
429 282
429 335
429 374
429 397
429 408
429 422
429 459
429 473
430 55
430 89
430 296
430 318
430 332
430 338
430 370
430 380
430 452
430 500
431 6
431 14
431 183
431 322
431 398
431 424
431 432
431 435
431 461
431 490
432 164
432 165
432 166
432 170
432 189
432 370
432 399
432 431
432 437
432 455
433 204
433 223
433 228
433 306
433 313
433 434
433 445
433 447
433 452
433 472
433 473
434 139
434 252
434 359
434 392
434 433
434 445
434 447
434 450
434 472
434 473
434 493
435 18
435 189
435 190
435 191
435 192
435 205
435 362
435 367
435 379
435 427
435 431
436 329
436 333
436 338
436 346
436 349
436 357
436 374
436 405
436 416
436 417
436 486
437 164
437 185
437 229
437 343
437 344
437 399
437 432
437 445
437 471
437 473
437 480
438 16
438 159
438 321
438 417
438 418
438 419
438 420
438 466
438 467
438 470
438 483
439 63
439 98
439 116
439 222
439 320
439 382
439 388
439 390
439 402
439 440
439 442
440 1
440 234
440 289
440 388
440 390
440 402
440 423
440 439
440 459
440 461
440 487
441 151
441 175
441 245
441 256
441 264
441 268
441 279
441 316
441 325
441 343
441 372
442 269
442 342
442 352
442 388
442 390
442 395
442 402
442 428
442 439
442 446
443 145
443 247
443 269
443 346
443 444
443 446
443 449
443 453
443 481
443 486
443 493
444 41
444 236
444 413
444 443
444 446
444 449
444 453
444 474
444 481
444 486
444 493
445 215
445 242
445 286
445 320
445 433
445 434
445 437
445 447
445 452
445 472
445 473
446 137
446 224
446 342
446 428
446 442
446 443
446 444
446 449
446 453
446 457
446 481
446 486
447 173
447 197
447 235
447 328
447 381
447 433
447 434
447 445
447 471
447 472
447 473
447 498
448 120
448 190
448 211
448 258
448 341
448 376
448 398
448 408
448 423
448 424
448 461
448 465
449 177
449 178
449 241
449 443
449 444
449 446
449 453
449 457
449 462
449 471
449 473
449 486
450 259
450 272
450 280
450 311
450 321
450 351
450 393
450 434
450 458
450 459
450 472
450 473
451 65
451 114
451 211
451 212
451 213
451 214
451 217
451 247
451 291
451 315
451 366
451 474
452 119
452 181
452 281
452 341
452 421
452 430
452 433
452 445
452 456
452 464
452 469
452 496
453 232
453 254
453 295
453 302
453 353
453 443
453 444
453 446
453 449
453 457
453 462
453 486
454 35
454 41
454 122
454 170
454 304
454 414
454 456
454 464
454 467
454 468
454 469
454 470
455 32
455 166
455 188
455 189
455 271
455 370
455 376
455 393
455 423
455 424
455 432
455 490
456 12
456 34
456 104
456 113
456 357
456 452
456 454
456 464
456 467
456 468
456 469
456 486
457 164
457 203
457 274
457 289
457 415
457 446
457 449
457 453
457 462
457 478
457 480
457 489
458 1
458 412
458 450
458 463
458 464
458 465
458 474
458 476
458 483
458 485
458 491
458 496
459 34
459 180
459 307
459 362
459 374
459 397
459 412
459 429
459 440
459 450
459 464
459 487
460 190
460 276
460 389
460 393
460 462
460 471
460 475
460 478
460 479
460 480
460 489
460 490
460 497
461 2
461 17
461 86
461 103
461 155
461 240
461 398
461 410
461 424
461 425
461 431
461 440
461 448
462 20
462 21
462 276
462 327
462 389
462 449
462 453
462 457
462 460
462 478
462 480
462 489
462 490
463 15
463 157
463 230
463 294
463 408
463 458
463 465
463 474
463 481
463 483
463 485
463 493
463 496
464 201
464 253
464 255
464 351
464 452
464 454
464 456
464 458
464 459
464 468
464 469
464 470
464 487
465 29
465 127
465 293
465 399
465 448
465 458
465 463
465 474
465 476
465 481
465 483
465 493
465 496
466 162
466 267
466 296
466 347
466 352
466 358
466 359
466 378
466 438
466 473
466 482
466 483
467 185
467 270
467 297
467 340
467 346
467 355
467 385
467 420
467 438
467 454
467 456
467 468
467 470
468 206
468 213
468 239
468 267
468 384
468 395
468 454
468 456
468 464
468 467
468 469
468 470
468 494
469 2
469 17
469 58
469 99
469 103
469 301
469 335
469 339
469 452
469 454
469 456
469 464
469 468
469 479
470 106
470 107
470 210
470 214
470 242
470 320
470 415
470 419
470 420
470 438
470 454
470 464
470 467
470 468
471 194
471 335
471 343
471 355
471 437
471 447
471 449
471 460
471 473
471 475
471 478
471 479
471 484
471 490
472 209
472 273
472 278
472 317
472 326
472 363
472 395
472 407
472 433
472 434
472 445
472 447
472 450
472 473
473 85
473 194
473 305
473 429
473 433
473 434
473 437
473 445
473 447
473 449
473 450
473 466
473 471
473 472
474 2
474 114
474 291
474 315
474 366
474 444
474 451
474 458
474 463
474 465
474 481
474 483
474 493
474 496
475 125
475 278
475 280
475 333
475 375
475 406
475 419
475 460
475 471
475 478
475 479
475 480
475 488
475 489
475 490
476 11
476 22
476 250
476 266
476 318
476 386
476 458
476 465
476 477
476 485
476 487
476 491
476 492
476 496
476 497
477 12
477 123
477 146
477 283
477 376
477 397
477 476
477 485
477 487
477 488
477 491
477 492
477 495
477 497
477 498
478 5
478 32
478 42
478 130
478 226
478 257
478 317
478 457
478 460
478 462
478 471
478 475
478 480
478 489
478 490
479 201
479 288
479 348
479 355
479 361
479 371
479 387
479 460
479 469
479 471
479 475
479 484
480 48
480 50
480 70
480 132
480 205
480 277
480 393
480 437
480 457
480 460
480 462
480 475
480 478
480 489
480 490
481 162
481 253
481 271
481 299
481 356
481 443
481 444
481 446
481 463
481 465
481 474
481 483
481 484
481 486
481 493
482 38
482 131
482 216
482 223
482 288
482 334
482 346
482 347
482 348
482 349
482 361
482 372
482 381
482 405
482 413
482 466
483 16
483 125
483 159
483 296
483 321
483 352
483 438
483 458
483 463
483 465
483 466
483 474
483 481
483 485
483 493
483 496
484 65
484 74
484 106
484 107
484 167
484 210
484 214
484 355
484 369
484 371
484 387
484 407
484 418
484 471
484 479
484 481
485 69
485 193
485 260
485 268
485 272
485 346
485 377
485 396
485 458
485 463
485 476
485 477
485 483
485 487
485 491
485 496
485 497
486 34
486 104
486 113
486 251
486 329
486 357
486 374
486 436
486 443
486 444
486 446
486 449
486 453
486 456
486 481
486 488
486 493
487 255
487 259
487 292
487 334
487 383
487 440
487 459
487 464
487 476
487 477
487 485
487 488
487 491
487 492
487 496
487 497
487 498
488 28
488 187
488 375
488 406
488 419
488 475
488 477
488 486
488 487
488 491
488 492
488 494
488 495
488 497
488 498
488 500
489 31
489 134
489 204
489 207
489 232
489 302
489 353
489 387
489 390
489 416
489 457
489 460
489 462
489 475
489 478
489 480
489 490
490 38
490 131
490 141
490 154
490 216
490 223
490 288
490 361
490 431
490 455
490 460
490 462
490 471
490 475
490 478
490 480
490 489
491 25
491 47
491 83
491 204
491 213
491 228
491 306
491 313
491 405
491 458
491 476
491 477
491 485
491 487
491 488
491 492
491 496
491 497
492 5
492 26
492 30
492 80
492 218
492 227
492 275
492 310
492 405
492 476
492 477
492 487
492 488
492 491
492 497
492 498
492 499
492 500
493 60
493 79
493 105
493 168
493 190
493 219
493 344
493 359
493 392
493 409
493 434
493 443
493 444
493 463
493 465
493 474
493 481
493 483
493 486
494 208
494 239
494 384
494 395
494 411
494 423
494 468
494 488
494 495
494 498
494 499
494 500
495 9
495 26
495 30
495 98
495 218
495 227
495 297
495 310
495 405
495 477
495 488
495 494
495 497
495 498
495 499
495 500
496 54
496 99
496 138
496 144
496 149
496 154
496 156
496 160
496 170
496 251
496 452
496 458
496 463
496 465
496 474
496 476
496 483
496 485
496 487
496 491
497 20
497 21
497 103
497 190
497 200
497 276
497 327
497 376
497 403
497 404
497 460
497 476
497 477
497 485
497 487
497 488
497 491
497 492
497 495
497 498
498 51
498 109
498 173
498 197
498 205
498 240
498 328
498 332
498 389
498 447
498 477
498 487
498 488
498 492
498 494
498 495
498 497
498 499
498 500
499 5
499 28
499 39
499 112
499 124
499 125
499 158
499 187
499 295
499 406
499 492
499 494
499 495
499 498
499 500
500 53
500 55
500 84
500 89
500 121
500 180
500 338
500 392
500 430
500 488
500 492
500 494
500 495
500 498
500 499
