1 45
2 13
3 24
4 20
5 31
6 39
7 22
8 13
9 26
10 31
11 43
12 2
13 39
14 21
15 47
16 37
17 24
18 35
19 1
20 41
21 41
22 4
23 43
24 23
25 41
26 25
27 18
28 17
29 41
30 41
31 7
32 4
33 23
34 8
35 17
36 28
37 1
38 5
39 28
40 36
41 43
42 43
43 6
44 30
45 33
46 2
47 18
48 27
49 8
50 32
51 48
52 34
53 13
54 45
55 1
56 24
57 45
58 24
59 35
60 1
61 23
62 28
63 42
64 28
65 17
66 48
67 15
68 10
69 48
70 7
71 22
72 46
73 38
74 24
75 46
76 8
77 35
78 33
79 2
80 22
81 25
82 26
83 9
84 4
85 4
86 47
87 41
88 40
89 28
90 48
91 14
92 1
93 35
94 4
95 13
96 15
97 36
98 24
99 26
100 10
101 24
102 39
103 31
104 48
105 12
106 46
107 27
108 8
109 47
110 36
111 45
112 30
113 48
114 38
115 27
116 2
117 15
118 7
119 27
120 29
121 13
122 31
123 40
124 45
125 15
126 40
127 31
128 33
129 5
130 17
131 34
132 32
133 44
134 10
135 34
136 20
137 4
138 2
139 23
140 47
141 46
142 41
143 4
144 31
145 28
146 9
147 13
148 28
149 44
150 41
151 40
152 14
153 36
154 48
155 23
156 20
157 41
158 29
159 40
160 1
161 18
162 25
163 13
164 42
165 12
166 48
167 7
168 16
169 15
170 46
171 35
172 28
173 2
174 28
175 5
176 28
177 31
178 42
179 40
180 45
181 36
182 27
183 37
184 28
185 8
186 16
187 21
188 7
189 24
190 6
191 47
192 48
193 28
194 22
195 10
196 24
197 15
198 4
199 45
200 45
201 4
202 8
203 24
204 46
205 27
206 8
207 45
208 21
209 45
210 40
211 43
212 35
213 26
214 41
215 45
216 4
217 11
218 6
219 27
220 24
221 22
222 37
223 29
224 22
225 1
226 36
227 34
228 4
229 48
230 26
231 47
232 31
233 7
234 3
235 28
236 31
237 46
238 5
239 43
240 15
241 2
242 24
243 11
244 15
245 28
246 1
247 18
248 30
249 19
250 24
251 41
252 15
253 30
254 27
255 1
256 1
257 48
258 6
259 18
260 24
261 25
262 1
263 23
264 36
265 31
266 15
267 40
268 35
269 41
270 1
271 33
272 6
273 26
274 45
275 34
276 1
277 30
278 45
279 31
280 28
281 35
282 45
283 29
284 40
285 19
286 4
287 9
288 11
289 20
290 22
291 14
292 9
293 3
294 5
295 32
296 40
297 46
298 4
299 31
300 29
301 46
302 45
303 17
304 7
305 5
306 1
307 48
308 34
309 3
310 24
311 41
312 26
313 40
314 35
315 13
316 4
317 14
318 4
319 31
320 20
321 31
322 15
323 16
324 36
325 30
326 28
327 40
328 43
329 4
330 30
331 19
332 48
333 4
334 16
335 35
336 38
337 9
338 44
339 13
340 48
341 36
342 31
343 9
344 30
345 41
346 43
347 37
348 39
349 18
350 20
351 28
352 1
353 38
354 44
355 27
356 19
357 8
358 38
359 24
360 31
361 15
362 35
363 12
364 35
365 24
366 15
367 16
368 6
369 1
370 35
371 26
372 29
373 48
374 48
375 37
376 27
377 19
378 48
379 37
380 42
381 23
382 36
383 12
384 11
385 36
386 18
387 1
388 34
389 31
390 31
391 26
392 35
393 28
394 1
395 32
396 24
397 34
398 38
399 12
400 26
401 2
402 4
403 37
404 31
405 24
406 4
407 32
408 21
409 28
410 48
411 41
412 28
413 41
414 45
415 18
416 11
417 15
418 23
419 44
420 45
421 42
422 34
423 27
424 33
425 28
426 29
427 40
428 3
429 9
430 2
431 28
432 18
433 24
434 21
435 23
436 26
437 42
438 22
439 48
440 26
441 6
442 26
443 2
444 15
445 14
446 41
447 1
448 1
449 8
450 14
451 7
452 4
453 27
454 24
455 41
456 37
457 25
458 43
459 26
460 18
461 10
462 13
463 32
464 40
465 8
466 35
467 24
468 24
469 4
470 45
471 31
472 35
473 16
474 4
475 31
476 10
477 41
478 45
479 17
480 1
481 16
482 9
483 40
484 1
485 13
486 47
487 40
488 41
489 1
490 1
491 29
492 39
493 27
494 23
495 37
496 11
497 3
498 13
499 20
500 2
