1 2
1 3
1 5
1 42
1 438
2 1
2 5
2 85
2 376
2 491
3 1
3 85
3 376
3 377
3 438
4 216
4 275
4 278
4 290
4 336
5 1
5 2
5 18
5 376
5 397
6 23
6 40
6 271
6 274
6 275
7 8
7 112
7 225
7 376
7 438
8 7
8 9
8 11
8 40
8 225
9 8
9 11
9 110
9 225
9 376
10 13
10 19
10 68
10 387
11 8
11 9
11 16
11 225
11 494
12 14
12 15
12 17
12 377
12 415
13 10
13 28
13 30
13 422
13 458
14 12
14 15
14 17
14 34
14 483
15 12
15 14
15 16
15 17
15 401
16 11
16 15
16 17
16 225
16 286
17 12
17 14
17 15
17 16
17 428
18 5
18 199
18 216
18 410
18 472
19 10
19 77
19 285
19 301
19 347
20 21
20 22
20 219
20 251
20 294
21 20
21 22
21 186
21 219
21 392
22 20
22 21
22 190
22 219
22 395
23 6
23 162
23 163
23 164
23 245
24 25
24 29
24 219
24 255
24 414
25 24
25 29
25 219
25 414
25 485
26 39
26 95
26 152
26 210
26 430
27 49
27 108
27 201
27 205
27 493
28 13
28 30
28 58
28 105
28 388
29 24
29 25
29 75
29 414
29 430
30 13
30 28
30 36
30 205
30 226
31 33
31 34
31 414
31 462
31 498
32 41
32 159
32 160
32 478
32 499
33 31
33 34
33 35
33 73
33 279
34 14
34 31
34 33
34 35
34 279
35 33
35 34
35 38
35 279
35 388
36 30
36 37
36 46
36 154
36 241
37 36
37 46
37 220
37 361
37 437
38 35
38 42
38 44
38 279
38 438
39 26
39 95
39 184
39 244
39 465
40 6
40 8
40 274
40 275
40 278
41 32
41 145
41 147
41 254
41 287
42 1
42 38
42 47
42 319
42 378
43 48
43 132
43 151
43 152
43 155
44 38
44 47
44 49
44 413
44 482
45 55
45 162
45 163
45 341
45 484
46 36
46 37
46 50
46 387
46 489
47 42
47 44
47 49
47 227
47 243
48 43
48 154
48 155
48 162
48 222
49 27
49 44
49 47
49 54
49 227
50 46
50 53
50 218
50 240
50 269
51 166
51 333
51 427
51 428
51 494
52 138
52 139
52 165
52 233
52 442
53 50
53 57
53 240
53 391
53 498
54 49
54 55
54 87
54 227
54 284
55 45
55 54
55 56
55 227
55 284
56 55
56 60
56 284
56 366
56 437
57 53
57 59
57 240
57 389
57 405
58 28
58 105
58 125
58 131
58 137
59 57
59 63
59 278
59 383
59 402
60 56
60 61
60 62
60 64
60 284
61 60
61 62
61 84
61 204
61 496
62 60
62 61
62 202
62 204
62 307
63 59
63 65
63 66
63 491
63 499
64 60
64 136
64 141
64 143
64 187
65 63
65 66
65 398
65 433
65 438
66 63
66 65
66 70
66 203
66 464
67 69
67 71
67 73
67 114
67 459
68 10
68 232
68 252
68 415
69 67
69 71
69 130
69 204
69 489
70 66
70 77
70 131
70 209
70 235
71 67
71 69
71 73
71 75
71 479
72 157
72 175
72 385
72 425
72 469
73 33
73 67
73 71
73 75
73 204
74 76
74 317
74 327
74 345
74 427
75 29
75 71
75 73
75 345
75 473
76 74
76 80
76 327
76 345
76 472
77 19
77 70
77 235
77 429
77 475
78 86
78 235
78 285
78 323
78 434
79 109
79 110
79 114
79 415
79 497
80 76
80 81
80 327
80 345
80 430
81 80
81 83
81 84
81 297
81 335
82 91
82 156
82 222
82 306
82 472
83 81
83 84
83 327
83 335
83 428
84 61
84 81
84 83
84 87
84 335
85 2
85 3
85 86
85 235
85 434
86 78
86 85
86 200
86 405
86 420
87 54
87 84
87 91
87 335
87 489
88 133
88 259
88 260
88 261
88 269
89 92
89 97
89 120
89 232
89 301
90 120
90 122
90 123
90 313
90 427
91 82
91 87
91 93
91 300
91 374
92 89
92 97
92 219
92 344
92 359
93 91
93 115
93 300
93 394
93 483
94 96
94 179
94 208
94 220
94 224
95 26
95 39
95 99
95 210
95 453
96 94
96 220
96 263
96 286
96 399
97 89
97 92
97 176
97 281
97 382
98 107
98 241
98 242
98 243
98 248
99 95
99 104
99 106
99 210
99 388
100 101
100 102
100 246
100 302
100 332
101 100
101 102
101 246
101 330
101 393
102 100
102 101
102 103
102 211
102 438
103 102
103 105
103 125
103 422
103 483
104 99
104 106
104 245
104 300
104 310
105 28
105 58
105 103
105 120
105 479
106 99
106 104
106 109
106 210
106 472
107 98
107 253
107 258
107 334
107 477
108 27
108 123
108 205
108 214
108 431
109 79
109 106
109 110
109 188
109 398
110 9
110 79
110 109
110 111
110 114
111 110
111 114
111 115
111 376
111 433
112 7
112 145
112 256
112 364
112 450
113 236
113 238
113 241
113 344
113 471
114 67
114 79
114 110
114 111
114 115
115 93
115 111
115 114
115 116
115 117
116 115
116 117
116 119
116 149
116 411
117 115
117 116
117 118
117 119
117 127
118 117
118 119
118 273
118 288
118 487
119 116
119 117
119 118
119 249
119 273
120 89
120 90
120 105
120 123
120 293
121 206
121 288
121 414
121 453
121 496
122 90
122 124
122 221
122 328
122 483
123 90
123 108
123 120
123 124
123 446
124 122
124 123
124 125
124 229
124 406
125 58
125 103
125 124
125 137
125 422
126 230
126 234
126 238
126 344
126 430
127 117
127 129
127 206
127 273
127 288
128 140
128 171
128 186
128 283
128 492
129 127
129 206
129 444
129 472
129 499
130 69
130 132
130 135
130 471
130 477
131 58
131 70
131 138
131 209
131 484
132 43
132 130
132 134
132 135
132 282
133 88
133 149
133 233
133 270
133 324
134 132
134 135
134 206
134 390
134 469
135 130
135 132
135 134
135 444
135 471
136 64
136 141
136 187
136 323
136 489
137 58
137 125
137 138
137 426
137 485
138 52
138 131
138 137
138 283
138 477
139 52
139 153
139 165
139 408
139 489
140 128
140 170
140 283
140 443
140 480
141 64
141 136
141 331
141 439
141 481
142 143
142 144
142 187
142 287
142 444
143 64
143 142
143 144
143 315
143 489
144 142
144 143
144 256
144 287
144 409
145 41
145 112
145 147
145 416
145 475
146 194
146 221
146 255
146 285
146 347
147 41
147 145
147 254
147 256
147 327
148 150
148 151
148 163
148 254
148 362
149 116
149 133
149 173
149 270
149 348
150 148
150 151
150 152
150 168
150 254
151 43
151 148
151 150
151 152
151 158
152 26
152 43
152 150
152 151
152 155
153 139
153 165
153 342
153 445
153 462
154 36
154 48
154 395
154 451
154 478
155 43
155 48
155 152
155 339
155 437
156 82
156 158
156 222
156 306
156 475
157 72
157 175
157 177
157 385
157 425
158 151
158 156
158 306
158 390
158 472
159 32
159 160
159 161
159 177
159 306
160 32
160 159
160 161
160 202
160 341
161 159
161 160
161 341
161 423
161 475
162 23
162 45
162 48
162 164
162 423
163 23
163 45
163 148
163 164
163 488
164 23
164 162
164 163
164 187
164 393
165 52
165 139
165 153
165 430
165 439
166 51
166 245
166 333
166 393
166 472
167 168
167 169
167 267
167 395
167 486
168 150
168 167
168 267
168 333
168 393
169 167
169 267
169 444
169 463
169 466
170 140
170 171
170 176
170 196
170 211
171 128
171 170
171 211
171 283
171 299
172 174
172 178
172 185
172 380
172 476
173 149
173 180
173 281
173 313
173 463
174 172
174 178
174 185
174 211
174 478
175 72
175 157
175 177
175 180
175 213
175 484
176 97
176 170
176 211
176 267
176 382
176 468
177 157
177 159
177 175
177 180
177 181
177 498
178 172
178 174
178 185
178 272
178 371
178 465
179 94
179 218
179 220
179 286
179 440
179 469
180 173
180 175
180 177
180 181
180 193
180 409
181 177
181 180
181 183
181 193
181 409
181 414
182 203
182 212
182 216
182 336
182 393
182 460
183 181
183 193
183 194
183 265
183 409
183 425
184 39
184 244
184 300
184 378
184 480
184 496
185 172
185 174
185 178
185 272
185 334
185 364
186 21
186 128
186 189
186 272
186 354
186 491
187 64
187 136
187 142
187 164
187 287
187 388
188 109
188 328
188 359
188 361
188 387
188 401
189 186
189 190
189 192
189 202
189 220
189 315
190 22
190 189
190 192
190 202
190 259
190 470
191 348
191 359
191 367
191 387
191 439
191 473
192 189
192 190
192 202
192 205
192 272
192 336
193 180
193 181
193 183
193 194
193 262
193 409
194 146
194 183
194 193
194 197
194 409
194 457
195 247
195 282
195 285
195 389
195 398
195 403
196 170
196 197
196 198
196 200
196 409
196 465
197 194
197 196
197 198
197 200
197 316
197 486
198 196
198 197
198 200
198 207
198 316
198 417
199 18
199 203
199 263
199 324
199 336
199 396
200 86
200 196
200 197
200 198
200 207
200 316
201 27
201 207
201 209
201 218
201 286
201 371
202 62
202 160
202 189
202 190
202 192
202 470
203 66
203 182
203 199
203 268
203 290
203 336
204 61
204 62
204 69
204 73
204 471
204 474
205 27
205 30
205 108
205 192
205 209
205 343
206 121
206 127
206 129
206 134
206 273
206 352
207 198
207 200
207 201
207 208
207 215
207 316
208 94
208 207
208 213
208 215
208 217
208 316
209 70
209 131
209 201
209 205
209 214
209 218
210 26
210 95
210 99
210 106
210 244
210 400
211 102
211 170
211 171
211 174
211 176
211 498
212 182
212 231
212 336
212 416
212 450
212 463
213 175
213 208
213 215
213 217
213 239
213 316
214 108
214 209
214 218
214 488
214 493
214 496
215 207
215 208
215 213
215 217
215 239
215 427
216 4
216 18
216 182
216 290
216 468
216 493
217 208
217 213
217 215
217 223
217 239
217 494
218 50
218 179
218 201
218 209
218 214
218 284
219 20
219 21
219 22
219 24
219 25
219 92
220 37
220 94
220 96
220 179
220 189
220 429
221 122
221 146
221 258
221 281
221 313
221 500
222 48
222 82
222 156
222 237
222 306
222 443
223 217
223 239
223 250
223 262
223 417
223 470
224 94
224 226
224 228
224 263
224 442
224 500
225 7
225 8
225 9
225 11
225 16
225 345
226 30
226 224
226 228
226 260
226 263
226 346
227 47
227 49
227 54
227 55
227 284
227 380
228 224
228 226
228 230
228 231
228 264
228 279
229 124
229 230
229 234
229 264
229 288
229 407
230 126
230 228
230 229
230 234
230 264
230 440
231 212
231 228
231 252
231 287
231 296
231 499
232 68
232 89
232 252
232 405
232 443
232 484
233 52
233 133
233 234
233 268
233 270
233 308
234 126
234 229
234 230
234 233
234 238
234 264
235 70
235 77
235 78
235 85
235 260
235 365
236 113
236 238
236 344
236 350
236 367
236 434
237 222
237 337
237 338
237 342
237 399
237 433
238 113
238 126
238 234
238 236
238 396
238 500
239 213
239 215
239 217
239 223
239 262
239 448
240 50
240 53
240 57
240 308
240 456
240 462
241 36
241 98
241 113
241 242
241 483
241 498
242 98
242 241
242 344
242 375
242 414
242 448
243 47
243 98
243 248
243 318
243 328
243 341
244 39
244 184
244 210
244 300
244 370
244 407
245 23
245 104
245 166
245 267
245 333
245 393
246 100
246 101
246 390
246 453
246 480
246 482
247 195
247 282
247 389
247 397
247 398
247 403
248 98
248 243
248 257
248 412
248 461
248 486
249 119
249 325
249 326
249 332
249 416
249 425
250 223
250 262
250 278
250 373
250 453
250 484
251 20
251 253
251 257
251 258
251 456
251 480
252 68
252 231
252 232
252 423
252 436
252 456
253 107
253 251
253 257
253 258
253 334
253 494
254 41
254 147
254 148
254 150
254 256
254 348
255 24
255 146
255 301
255 352
255 454
255 483
256 112
256 144
256 147
256 254
256 287
256 339
257 248
257 251
257 253
257 321
257 334
257 353
258 107
258 221
258 251
258 253
258 308
258 334
259 88
259 190
259 260
259 261
259 320
259 334
260 88
260 226
260 235
260 259
260 261
260 271
261 88
261 259
261 260
261 271
261 478
261 488
262 193
262 223
262 239
262 250
262 373
262 453
263 96
263 199
263 224
263 226
263 264
263 286
264 228
264 229
264 230
264 234
264 263
264 272
265 183
265 266
265 276
265 277
265 373
265 453
266 265
266 276
266 277
266 373
266 453
266 499
267 167
267 168
267 169
267 176
267 245
267 415
268 203
268 233
268 308
268 324
268 380
268 446
269 50
269 88
269 271
269 274
269 393
269 452
270 133
270 149
270 233
270 281
270 308
270 433
271 6
271 260
271 261
271 269
271 497
271 500
272 178
272 185
272 186
272 192
272 264
272 498
273 118
273 119
273 127
273 206
273 288
273 428
274 6
274 40
274 269
274 275
274 384
274 500
275 4
275 6
275 40
275 274
275 353
276 265
276 266
276 277
276 280
276 386
276 453
277 265
277 266
277 276
277 280
277 373
277 385
278 4
278 40
278 59
278 250
278 290
278 446
279 33
279 34
279 35
279 38
279 228
279 438
280 276
280 277
280 289
280 298
280 410
280 433
281 97
281 173
281 221
281 270
281 309
281 313
281 425
282 132
282 195
282 247
282 310
282 374
282 398
282 418
283 128
283 138
283 140
283 171
283 297
283 306
283 494
284 54
284 55
284 56
284 60
284 218
284 227
284 452
285 19
285 78
285 146
285 195
285 301
285 474
285 494
286 16
286 96
286 179
286 201
286 263
286 318
286 473
287 41
287 142
287 144
287 187
287 231
287 256
287 370
288 118
288 121
288 127
288 229
288 273
288 298
288 499
289 280
289 296
289 298
289 303
289 372
289 479
289 487
290 4
290 203
290 216
290 278
290 437
290 457
290 466
291 292
291 304
291 417
291 422
291 457
291 484
291 493
292 291
292 302
292 304
292 351
292 410
292 411
292 484
293 120
293 311
293 312
293 314
293 323
293 369
293 441
294 20
294 377
294 382
294 395
294 430
294 475
294 493
295 352
295 375
295 384
295 386
295 396
295 402
295 493
296 231
296 289
296 298
296 303
296 358
296 372
296 469
297 81
297 283
297 343
297 354
297 365
297 380
297 390
298 280
298 288
298 289
298 296
298 303
298 309
298 406
299 171
299 331
299 362
299 364
299 388
299 389
299 493
300 91
300 93
300 104
300 184
300 244
300 301
300 451
301 19
301 89
301 255
301 285
301 300
301 347
301 451
302 100
302 292
302 304
302 351
302 410
302 422
302 457
303 289
303 296
303 298
303 309
303 372
303 426
303 485
304 291
304 292
304 302
304 345
304 351
304 355
304 410
305 331
305 355
305 358
305 360
305 381
305 383
305 384
306 82
306 156
306 158
306 159
306 222
306 283
306 477
307 62
307 315
307 322
307 353
307 366
307 368
307 420
308 233
308 240
308 258
308 268
308 270
308 324
308 347
309 281
309 298
309 303
309 311
309 343
309 372
309 453
310 104
310 282
310 370
310 392
310 398
310 456
310 469
311 293
311 309
311 312
311 314
311 369
311 409
311 490
312 293
312 311
312 314
312 369
312 372
312 419
312 436
313 90
313 173
313 221
313 281
313 375
313 376
313 448
314 293
314 311
314 312
314 321
314 323
314 369
314 489
315 143
315 189
315 307
315 317
315 353
315 366
315 406
316 197
316 198
316 200
316 207
316 208
316 213
316 492
317 74
317 315
317 353
317 370
317 374
317 406
317 490
318 243
318 286
318 320
318 321
318 323
318 325
318 326
319 42
319 322
319 368
319 378
319 381
319 382
319 395
320 259
320 318
320 321
320 323
320 369
320 381
320 461
321 257
321 314
321 318
321 320
321 323
321 325
321 494
322 307
322 319
322 368
322 373
322 378
322 458
322 485
323 78
323 136
323 293
323 314
323 318
323 320
323 321
324 133
324 199
324 268
324 308
324 448
324 473
324 495
325 249
325 318
325 321
325 326
325 378
325 435
325 460
326 249
326 318
326 325
326 416
326 458
326 473
326 495
327 74
327 76
327 80
327 83
327 147
327 345
327 483
328 122
328 188
328 243
328 350
328 357
328 361
328 379
329 330
329 332
329 385
329 433
329 454
329 468
329 474
330 101
330 329
330 332
330 416
330 433
330 461
330 466
331 141
331 299
331 305
331 339
331 362
331 388
331 390
332 100
332 249
332 329
332 330
332 416
332 420
332 433
333 51
333 166
333 168
333 245
333 368
333 393
333 481
334 107
334 185
334 253
334 257
334 258
334 259
334 482
335 81
335 83
335 84
335 87
335 377
335 401
335 434
336 4
336 182
336 192
336 199
336 203
336 212
336 365
337 237
337 338
337 340
337 368
337 402
337 405
337 450
338 237
338 337
338 342
338 405
338 433
339 155
339 256
339 331
339 362
339 364
339 388
339 400
340 337
340 350
340 390
340 391
340 405
340 416
340 480
341 45
341 160
341 161
341 243
341 398
341 403
341 418
342 153
342 237
342 338
342 350
342 351
342 455
342 477
343 205
343 297
343 309
343 354
343 365
343 380
343 497
344 92
344 113
344 126
344 236
344 242
344 459
344 481
345 74
345 75
345 76
345 80
345 225
345 304
345 327
346 226
346 359
346 367
346 371
346 401
346 474
346 489
347 19
347 146
347 301
347 308
347 430
347 449
347 471
348 149
348 191
348 254
348 359
348 367
348 387
348 478
349 363
349 391
349 392
349 397
349 431
349 432
349 435
349 439
350 236
350 328
350 340
350 342
350 357
350 401
350 405
350 446
351 292
351 302
351 304
351 342
351 355
351 358
351 389
351 410
352 206
352 255
352 295
352 375
352 396
352 402
352 407
352 427
353 257
353 275
353 307
353 315
353 317
353 366
353 406
354 186
354 297
354 343
354 361
354 365
354 371
354 380
354 461
355 304
355 305
355 351
355 358
355 360
355 410
355 431
355 484
356 408
356 412
356 420
356 421
356 440
356 465
356 467
356 475
357 328
357 350
357 361
357 379
357 401
357 405
357 491
357 499
358 296
358 305
358 351
358 355
358 360
358 370
358 381
358 410
359 92
359 188
359 191
359 346
359 348
359 376
359 387
359 401
360 305
360 355
360 358
360 381
360 383
360 384
360 394
361 37
361 188
361 328
361 354
361 357
361 379
361 401
361 412
362 148
362 299
362 331
362 339
362 364
362 388
362 449
362 467
363 349
363 385
363 391
363 392
363 399
363 400
363 425
363 435
364 112
364 185
364 299
364 339
364 362
364 388
364 390
364 482
365 235
365 297
365 336
365 343
365 354
365 371
365 380
365 390
366 56
366 307
366 315
366 353
366 368
366 372
366 445
366 482
367 191
367 236
367 346
367 348
367 371
367 387
367 419
367 421
368 307
368 319
368 322
368 333
368 337
368 366
368 378
368 430
369 293
369 311
369 312
369 314
369 320
369 372
369 457
369 466
370 244
370 287
370 310
370 317
370 358
370 374
370 403
370 406
371 178
371 201
371 346
371 354
371 365
371 367
371 380
371 465
372 289
372 296
372 303
372 309
372 312
372 366
372 369
372 482
373 250
373 262
373 265
373 266
373 277
373 322
373 453
373 479
374 91
374 282
374 317
374 370
374 389
374 398
374 403
374 469
375 242
375 295
375 313
375 352
375 386
375 396
375 402
375 461
376 2
376 3
376 5
376 7
376 9
376 111
376 313
376 359
377 3
377 12
377 294
377 335
377 382
377 395
377 438
377 446
378 42
378 184
378 319
378 322
378 325
378 368
378 382
378 479
379 328
379 357
379 361
379 432
379 444
379 468
379 487
379 493
380 172
380 227
380 268
380 297
380 343
380 354
380 365
380 371
381 305
381 319
381 320
381 358
381 360
381 383
381 384
381 410
382 97
382 176
382 294
382 319
382 377
382 378
382 395
382 430
383 59
383 305
383 360
383 381
383 384
383 409
383 463
383 486
384 274
384 295
384 305
384 360
384 381
384 383
384 386
384 500
385 72
385 157
385 277
385 329
385 363
385 399
385 400
385 425
386 276
386 295
386 375
386 384
386 402
386 407
386 482
386 490
387 10
387 46
387 188
387 191
387 348
387 359
387 367
387 408
387 490
388 28
388 35
388 99
388 187
388 299
388 331
388 339
388 362
388 364
389 57
389 195
389 247
389 299
389 351
389 374
389 403
389 438
389 499
390 134
390 158
390 246
390 297
390 331
390 340
390 364
390 365
390 433
391 53
391 340
391 349
391 363
391 392
391 399
391 400
391 425
391 495
392 21
392 310
392 349
392 363
392 391
392 400
392 431
392 438
392 439
393 101
393 164
393 166
393 168
393 182
393 245
393 269
393 333
393 412
394 93
394 360
394 404
394 415
394 418
394 432
394 439
394 472
395 22
395 154
395 167
395 294
395 319
395 377
395 382
395 418
395 430
396 199
396 238
396 295
396 352
396 375
396 407
396 423
396 427
396 447
397 5
397 247
397 349
397 404
397 414
397 431
397 439
397 485
397 491
398 65
398 109
398 195
398 247
398 282
398 310
398 341
398 374
398 432
399 96
399 237
399 363
399 385
399 391
399 400
399 425
399 490
399 493
400 210
400 339
400 363
400 385
400 391
400 392
400 399
400 431
400 459
401 15
401 188
401 335
401 346
401 350
401 357
401 359
401 361
401 424
402 59
402 295
402 337
402 352
402 375
402 386
402 407
402 427
402 445
403 195
403 247
403 341
403 370
403 374
403 389
403 406
403 436
403 440
404 394
404 397
404 415
404 418
404 423
404 432
404 455
404 458
404 472
405 57
405 86
405 232
405 337
405 338
405 340
405 350
405 357
405 432
406 124
406 298
406 315
406 317
406 353
406 370
406 403
406 451
406 487
407 229
407 244
407 352
407 386
407 396
407 402
407 414
407 423
407 427
408 139
408 356
408 387
408 412
408 420
408 421
408 440
408 465
408 475
409 144
409 180
409 181
409 183
409 193
409 194
409 196
409 311
409 383
409 459
410 18
410 280
410 292
410 302
410 304
410 351
410 355
410 358
410 381
410 487
411 116
411 292
411 413
411 426
411 428
411 434
411 437
411 454
411 459
411 479
412 248
412 356
412 361
412 393
412 408
412 420
412 421
412 428
412 434
412 475
413 44
413 411
413 426
413 436
413 454
413 471
413 479
413 483
413 491
413 499
414 24
414 25
414 29
414 31
414 121
414 181
414 242
414 397
414 407
414 452
415 12
415 68
415 79
415 267
415 394
415 404
415 418
415 432
415 439
415 472
416 145
416 212
416 249
416 326
416 330
416 332
416 340
416 433
416 478
416 496
417 198
417 223
417 291
417 422
417 435
417 443
417 453
417 457
417 484
417 486
418 282
418 341
418 394
418 395
418 404
418 415
418 423
418 453
418 470
418 472
419 312
419 367
419 424
419 441
419 442
419 449
419 455
419 462
419 468
419 477
420 86
420 307
420 332
420 356
420 408
420 412
420 421
420 428
420 434
420 440
421 356
421 367
421 408
421 412
421 420
421 423
421 428
421 434
421 437
421 486
422 13
422 103
422 125
422 291
422 302
422 417
422 435
422 450
422 457
422 484
423 161
423 162
423 252
423 396
423 404
423 407
423 418
423 421
423 427
423 472
424 401
424 419
424 441
424 447
424 448
424 455
424 462
424 468
424 477
424 486
425 72
425 157
425 183
425 249
425 281
425 363
425 385
425 391
425 399
425 476
426 137
426 303
426 411
426 413
426 437
426 454
426 456
426 471
426 475
426 479
427 51
427 74
427 90
427 215
427 352
427 396
427 402
427 407
427 423
427 472
428 17
428 51
428 83
428 273
428 411
428 412
428 420
428 421
428 434
428 437
428 479
429 77
429 220
429 441
429 442
429 448
429 452
429 466
429 469
429 472
429 474
429 478
430 26
430 29
430 80
430 126
430 165
430 294
430 347
430 368
430 382
430 395
430 431
431 108
431 349
431 355
431 392
431 397
431 400
431 430
431 432
431 439
431 443
431 484
432 349
432 379
432 394
432 398
432 404
432 405
432 415
432 431
432 439
432 462
432 484
433 65
433 111
433 237
433 270
433 280
433 329
433 330
433 332
433 338
433 390
433 416
434 78
434 85
434 236
434 335
434 411
434 412
434 420
434 421
434 428
434 437
434 479
435 325
435 349
435 363
435 417
435 422
435 443
435 450
435 457
435 458
435 464
435 484
436 252
436 312
436 403
436 413
436 451
436 459
436 463
436 471
436 473
436 483
436 486
437 37
437 56
437 155
437 290
437 411
437 421
437 426
437 428
437 434
437 454
437 479
438 1
438 3
438 7
438 38
438 65
438 102
438 279
438 377
438 389
438 392
438 439
439 141
439 165
439 191
439 349
439 392
439 394
439 397
439 415
439 431
439 432
439 438
440 179
440 230
440 356
440 403
440 408
440 420
440 461
440 465
440 470
440 475
440 482
441 293
441 419
441 424
441 429
441 442
441 443
441 448
441 452
441 468
441 478
441 484
442 52
442 224
442 419
442 429
442 441
442 448
442 452
442 455
442 468
442 486
442 497
443 140
443 222
443 232
443 417
443 431
443 435
443 441
443 444
443 445
443 450
443 457
443 458
444 129
444 135
444 142
444 169
444 379
444 443
444 446
444 451
444 458
444 459
444 463
444 473
445 153
445 366
445 402
445 443
445 446
445 450
445 451
445 457
445 458
445 476
445 479
445 481
446 123
446 268
446 278
446 350
446 377
446 444
446 445
446 450
446 451
446 458
446 459
446 473
447 396
447 424
447 449
447 455
447 460
447 462
447 477
447 480
447 481
447 489
447 493
447 497
448 239
448 242
448 313
448 324
448 424
448 429
448 441
448 442
448 452
448 466
448 468
448 478
449 347
449 362
449 419
449 447
449 455
449 460
449 462
449 471
449 477
449 480
449 489
449 493
450 112
450 212
450 337
450 422
450 435
450 443
450 445
450 446
450 457
450 458
450 488
450 496
451 154
451 300
451 301
451 406
451 436
451 444
451 445
451 446
451 458
451 459
451 463
451 473
452 269
452 284
452 414
452 429
452 441
452 442
452 448
452 464
452 466
452 469
452 474
452 478
453 95
453 121
453 246
453 250
453 262
453 265
453 266
453 276
453 309
453 373
453 417
453 418
454 255
454 329
454 411
454 413
454 426
454 437
454 456
454 471
454 479
454 483
455 342
455 404
455 419
455 424
455 442
455 447
455 449
455 458
455 462
455 468
455 477
455 486
456 240
456 251
456 252
456 310
456 426
456 454
456 459
456 463
456 471
456 473
456 483
456 486
457 194
457 290
457 291
457 302
457 369
457 417
457 422
457 435
457 443
457 445
457 450
457 470
457 484
458 13
458 322
458 326
458 404
458 435
458 443
458 444
458 445
458 446
458 450
458 451
458 455
458 474
459 67
459 344
459 400
459 409
459 411
459 436
459 444
459 446
459 451
459 456
459 463
459 473
459 483
460 182
460 325
460 447
460 449
460 464
460 467
460 470
460 480
460 481
460 489
460 490
460 491
460 493
461 248
461 320
461 330
461 354
461 375
461 440
461 465
461 466
461 469
461 470
461 474
461 475
461 482
462 31
462 153
462 240
462 419
462 424
462 432
462 447
462 449
462 455
462 468
462 477
462 486
462 493
463 169
463 173
463 212
463 383
463 436
463 444
463 451
463 456
463 459
463 473
463 479
463 483
463 488
464 66
464 435
464 452
464 460
464 467
464 480
464 481
464 485
464 487
464 489
464 490
464 491
464 498
465 39
465 178
465 196
465 356
465 371
465 408
465 440
465 461
465 470
465 471
465 474
465 475
465 482
466 169
466 290
466 330
466 369
466 429
466 448
466 452
466 461
466 469
466 470
466 474
466 478
466 482
467 356
467 362
467 460
467 464
467 471
467 480
467 481
467 485
467 489
467 490
467 491
467 493
467 498
468 176
468 216
468 329
468 379
468 419
468 424
468 441
468 442
468 448
468 455
468 462
468 477
468 486
469 72
469 134
469 179
469 296
469 310
469 374
469 429
469 452
469 461
469 466
469 470
469 474
469 478
469 482
470 190
470 202
470 223
470 418
470 440
470 457
470 460
470 461
470 465
470 466
470 469
470 474
470 475
470 482
471 113
471 130
471 135
471 204
471 347
471 413
471 426
471 436
471 449
471 454
471 456
471 465
471 467
471 483
472 18
472 76
472 82
472 106
472 129
472 158
472 166
472 394
472 404
472 415
472 418
472 423
472 427
472 429
473 75
473 191
473 286
473 324
473 326
473 436
473 444
473 446
473 451
473 456
473 459
473 463
473 492
473 498
474 204
474 285
474 329
474 346
474 429
474 452
474 458
474 461
474 465
474 466
474 469
474 470
474 478
474 482
475 77
475 145
475 156
475 161
475 294
475 356
475 408
475 412
475 426
475 440
475 461
475 465
475 470
475 482
476 172
476 425
476 445
476 481
476 485
476 487
476 488
476 490
476 491
476 492
476 494
476 496
476 498
476 499
476 500
477 107
477 130
477 138
477 306
477 342
477 419
477 424
477 447
477 449
477 455
477 462
477 468
477 483
477 486
477 493
478 32
478 154
478 174
478 261
478 348
478 416
478 429
478 441
478 448
478 452
478 466
478 469
478 474
478 490
478 496
479 71
479 105
479 289
479 373
479 378
479 411
479 413
479 426
479 428
479 434
479 437
479 445
479 454
479 463
479 487
480 140
480 184
480 246
480 251
480 340
480 447
480 449
480 460
480 464
480 467
480 481
480 489
480 490
480 491
480 493
481 141
481 333
481 344
481 445
481 447
481 460
481 464
481 467
481 476
481 480
481 489
481 490
481 491
481 493
481 494
482 44
482 246
482 334
482 364
482 366
482 372
482 386
482 440
482 461
482 465
482 466
482 469
482 470
482 474
482 475
483 14
483 93
483 103
483 122
483 241
483 255
483 327
483 413
483 436
483 454
483 456
483 459
483 463
483 471
483 477
484 45
484 131
484 175
484 232
484 250
484 291
484 292
484 355
484 417
484 422
484 431
484 432
484 435
484 441
484 457
484 492
485 25
485 137
485 303
485 322
485 397
485 464
485 467
485 476
485 487
485 488
485 489
485 490
485 491
485 494
485 498
485 499
486 167
486 197
486 248
486 383
486 417
486 421
486 424
486 436
486 442
486 455
486 456
486 462
486 468
486 477
486 490
486 493
486 500
487 118
487 289
487 379
487 406
487 410
487 464
487 476
487 479
487 485
487 488
487 490
487 491
487 492
487 494
487 496
487 498
487 499
488 163
488 214
488 261
488 450
488 463
488 476
488 485
488 487
488 492
488 494
488 495
488 497
488 498
488 499
488 500
489 46
489 69
489 87
489 136
489 139
489 143
489 314
489 346
489 447
489 449
489 460
489 464
489 467
489 480
489 481
489 485
489 491
489 493
490 311
490 317
490 386
490 387
490 399
490 460
490 464
490 467
490 476
490 478
490 480
490 481
490 485
490 486
490 487
490 491
490 498
490 499
491 2
491 63
491 186
491 357
491 397
491 413
491 460
491 464
491 467
491 476
491 480
491 481
491 485
491 487
491 489
491 490
491 498
491 499
492 128
492 316
492 473
492 476
492 484
492 487
492 488
492 494
492 495
492 496
492 497
492 498
492 499
492 500
493 27
493 214
493 216
493 291
493 294
493 295
493 299
493 379
493 399
493 447
493 449
493 460
493 462
493 467
493 477
493 480
493 481
493 486
493 489
494 11
494 51
494 217
494 253
494 283
494 285
494 321
494 476
494 481
494 485
494 487
494 488
494 492
494 495
494 496
494 497
494 498
494 499
494 500
495 324
495 326
495 391
495 488
495 492
495 494
495 496
495 497
495 498
495 500
496 61
496 121
496 184
496 214
496 416
496 450
496 476
496 478
496 487
496 492
496 494
496 495
496 497
496 498
496 499
496 500
497 79
497 271
497 343
497 442
497 447
497 488
497 492
497 494
497 495
497 496
497 499
498 31
498 53
498 177
498 211
498 241
498 272
498 464
498 467
498 473
498 476
498 485
498 487
498 488
498 490
498 491
498 492
498 494
498 495
498 496
498 499
499 32
499 63
499 129
499 231
499 266
499 288
499 357
499 389
499 413
499 476
499 485
499 487
499 488
499 490
499 491
499 492
499 494
499 496
499 497
499 498
499 500
500 221
500 224
500 238
500 271
500 274
500 384
500 476
500 486
500 488
500 492
500 494
500 495
500 496
500 499
