1 75
1 222
1 389
1 459
1 476
2 25
2 90
2 109
2 359
2 486
3 24
3 79
3 128
3 483
3 491
4 95
4 255
4 363
4 433
4 450
5 12
5 259
5 348
5 358
5 412
6 191
6 230
6 336
6 375
6 428
7 207
7 388
7 391
7 435
7 440
8 11
8 106
8 228
8 279
8 428
9 19
9 244
9 264
9 270
9 485
10 139
10 250
10 322
10 455
10 486
11 8
11 67
11 76
11 254
11 449
12 5
12 368
12 403
12 474
12 495
13 214
13 344
13 399
13 435
13 458
14 22
14 335
14 365
14 377
14 491
15 28
15 42
15 429
15 477
15 480
16 69
16 150
16 378
16 431
16 444
17 62
17 189
17 249
17 470
17 486
18 155
18 264
18 370
18 426
18 479
19 9
19 153
19 297
19 386
19 395
20 271
20 306
20 336
20 481
20 493
21 227
21 242
21 482
21 496
21 497
22 14
22 41
22 134
22 248
22 473
23 103
23 321
23 432
23 472
23 496
24 3
24 156
24 171
24 379
24 443
25 2
25 76
25 240
25 249
25 433
26 37
26 229
26 448
26 465
26 495
27 35
27 423
27 458
27 492
27 498
28 15
28 184
28 293
28 307
28 315
29 219
29 376
29 429
29 445
29 484
30 172
30 222
30 437
30 474
30 500
31 69
31 276
31 455
31 478
31 479
32 135
32 268
32 269
32 304
32 447
33 164
33 278
33 352
33 397
33 491
34 78
34 123
34 380
34 439
34 486
35 27
35 276
35 467
35 483
35 484
36 100
36 322
36 327
36 411
36 424
37 26
37 276
37 349
37 427
37 485
38 148
38 276
38 364
38 465
38 493
39 86
39 141
39 420
39 425
39 499
40 64
40 77
40 401
40 415
40 484
41 22
41 148
41 350
41 386
41 434
42 15
42 174
42 256
42 359
42 450
43 112
43 184
43 279
43 361
43 484
44 118
44 178
44 235
44 298
44 492
45 310
45 447
45 457
45 474
45 483
46 143
46 165
46 266
46 309
46 311
47 199
47 221
47 372
47 452
47 497
48 247
48 385
48 403
48 415
48 494
49 204
49 247
49 306
49 325
49 498
50 66
50 75
50 113
50 150
50 325
51 98
51 109
51 135
51 229
51 486
52 274
52 357
52 368
52 393
52 496
53 144
53 219
53 413
53 459
53 478
54 61
54 242
54 342
54 379
54 398
55 201
55 277
55 286
55 354
55 466
56 101
56 280
56 431
56 456
56 465
57 302
57 309
57 352
57 405
57 412
58 103
58 143
58 299
58 333
58 349
59 178
59 239
59 295
59 350
59 462
60 63
60 132
60 232
60 331
60 459
61 54
61 119
61 160
61 198
61 500
62 17
62 140
62 290
62 494
62 500
63 60
63 64
63 264
63 284
63 421
64 40
64 63
64 102
64 232
64 490
65 342
65 355
65 415
65 456
65 483
66 50
66 201
66 245
66 297
66 366
67 11
67 258
67 295
67 423
67 499
68 221
68 273
68 292
68 295
68 480
69 16
69 31
69 296
69 304
69 364
70 193
70 231
70 322
70 360
70 458
71 163
71 186
71 407
71 494
71 497
72 163
72 171
72 395
72 413
72 475
73 80
73 184
73 265
73 371
73 440
74 97
74 422
74 461
74 471
74 483
75 1
75 50
75 243
75 257
75 482
76 11
76 25
76 127
76 342
76 478
77 40
77 130
77 252
77 439
77 443
78 34
78 167
78 446
78 457
78 482
79 3
79 91
79 359
79 389
79 474
80 73
80 100
80 308
80 323
80 404
81 266
81 347
81 374
81 405
81 426
82 104
82 285
82 310
82 402
82 465
83 414
83 437
83 487
83 489
83 497
84 412
84 448
84 472
84 478
84 481
85 97
85 260
85 419
85 439
85 497
86 39
86 272
86 306
86 348
86 493
87 90
87 257
87 396
87 418
87 497
88 300
88 348
88 353
88 426
88 496
89 156
89 316
89 450
89 487
89 493
90 2
90 87
90 180
90 285
90 382
91 79
91 119
91 315
91 319
91 366
92 173
92 222
92 284
92 472
92 495
93 111
93 157
93 391
93 484
93 494
94 194
94 439
94 458
94 475
94 488
95 4
95 161
95 255
95 461
95 495
96 155
96 176
96 313
96 327
96 483
97 74
97 85
97 106
97 219
97 241
98 51
98 283
98 345
98 365
98 480
99 108
99 226
99 303
99 345
99 409
100 36
100 80
100 105
100 397
100 494
101 56
101 243
101 335
101 364
101 499
102 64
102 198
102 211
102 345
102 357
103 23
103 58
103 337
103 363
103 370
104 82
104 108
104 205
104 220
104 452
105 100
105 121
105 191
105 314
105 338
106 8
106 97
106 162
106 366
106 478
107 163
107 175
107 338
107 420
107 485
108 99
108 104
108 362
108 391
108 444
109 2
109 51
109 278
109 315
109 329
110 399
110 440
110 447
110 485
110 492
111 93
111 224
111 259
111 356
111 412
112 43
112 132
112 353
112 373
112 415
113 50
113 282
113 297
113 445
113 446
114 249
114 326
114 408
114 450
114 482
115 288
115 305
115 395
115 425
115 488
116 271
116 309
116 348
116 465
116 498
117 190
117 361
117 482
117 490
117 498
118 44
118 225
118 279
118 383
118 491
119 61
119 91
119 362
119 462
119 494
120 222
120 247
120 248
120 353
120 384
121 105
121 124
121 217
121 421
121 460
122 347
122 356
122 362
122 383
122 397
123 34
123 142
123 388
123 477
123 494
124 121
124 357
124 461
124 465
124 474
125 423
125 428
125 446
125 457
125 488
126 164
126 195
126 435
126 449
126 477
127 76
127 275
127 322
127 363
127 370
128 3
128 303
128 408
128 460
128 485
129 291
129 385
129 441
129 496
129 500
130 77
130 336
130 477
130 485
130 488
131 186
131 190
131 326
131 339
131 489
132 60
132 112
132 142
132 445
132 453
133 175
133 237
133 388
133 411
133 491
134 22
134 186
134 283
134 450
134 466
135 32
135 51
135 197
135 360
135 392
136 200
136 409
136 413
136 475
136 484
137 167
137 178
137 300
137 350
137 485
138 197
138 285
138 320
138 399
138 455
139 10
139 286
139 375
139 410
139 414
140 62
140 151
140 210
140 340
140 374
141 39
141 310
141 465
141 475
141 499
142 123
142 132
142 149
142 447
142 476
143 46
143 58
143 343
143 359
143 478
144 53
144 199
144 287
144 382
144 444
145 269
145 392
145 451
145 468
145 491
146 226
146 348
146 406
146 443
146 474
147 198
147 351
147 452
147 484
147 498
148 38
148 41
148 415
148 449
148 471
149 142
149 177
149 183
149 237
149 300
150 16
150 50
150 183
150 188
150 300
151 140
151 323
151 450
151 462
151 477
152 182
152 289
152 371
152 422
152 476
153 19
153 233
153 339
153 382
153 489
154 332
154 365
154 454
154 476
154 492
155 18
155 96
155 250
155 431
155 466
156 24
156 89
156 279
156 318
156 362
157 93
157 250
157 262
157 319
157 481
158 172
158 232
158 475
158 494
158 500
159 301
159 346
159 378
159 454
159 493
160 61
160 251
160 274
160 409
160 434
161 95
161 201
161 259
161 298
161 340
162 106
162 216
162 217
162 391
162 473
163 71
163 72
163 107
163 181
163 488
164 33
164 126
164 369
164 378
164 442
165 46
165 202
165 432
165 438
165 484
166 298
166 317
166 407
166 463
166 480
167 78
167 137
167 194
167 212
167 364
168 299
168 393
168 429
168 434
168 484
169 314
169 326
169 374
169 436
169 495
170 182
170 360
170 392
170 402
170 458
170 494
171 24
171 72
171 261
171 326
171 437
171 495
172 30
172 158
172 246
172 269
172 289
172 424
173 92
173 283
173 385
173 458
173 481
173 487
174 42
174 189
174 237
174 338
174 359
174 416
175 107
175 133
175 343
175 356
175 420
175 442
176 96
176 409
176 424
176 453
176 479
176 492
177 149
177 201
177 318
177 336
177 365
177 499
178 44
178 59
178 137
178 251
178 375
178 492
179 190
179 307
179 400
179 401
179 451
179 489
180 90
180 234
180 293
180 435
180 448
180 452
181 163
181 182
181 204
181 283
181 390
181 457
182 152
182 170
182 181
182 442
182 455
182 495
183 149
183 150
183 218
183 236
183 347
183 434
184 28
184 43
184 73
184 267
184 312
184 470
185 254
185 266
185 279
185 284
185 399
185 486
186 71
186 131
186 134
186 207
186 489
186 490
187 264
187 275
187 282
187 427
187 467
187 478
188 150
188 310
188 398
188 472
188 476
188 486
189 17
189 174
189 245
189 393
189 482
189 497
190 117
190 131
190 179
190 447
190 457
190 464
191 6
191 105
191 316
191 390
191 451
191 456
192 290
192 315
192 331
192 373
192 379
192 473
193 70
193 273
193 345
193 351
193 447
193 487
194 94
194 167
194 299
194 310
194 432
194 487
195 126
195 228
195 232
195 352
195 394
195 471
196 353
196 428
196 445
196 451
196 480
196 491
197 135
197 138
197 252
197 490
197 499
197 500
198 61
198 102
198 147
198 245
198 472
198 495
199 47
199 144
199 284
199 285
199 293
199 376
200 136
200 281
200 333
200 410
200 455
200 485
201 55
201 66
201 161
201 177
201 443
201 473
202 165
202 281
202 416
202 472
202 481
202 483
203 272
203 368
203 436
203 469
203 477
203 493
204 49
204 181
204 207
204 263
204 295
204 353
205 104
205 273
205 338
205 378
205 408
205 464
206 305
206 321
206 425
206 450
206 451
206 498
207 7
207 186
207 204
207 213
207 317
207 458
208 265
208 280
208 290
208 387
208 400
208 406
209 367
209 417
209 426
209 490
209 494
209 499
210 140
210 218
210 366
210 424
210 427
210 490
211 102
211 257
211 335
211 423
211 454
211 492
212 167
212 221
212 264
212 345
212 400
212 480
213 207
213 246
213 413
213 418
213 478
213 480
214 13
214 251
214 326
214 386
214 407
214 473
215 232
215 244
215 299
215 376
215 489
215 498
216 162
216 330
216 354
216 384
216 393
216 408
217 121
217 162
217 218
217 253
217 261
217 500
218 183
218 210
218 217
218 371
218 419
218 499
219 29
219 53
219 97
219 298
219 436
219 497
220 104
220 225
220 276
220 277
220 362
220 394
221 47
221 68
221 212
221 380
221 451
221 499
222 1
222 30
222 92
222 120
222 241
222 406
223 308
223 381
223 401
223 441
223 446
223 462
224 111
224 289
224 380
224 443
224 464
224 474
225 118
225 220
225 344
225 349
225 395
225 410
226 99
226 146
226 229
226 287
226 458
226 461
227 21
227 284
227 405
227 453
227 455
227 464
228 8
228 195
228 235
228 307
228 340
228 384
229 26
229 51
229 226
229 267
229 484
229 491
230 6
230 330
230 338
230 427
230 447
230 476
231 70
231 398
231 457
231 470
231 475
231 491
232 60
232 64
232 158
232 195
232 215
232 275
233 153
233 237
233 245
233 324
233 464
233 469
234 180
234 275
234 423
234 469
234 481
234 492
235 44
235 228
235 306
235 320
235 419
235 448
236 183
236 248
236 342
236 344
236 429
236 487
237 133
237 149
237 174
237 233
237 265
237 358
238 258
238 340
238 439
238 455
238 473
238 495
239 59
239 331
239 347
239 421
239 469
239 489
240 25
240 261
240 302
240 350
240 383
240 432
241 97
241 222
241 390
241 475
241 494
241 499
242 21
242 54
242 409
242 429
242 430
242 477
243 75
243 101
243 403
243 446
243 453
243 490
244 9
244 215
244 296
244 303
244 369
244 497
245 66
245 189
245 198
245 233
245 341
245 420
246 172
246 213
246 247
246 301
246 328
246 433
247 48
247 49
247 120
247 246
247 258
247 369
248 22
248 120
248 236
248 258
248 351
248 457
249 17
249 25
249 114
249 292
249 326
249 489
250 10
250 155
250 157
250 287
250 387
250 483
251 160
251 178
251 214
251 308
251 324
251 366
252 77
252 197
252 257
252 347
252 451
252 467
253 217
253 277
253 327
253 343
253 391
253 418
254 11
254 185
254 381
254 413
254 457
254 488
255 4
255 95
255 291
255 338
255 372
255 436
256 42
256 313
256 327
256 328
256 382
256 418
257 75
257 87
257 211
257 252
257 384
257 403
258 67
258 238
258 247
258 248
258 454
258 474
259 5
259 111
259 161
259 265
259 452
259 470
260 85
260 356
260 394
260 467
260 477
260 481
261 171
261 217
261 240
261 276
261 308
261 435
262 157
262 347
262 435
262 437
262 459
262 474
263 204
263 303
263 384
263 411
263 485
263 488
264 9
264 18
264 63
264 187
264 212
264 374
265 73
265 208
265 237
265 259
265 381
265 486
266 46
266 81
266 185
266 320
266 373
266 395
267 184
267 229
267 372
267 450
267 466
267 486
268 32
268 291
268 371
268 423
268 456
268 497
269 32
269 145
269 172
269 335
269 364
269 491
270 9
270 387
270 396
270 425
270 439
270 489
271 20
271 116
271 272
271 416
271 431
271 477
272 86
272 203
272 271
272 302
272 316
272 459
273 68
273 193
273 205
273 286
273 311
273 395
274 52
274 160
274 388
274 415
274 459
274 498
275 127
275 187
275 232
275 234
275 399
275 433
276 31
276 35
276 37
276 38
276 220
276 261
277 55
277 220
277 253
277 403
277 484
277 500
278 33
278 109
278 349
278 466
278 469
278 482
279 8
279 43
279 118
279 156
279 185
279 384
280 56
280 208
280 358
280 363
280 459
280 496
281 200
281 202
281 325
281 344
281 477
281 489
281 496
282 113
282 187
282 328
282 357
282 409
282 467
282 482
283 98
283 134
283 173
283 181
283 348
283 349
283 422
284 63
284 92
284 185
284 199
284 227
284 490
284 497
285 82
285 90
285 138
285 199
285 298
285 377
285 439
286 55
286 139
286 273
286 331
286 379
286 397
286 443
287 144
287 226
287 250
287 292
287 378
287 414
287 472
288 115
288 292
288 405
288 420
288 430
288 434
288 469
289 152
289 172
289 224
289 318
289 331
289 402
289 411
290 62
290 192
290 208
290 320
290 404
290 430
290 455
291 129
291 255
291 268
291 304
291 374
291 421
291 451
292 68
292 249
292 287
292 288
292 293
292 342
292 436
293 28
293 180
293 199
293 292
293 323
293 324
293 445
294 302
294 394
294 400
294 426
294 445
294 481
294 488
295 59
295 67
295 68
295 204
295 312
295 321
295 390
296 69
296 244
296 414
296 419
296 438
296 496
296 498
297 19
297 66
297 113
297 348
297 368
297 397
297 481
298 44
298 161
298 166
298 219
298 285
298 360
298 437
299 58
299 168
299 194
299 215
299 430
299 440
299 481
300 88
300 137
300 149
300 150
300 444
300 448
300 487
301 159
301 246
301 327
301 393
301 432
301 471
301 498
302 57
302 240
302 272
302 294
302 312
302 389
302 404
303 99
303 128
303 244
303 263
303 412
303 434
303 493
304 32
304 69
304 291
304 452
304 463
304 471
304 479
305 115
305 206
305 359
305 434
305 440
305 450
305 465
306 20
306 49
306 86
306 235
306 453
306 486
306 497
307 28
307 179
307 228
307 424
307 459
307 467
307 497
308 80
308 223
308 251
308 261
308 418
308 467
308 480
309 46
309 57
309 116
309 324
309 366
309 417
309 498
310 45
310 82
310 141
310 188
310 194
310 399
310 476
311 46
311 273
311 346
311 373
311 471
311 477
311 488
312 184
312 295
312 302
312 332
312 383
312 425
312 472
313 96
313 256
313 400
313 404
313 447
313 473
313 496
314 105
314 169
314 317
314 453
314 476
314 489
314 497
315 28
315 91
315 109
315 192
315 428
315 461
315 484
316 89
316 191
316 272
316 339
316 350
316 376
316 468
317 166
317 207
317 314
317 393
317 445
317 455
317 464
318 156
318 177
318 289
318 343
318 473
318 479
318 500
319 91
319 157
319 324
319 341
319 463
319 465
319 480
320 138
320 235
320 266
320 290
320 371
320 441
320 489
321 23
321 206
321 295
321 419
321 443
321 468
321 491
322 10
322 36
322 70
322 127
322 365
322 398
322 438
323 80
323 151
323 293
323 363
323 413
323 481
323 494
324 233
324 251
324 293
324 309
324 319
324 329
324 330
325 49
325 50
325 281
325 328
325 383
325 414
325 462
326 114
326 131
326 169
326 171
326 214
326 249
326 381
327 36
327 96
327 253
327 256
327 301
327 400
327 430
328 246
328 256
328 282
328 325
328 329
328 394
328 467
329 109
329 324
329 328
329 460
329 463
329 468
329 490
330 216
330 230
330 324
330 351
330 425
330 469
330 474
331 60
331 192
331 239
331 286
331 289
331 333
331 375
332 154
332 312
332 358
332 383
332 441
332 457
332 483
333 58
333 200
333 331
333 334
333 337
333 390
333 491
334 333
334 337
334 419
334 467
334 468
334 493
334 500
335 14
335 101
335 211
335 269
335 393
335 487
335 499
336 6
336 20
336 130
336 177
336 367
336 444
336 453
337 103
337 333
337 334
337 385
337 477
337 494
337 499
338 105
338 107
338 174
338 205
338 230
338 255
338 435
339 131
339 153
339 316
339 356
339 361
339 395
339 462
340 140
340 161
340 228
340 238
340 388
340 450
340 466
341 245
341 319
341 354
341 396
341 404
341 481
341 491
342 54
342 65
342 76
342 236
342 292
342 460
342 470
343 143
343 175
343 253
343 318
343 420
343 425
343 447
344 13
344 225
344 236
344 281
344 382
344 469
344 494
345 98
345 99
345 102
345 193
345 212
345 349
345 464
346 159
346 311
346 360
346 367
346 397
346 429
346 471
347 81
347 122
347 183
347 239
347 252
347 262
347 470
347 493
348 5
348 86
348 88
348 116
348 146
348 283
348 297
348 374
349 37
349 58
349 225
349 278
349 283
349 345
349 432
349 499
350 41
350 59
350 137
350 240
350 316
350 369
350 375
350 400
351 147
351 193
351 248
351 330
351 360
351 487
351 489
351 492
352 33
352 57
352 195
352 355
352 376
352 387
352 462
352 470
353 88
353 112
353 120
353 196
353 204
353 465
353 479
353 500
354 55
354 216
354 341
354 370
354 440
354 454
354 482
354 491
355 65
355 352
355 357
355 419
355 437
355 442
355 466
355 473
356 111
356 122
356 175
356 260
356 339
356 404
356 416
356 500
357 52
357 102
357 124
357 282
357 355
357 434
357 454
357 476
358 5
358 237
358 280
358 332
358 408
358 417
358 444
358 482
359 2
359 42
359 79
359 143
359 174
359 305
359 392
359 453
360 70
360 135
360 170
360 298
360 346
360 351
360 361
360 387
361 43
361 117
361 339
361 360
361 406
361 431
361 433
361 471
362 108
362 119
362 122
362 156
362 220
362 377
362 472
362 478
363 4
363 103
363 127
363 280
363 323
363 367
363 379
363 397
364 38
364 69
364 101
364 167
364 269
364 392
364 409
364 474
365 14
365 98
365 154
365 177
365 322
365 382
365 404
365 483
366 66
366 91
366 106
366 210
366 251
366 309
366 368
366 379
367 209
367 336
367 346
367 363
367 397
367 422
367 457
367 489
368 12
368 52
368 203
368 297
368 366
368 374
368 424
368 460
369 164
369 244
369 247
369 350
369 380
369 455
369 482
369 494
370 18
370 103
370 127
370 354
370 410
370 414
370 437
370 468
371 73
371 152
371 218
371 268
371 320
371 372
371 487
371 499
372 47
372 255
372 267
372 371
372 374
372 408
372 456
372 461
373 112
373 192
373 266
373 311
373 383
373 419
373 459
373 496
374 81
374 140
374 169
374 264
374 291
374 348
374 368
374 372
375 6
375 139
375 178
375 331
375 350
375 401
375 475
375 496
376 29
376 199
376 215
376 316
376 352
376 387
376 396
376 476
377 14
377 285
377 362
377 390
377 441
377 453
377 456
377 496
378 16
378 159
378 164
378 205
378 287
378 438
378 478
378 479
379 24
379 54
379 192
379 286
379 363
379 366
379 381
379 440
380 34
380 221
380 224
380 369
380 418
380 434
380 458
380 484
381 223
381 254
381 265
381 326
381 379
381 454
381 461
381 477
382 90
382 144
382 153
382 256
382 344
382 365
382 485
382 498
383 118
383 122
383 240
383 312
383 325
383 332
383 373
383 410
384 120
384 216
384 228
384 257
384 263
384 279
384 492
384 499
385 48
385 129
385 173
385 337
385 386
385 438
385 487
385 497
386 19
386 41
386 214
386 385
386 411
386 442
386 464
386 473
387 208
387 250
387 270
387 352
387 360
387 376
387 470
387 486
388 7
388 123
388 133
388 274
388 340
388 467
388 472
388 478
389 1
389 79
389 302
389 394
389 446
389 448
389 492
389 499
390 181
390 191
390 241
390 295
390 333
390 377
390 403
390 499
391 7
391 93
391 108
391 162
391 253
391 437
391 490
391 497
392 135
392 145
392 170
392 359
392 364
392 396
392 460
392 495
393 52
393 168
393 189
393 216
393 301
393 317
393 335
393 441
394 195
394 220
394 260
394 294
394 328
394 389
394 430
394 448
395 19
395 72
395 115
395 225
395 266
395 273
395 339
395 396
396 87
396 270
396 341
396 376
396 392
396 395
396 416
396 481
397 33
397 100
397 122
397 286
397 297
397 346
397 363
397 367
398 54
398 188
398 231
398 322
398 415
398 429
398 430
398 463
399 13
399 110
399 138
399 185
399 275
399 310
399 401
399 403
399 438
400 179
400 208
400 212
400 294
400 313
400 327
400 350
400 416
400 461
401 40
401 179
401 223
401 375
401 399
401 406
401 449
401 478
401 496
402 82
402 170
402 289
402 419
402 421
402 462
402 463
402 469
402 475
403 12
403 48
403 243
403 257
403 277
403 390
403 399
403 405
403 432
404 80
404 290
404 302
404 313
404 341
404 356
404 365
404 476
404 487
405 57
405 81
405 227
405 288
405 403
405 415
405 431
405 449
405 495
406 146
406 208
406 222
406 361
406 401
406 413
406 414
406 463
406 500
407 71
407 166
407 214
407 443
407 464
407 479
407 483
407 492
407 498
408 114
408 128
408 205
408 216
408 358
408 372
408 412
408 417
408 448
409 99
409 136
409 160
409 176
409 242
409 282
409 364
409 454
409 475
410 139
410 200
410 225
410 370
410 383
410 444
410 479
410 483
410 491
411 36
411 133
411 263
411 289
411 386
411 428
411 462
411 494
411 495
412 5
412 57
412 84
412 111
412 303
412 408
412 471
412 473
412 481
413 53
413 72
413 136
413 213
413 254
413 323
413 406
413 471
413 495
414 83
414 139
414 287
414 296
414 325
414 370
414 406
414 424
414 464
415 40
415 48
415 65
415 112
415 148
415 274
415 398
415 405
415 474
416 174
416 202
416 271
416 356
416 396
416 400
416 422
416 482
416 497
417 209
417 309
417 358
417 408
417 435
417 441
417 452
417 465
417 487
418 87
418 213
418 253
418 256
418 308
418 380
418 440
418 474
418 500
419 85
419 218
419 235
419 296
419 321
419 334
419 355
419 373
419 402
420 39
420 107
420 175
420 245
420 288
420 343
420 423
420 447
420 483
421 63
421 121
421 239
421 291
421 402
421 453
421 488
421 492
421 494
422 74
422 152
422 283
422 367
422 416
422 433
422 458
422 460
422 484
423 27
423 67
423 125
423 211
423 234
423 268
423 420
423 458
423 485
424 36
424 172
424 176
424 210
424 307
424 368
424 414
424 435
424 489
425 39
425 115
425 206
425 270
425 312
425 330
425 343
425 471
425 486
426 18
426 81
426 88
426 209
426 294
426 445
426 467
426 468
426 479
427 37
427 187
427 210
427 230
427 443
427 460
427 461
427 464
427 478
428 6
428 8
428 125
428 196
428 315
428 411
428 456
428 480
428 487
429 15
429 29
429 168
429 236
429 242
429 346
429 398
429 495
429 497
430 242
430 288
430 290
430 299
430 327
430 394
430 398
430 442
430 466
430 478
431 16
431 56
431 155
431 271
431 361
431 405
431 454
431 462
431 469
431 496
432 23
432 165
432 194
432 240
432 301
432 349
432 403
432 459
432 488
432 496
433 4
433 25
433 246
433 275
433 361
433 422
433 441
433 463
433 488
433 500
434 41
434 160
434 168
434 183
434 288
434 303
434 305
434 357
434 380
434 493
435 7
435 13
435 126
435 180
435 261
435 262
435 338
435 417
435 424
435 469
436 169
436 203
436 219
436 255
436 292
436 444
436 448
436 472
436 474
436 499
437 30
437 83
437 171
437 262
437 298
437 355
437 370
437 391
437 449
437 468
438 165
438 296
438 322
438 378
438 385
438 399
438 441
438 448
438 456
438 486
439 34
439 77
439 85
439 94
439 238
439 270
439 285
439 464
439 470
439 483
440 7
440 73
440 110
440 299
440 305
440 354
440 379
440 418
440 442
440 493
441 129
441 223
441 320
441 332
441 377
441 393
441 417
441 433
441 438
441 485
442 164
442 175
442 182
442 355
442 386
442 430
442 440
442 449
442 452
442 475
443 24
443 77
443 146
443 201
443 224
443 286
443 321
443 407
443 427
443 463
443 479
444 16
444 108
444 144
444 300
444 336
444 358
444 410
444 436
444 460
444 466
444 483
445 29
445 113
445 132
445 196
445 293
445 294
445 317
445 426
445 446
445 460
445 478
446 78
446 113
446 125
446 223
446 243
446 389
446 445
446 455
446 461
446 472
446 495
447 32
447 45
447 110
447 142
447 190
447 193
447 230
447 313
447 343
447 420
447 449
448 26
448 84
448 180
448 235
448 300
448 389
448 394
448 408
448 436
448 438
448 500
449 11
449 126
449 148
449 401
449 405
449 437
449 442
449 447
449 463
449 484
449 496
450 4
450 42
450 89
450 114
450 134
450 151
450 206
450 267
450 305
450 340
450 452
451 145
451 179
451 191
451 196
451 206
451 221
451 252
451 291
451 468
451 498
451 499
452 47
452 104
452 147
452 180
452 259
452 304
452 417
452 442
452 450
452 468
452 491
453 132
453 176
453 227
453 243
453 306
453 314
453 336
453 359
453 377
453 421
453 490
454 154
454 159
454 211
454 258
454 354
454 357
454 381
454 409
454 431
454 465
454 479
455 10
455 31
455 138
455 182
455 200
455 227
455 238
455 290
455 317
455 369
455 446
456 56
456 65
456 191
456 268
456 372
456 377
456 428
456 438
456 470
456 479
456 489
457 45
457 78
457 125
457 181
457 190
457 231
457 248
457 254
457 332
457 367
457 466
458 13
458 27
458 70
458 94
458 170
458 173
458 207
458 226
458 380
458 422
458 423
459 1
459 53
459 60
459 262
459 272
459 274
459 280
459 307
459 373
459 432
459 492
459 499
460 121
460 128
460 329
460 342
460 368
460 392
460 422
460 427
460 444
460 445
460 473
460 492
461 74
461 95
461 124
461 226
461 315
461 372
461 381
461 400
461 427
461 446
461 475
461 476
462 59
462 119
462 151
462 223
462 325
462 339
462 352
462 402
462 411
462 431
462 493
462 499
463 166
463 304
463 319
463 329
463 398
463 402
463 406
463 433
463 443
463 449
463 467
463 484
464 190
464 205
464 224
464 227
464 233
464 317
464 345
464 386
464 407
464 414
464 427
464 439
465 26
465 38
465 56
465 82
465 116
465 124
465 141
465 305
465 319
465 353
465 417
465 454
466 55
466 134
466 155
466 267
466 278
466 340
466 355
466 430
466 444
466 457
466 476
466 485
467 35
467 187
467 252
467 260
467 282
467 307
467 308
467 328
467 334
467 388
467 426
467 463
467 490
468 145
468 316
468 321
468 329
468 334
468 370
468 426
468 437
468 451
468 452
468 470
468 471
468 498
469 203
469 233
469 234
469 239
469 278
469 288
469 330
469 344
469 402
469 431
469 435
469 480
469 490
470 17
470 184
470 231
470 259
470 342
470 347
470 352
470 387
470 439
470 456
470 468
470 482
470 488
471 74
471 148
471 195
471 301
471 304
471 311
471 346
471 361
471 412
471 413
471 425
471 468
471 475
471 487
472 23
472 84
472 92
472 188
472 198
472 202
472 287
472 312
472 362
472 388
472 436
472 446
472 476
472 486
473 22
473 162
473 192
473 201
473 214
473 238
473 313
473 318
473 355
473 386
473 412
473 460
473 474
473 498
474 12
474 30
474 45
474 79
474 124
474 146
474 224
474 258
474 262
474 330
474 364
474 415
474 418
474 436
474 473
475 72
475 94
475 136
475 141
475 158
475 231
475 241
475 375
475 402
475 409
475 442
475 461
475 471
475 477
475 493
476 1
476 142
476 152
476 154
476 188
476 230
476 310
476 314
476 357
476 376
476 404
476 461
476 466
476 472
476 492
477 15
477 123
477 126
477 130
477 151
477 203
477 242
477 260
477 271
477 281
477 311
477 337
477 381
477 475
477 495
478 31
478 53
478 76
478 84
478 106
478 143
478 187
478 213
478 362
478 378
478 388
478 401
478 427
478 430
478 445
479 18
479 31
479 176
479 304
479 318
479 353
479 378
479 407
479 410
479 426
479 443
479 454
479 456
479 488
479 498
480 15
480 68
480 98
480 166
480 196
480 212
480 213
480 308
480 319
480 428
480 469
480 482
480 484
480 487
480 496
481 20
481 84
481 157
481 173
481 202
481 234
481 260
481 294
481 297
481 299
481 323
481 341
481 396
481 412
481 500
482 21
482 75
482 78
482 114
482 117
482 189
482 278
482 282
482 354
482 358
482 369
482 416
482 470
482 480
482 485
482 493
483 3
483 35
483 45
483 65
483 74
483 96
483 202
483 250
483 332
483 365
483 407
483 410
483 420
483 439
483 444
483 497
484 29
484 35
484 40
484 43
484 93
484 136
484 147
484 165
484 168
484 229
484 277
484 315
484 380
484 422
484 449
484 463
484 480
485 9
485 37
485 107
485 110
485 128
485 130
485 137
485 200
485 263
485 382
485 423
485 441
485 466
485 482
485 487
485 490
485 498
486 2
486 10
486 17
486 34
486 51
486 185
486 188
486 265
486 267
486 306
486 387
486 425
486 438
486 472
486 488
486 493
486 495
487 83
487 89
487 173
487 193
487 194
487 236
487 300
487 335
487 351
487 371
487 385
487 404
487 417
487 428
487 471
487 480
487 485
488 94
488 115
488 125
488 130
488 163
488 254
488 263
488 294
488 311
488 421
488 432
488 433
488 470
488 479
488 486
488 490
488 493
489 83
489 131
489 153
489 179
489 186
489 215
489 239
489 249
489 270
489 281
489 314
489 320
489 351
489 367
489 424
489 456
489 491
490 64
490 117
490 186
490 197
490 209
490 210
490 243
490 284
490 329
490 391
490 453
490 467
490 469
490 485
490 488
490 492
490 495
490 500
491 3
491 14
491 33
491 118
491 133
491 145
491 196
491 229
491 231
491 269
491 321
491 333
491 341
491 354
491 410
491 452
491 489
491 497
492 27
492 44
492 110
492 154
492 176
492 178
492 211
492 234
492 351
492 384
492 389
492 407
492 421
492 459
492 460
492 476
492 490
492 493
492 496
493 20
493 38
493 86
493 89
493 159
493 203
493 303
493 334
493 347
493 434
493 440
493 462
493 475
493 482
493 486
493 488
493 492
493 498
493 500
494 48
494 62
494 71
494 93
494 100
494 119
494 123
494 158
494 170
494 209
494 241
494 323
494 337
494 344
494 369
494 411
494 421
494 496
494 498
495 12
495 26
495 92
495 95
495 169
495 171
495 182
495 198
495 238
495 392
495 405
495 411
495 413
495 429
495 446
495 477
495 486
495 490
495 500
496 21
496 23
496 52
496 88
496 129
496 280
496 281
496 296
496 313
496 373
496 375
496 377
496 401
496 431
496 432
496 449
496 480
496 492
496 494
496 500
497 21
497 47
497 71
497 83
497 85
497 87
497 189
497 219
497 244
497 268
497 284
497 306
497 307
497 314
497 385
497 391
497 416
497 429
497 483
497 491
498 27
498 49
498 116
498 117
498 147
498 206
498 215
498 274
498 296
498 301
498 309
498 382
498 407
498 451
498 468
498 473
498 479
498 485
498 493
498 494
499 39
499 67
499 101
499 141
499 177
499 197
499 209
499 218
499 221
499 241
499 335
499 337
499 349
499 371
499 384
499 389
499 390
499 436
499 451
499 459
499 462
500 30
500 61
500 62
500 129
500 158
500 197
500 217
500 277
500 318
500 334
500 353
500 356
500 406
500 418
500 433
500 448
500 481
500 490
500 493
500 495
500 496
