1 4
1 253
1 476
1 485
1 486
2 160
2 161
2 162
2 209
2 337
3 6
3 7
3 289
3 429
3 473
4 1
4 5
4 163
4 294
4 381
5 4
5 8
5 419
5 476
5 486
6 3
6 7
6 210
6 387
6 487
7 3
7 6
7 283
7 387
7 394
8 5
8 10
8 100
8 226
8 376
9 13
9 411
9 451
9 469
9 475
10 8
10 12
10 178
10 232
10 461
11 13
11 22
11 382
11 387
11 400
12 10
12 22
12 191
12 241
12 422
13 9
13 11
13 22
13 227
13 275
14 15
14 191
14 406
14 413
14 456
15 14
15 191
15 325
15 489
15 491
16 19
16 219
16 305
16 319
16 499
17 25
17 442
17 485
17 486
17 489
18 25
18 263
18 384
18 477
18 494
19 16
19 50
19 291
19 487
19 499
20 21
20 23
20 241
20 336
20 422
21 20
21 23
21 29
21 262
21 280
21 304
21 378
22 11
22 12
22 13
22 25
22 422
23 20
23 21
23 143
23 462
23 491
24 28
24 37
24 40
24 349
24 409
25 17
25 18
25 22
25 42
25 199
26 27
26 31
26 112
26 167
26 321
27 26
27 143
27 249
27 408
27 487
28 24
28 37
28 40
28 353
28 436
29 21
29 31
29 280
29 304
29 378
29 425
30 31
30 143
30 166
30 386
30 459
31 26
31 29
31 30
31 112
31 167
31 375
31 385
32 53
32 329
32 330
32 478
33 36
33 243
33 388
33 445
33 450
34 139
34 309
34 315
34 316
34 397
35 36
35 292
35 327
35 334
35 335
35 404
35 421
35 425
35 445
35 446
35 450
35 467
35 500
36 33
36 35
36 137
36 186
36 285
37 24
37 28
37 40
37 415
37 481
38 39
38 43
38 104
38 130
38 228
39 38
39 43
39 75
39 172
39 222
39 259
39 350
39 415
39 472
39 481
40 24
40 28
40 37
40 70
40 85
41 89
41 90
41 93
41 453
41 496
42 25
42 267
42 268
42 269
42 310
43 38
43 39
43 437
43 451
44 45
44 48
44 125
44 167
44 482
45 44
45 48
45 52
45 314
45 365
46 242
46 243
46 246
46 310
46 460
47 49
47 60
47 153
47 290
47 496
48 44
48 45
48 309
48 365
48 446
49 47
49 74
49 213
49 489
49 499
50 19
50 51
50 56
50 291
50 487
51 50
51 56
51 199
51 310
51 494
52 45
52 57
52 58
52 60
52 314
53 32
53 106
53 254
53 315
53 455
54 71
54 129
54 327
54 399
54 495
55 109
55 118
55 390
55 493
55 497
56 50
56 51
56 245
56 459
56 470
57 52
57 60
57 365
57 375
57 385
58 52
58 60
58 193
58 365
58 499
59 62
59 64
59 171
59 480
59 497
60 47
60 52
60 57
60 58
60 164
61 197
61 230
61 327
61 335
61 352
62 59
62 64
62 219
62 279
62 352
63 68
63 99
63 119
63 436
63 497
64 59
64 62
64 88
64 214
64 433
65 69
65 136
65 148
65 337
65 495
66 68
66 72
66 78
66 357
66 371
67 70
67 154
67 248
67 489
67 491
68 63
68 66
68 78
68 416
68 426
69 65
69 144
69 315
69 337
69 494
70 40
70 67
70 248
70 318
70 494
71 54
71 74
71 162
71 229
71 409
72 66
72 82
72 239
72 364
72 455
73 81
73 84
73 287
73 355
73 477
74 49
74 71
74 303
74 451
74 489
74 491
75 39
75 226
75 270
75 396
75 481
76 131
76 176
76 265
76 357
76 371
77 165
77 235
77 382
77 400
77 470
78 66
78 68
78 82
78 493
78 497
79 80
79 115
79 160
79 347
79 449
80 79
80 235
80 428
80 430
80 478
81 73
81 84
81 438
81 457
81 463
82 72
82 78
82 84
82 101
82 487
83 86
83 366
83 439
83 441
83 446
83 458
83 468
83 469
83 475
83 479
83 483
83 484
83 490
84 73
84 81
84 82
84 493
84 497
85 40
85 89
85 90
85 462
85 494
86 83
86 87
86 312
86 373
86 402
86 417
87 86
87 88
87 272
87 454
87 473
88 64
88 87
88 220
88 414
88 473
89 41
89 85
89 90
89 335
89 404
90 41
90 85
90 89
90 328
90 387
91 97
91 379
91 399
91 436
91 442
92 97
92 120
92 273
92 374
92 427
93 41
93 94
93 95
93 209
93 337
94 93
94 95
94 96
94 365
94 393
95 93
95 94
95 96
95 345
95 391
96 94
96 95
96 99
96 428
96 478
97 91
97 92
97 281
97 406
97 488
97 490
98 169
98 184
98 189
98 340
98 462
99 63
99 96
99 102
99 103
99 373
100 8
100 104
100 169
100 188
100 376
101 82
101 282
101 306
101 377
101 487
102 99
102 103
102 410
102 471
102 476
103 99
103 102
103 458
103 493
103 497
104 38
104 100
104 130
104 183
104 376
105 106
105 119
105 277
105 402
105 454
106 53
106 105
106 110
106 254
106 318
107 120
107 122
107 123
107 447
107 486
108 214
108 215
108 216
108 228
108 275
109 55
109 113
109 244
109 295
109 321
110 106
110 111
110 284
110 312
110 412
111 110
111 301
111 334
111 360
111 466
112 26
112 31
112 114
112 115
112 375
113 109
113 278
113 295
113 434
113 500
114 112
114 115
114 162
114 229
114 409
115 79
115 112
115 114
115 408
115 449
116 119
116 238
116 345
116 391
116 453
117 119
117 204
117 370
117 417
117 497
118 55
118 295
118 341
118 390
118 427
119 63
119 105
119 116
119 117
119 277
120 92
120 107
120 273
120 374
120 497
121 124
121 142
121 215
121 295
121 452
122 107
122 137
122 186
122 212
122 403
123 107
123 157
123 213
123 273
123 374
124 121
124 132
124 209
124 337
124 452
125 44
125 127
125 203
125 213
125 362
125 375
125 385
126 127
126 213
126 252
126 264
126 293
127 125
127 126
127 241
127 336
127 422
128 129
128 173
128 336
128 384
128 396
129 54
129 128
129 343
129 374
129 432
129 495
130 38
130 104
130 183
130 232
130 487
131 76
131 207
131 208
131 230
131 297
132 124
132 134
132 410
132 411
132 471
133 184
133 232
133 333
133 370
133 480
133 493
134 132
134 411
134 414
134 452
134 465
135 142
135 184
135 215
135 239
135 491
136 65
136 180
136 184
136 282
136 495
137 36
137 122
137 138
137 285
137 424
138 137
138 142
138 392
138 447
138 482
138 485
138 486
139 34
139 318
139 353
139 379
139 474
140 144
140 235
140 260
140 276
140 279
140 305
140 319
140 331
140 352
140 367
140 398
140 466
141 145
141 203
141 362
141 394
141 425
142 121
142 135
142 138
142 144
142 364
143 23
143 27
143 30
143 459
143 489
144 69
144 140
144 142
144 315
144 494
145 141
145 268
145 394
145 411
145 429
146 149
146 247
146 304
146 308
146 311
147 150
147 154
147 457
147 463
147 474
148 65
148 149
148 306
148 343
148 495
149 146
149 148
149 163
149 431
149 462
150 147
150 290
150 345
150 365
150 423
151 152
151 405
151 452
151 457
151 463
152 151
152 157
152 236
152 456
152 477
153 47
153 339
153 345
153 394
153 425
154 67
154 147
154 156
154 290
154 489
155 159
155 165
155 382
155 400
155 423
156 154
156 290
156 345
156 428
156 478
157 123
157 152
157 159
157 273
157 374
158 160
158 170
158 290
158 462
158 465
159 155
159 157
159 248
159 351
159 358
160 2
160 79
160 158
160 161
160 408
160 449
161 2
161 160
161 162
161 270
161 459
161 464
162 2
162 71
162 114
162 161
162 164
162 409
163 4
163 149
163 164
163 165
163 166
163 465
164 60
164 162
164 163
164 166
164 290
164 339
165 77
165 155
165 163
165 166
165 342
165 495
166 30
166 163
166 164
166 165
166 338
166 470
167 26
167 31
167 44
167 168
167 427
167 497
168 167
168 170
168 412
168 417
168 420
168 427
169 98
169 100
169 297
169 377
169 475
169 498
170 158
170 168
170 171
170 427
170 462
170 491
171 59
171 170
171 172
171 483
171 493
171 497
172 39
172 171
172 173
172 174
172 472
172 481
173 128
173 172
173 174
173 176
173 439
173 475
174 172
174 173
174 176
174 338
174 386
174 448
175 179
175 257
175 411
175 451
175 465
175 469
176 76
176 173
176 174
176 178
176 357
176 371
177 178
177 187
177 341
177 403
177 427
177 477
178 10
178 176
178 177
178 180
178 313
178 461
179 175
179 195
179 240
179 257
179 277
179 295
180 136
180 178
180 181
180 187
180 401
180 495
181 180
181 183
181 188
181 281
181 456
181 477
182 333
182 363
182 410
182 417
182 423
182 471
183 104
183 130
183 181
183 188
183 228
183 407
184 98
184 133
184 135
184 136
184 189
184 462
185 266
185 268
185 272
185 316
185 386
185 454
186 36
186 122
186 212
186 258
186 341
186 392
187 177
187 180
187 188
187 211
187 313
187 477
188 100
188 181
188 183
188 187
188 226
188 376
189 98
189 184
189 190
189 307
189 414
189 462
190 189
190 193
190 233
190 307
190 480
190 497
191 12
191 14
191 15
191 476
191 482
191 485
192 193
192 194
192 202
192 323
192 454
192 473
193 58
193 190
193 192
193 194
193 466
193 499
194 192
194 193
194 253
194 307
194 438
194 440
195 179
195 257
195 277
195 394
195 434
195 465
196 198
196 199
196 363
196 368
196 410
196 471
197 61
197 230
197 317
197 352
197 480
197 493
198 196
198 368
198 420
198 428
198 430
198 478
199 25
199 51
199 196
199 368
199 456
199 494
200 201
200 202
200 368
200 389
200 435
200 460
201 200
201 202
201 203
201 365
201 393
201 423
202 192
202 200
202 201
202 203
202 454
202 473
203 125
203 141
203 201
203 202
203 204
203 362
204 117
204 203
204 205
204 207
204 480
204 493
205 204
205 206
205 207
205 248
205 351
205 358
206 205
206 207
206 208
206 223
206 328
206 387
207 131
207 204
207 205
207 206
207 230
207 297
208 131
208 206
208 210
208 211
208 230
208 297
209 2
209 93
209 124
209 233
209 337
209 434
210 6
210 208
210 211
210 212
210 449
210 487
211 187
211 208
211 210
211 212
211 274
211 461
212 122
212 186
212 210
212 211
212 214
212 285
213 49
213 123
213 125
213 126
213 261
213 491
214 64
214 108
214 212
214 215
214 433
214 465
215 108
215 121
215 135
215 214
215 216
215 364
216 108
216 215
216 275
216 476
216 482
216 485
217 218
217 219
217 275
217 286
217 421
217 450
218 217
218 219
218 275
218 443
218 474
218 496
219 16
219 62
219 217
219 218
219 221
219 367
220 88
220 221
220 222
220 223
220 294
220 354
221 219
221 220
221 223
221 298
221 455
221 494
222 39
222 220
222 223
222 408
222 415
222 481
223 206
223 220
223 221
223 222
224 256
224 287
224 339
224 355
224 421
224 433
225 227
225 256
225 287
225 339
225 355
225 421
226 8
226 75
226 188
226 346
226 376
226 478
227 13
227 225
227 228
227 229
227 255
227 429
228 38
228 108
228 183
228 227
228 229
228 421
229 71
229 114
229 227
229 228
229 349
229 483
230 61
230 131
230 197
230 207
230 208
230 352
231 328
231 329
231 341
231 392
231 403
231 427
232 10
232 130
232 133
232 236
232 348
232 488
233 190
233 209
233 286
233 317
233 480
233 493
234 236
234 237
234 238
234 258
234 320
234 495
235 77
235 80
235 140
235 260
235 279
235 464
236 152
236 232
236 234
236 237
236 238
236 488
237 234
237 236
237 238
237 307
237 452
237 499
238 116
238 234
238 236
238 237
238 345
238 391
239 72
239 135
239 240
239 241
239 364
239 484
240 179
240 239
240 241
240 246
240 269
240 370
241 12
241 20
241 127
241 239
241 240
241 370
242 46
242 292
242 310
242 370
242 421
242 450
243 33
243 46
243 370
243 421
243 443
243 445
244 109
244 245
244 246
244 247
244 489
244 491
245 56
245 244
245 246
245 409
245 459
245 464
246 46
246 240
246 244
246 245
246 269
246 295
247 146
247 244
247 249
247 250
247 381
247 465
248 67
248 70
248 159
248 205
248 306
248 337
249 27
249 247
249 250
249 408
249 449
249 452
250 247
250 249
250 251
250 342
250 382
250 400
251 250
251 254
251 255
251 299
251 471
252 126
252 329
252 330
252 344
252 361
252 489
253 1
253 194
253 321
253 388
253 440
253 444
254 53
254 106
254 251
254 255
254 442
254 471
255 227
255 251
255 254
255 275
255 363
255 429
256 224
256 225
256 262
256 287
256 338
256 355
257 175
257 179
257 195
257 277
257 436
257 438
258 186
258 234
258 328
258 341
258 401
258 432
259 39
259 260
259 363
259 415
259 481
259 485
260 140
260 235
260 259
260 261
260 263
260 305
261 213
261 260
261 263
261 363
261 462
261 489
262 21
262 256
262 280
262 304
262 338
262 378
263 18
263 260
263 261
263 396
263 440
263 479
264 126
264 265
264 344
264 355
264 361
264 386
265 76
265 264
265 355
265 357
265 371
265 386
266 185
266 267
266 355
266 405
266 457
266 463
267 42
267 266
267 268
267 301
267 372
267 499
268 42
268 145
268 185
268 267
268 426
268 429
269 42
269 240
269 246
269 295
269 342
269 475
270 75
270 161
270 271
270 396
270 448
270 464
271 270
271 272
271 273
271 411
271 437
271 451
272 87
272 185
272 271
272 273
272 342
272 454
272 473
273 92
273 120
273 123
273 157
273 271
273 272
273 274
274 211
274 273
274 417
274 477
274 482
274 488
275 13
275 108
275 216
275 217
275 218
275 255
275 416
276 140
276 279
276 305
276 319
276 322
276 333
276 456
277 105
277 119
277 179
277 195
277 257
277 280
277 417
278 113
278 332
278 364
278 366
278 367
278 369
278 394
279 62
279 140
279 235
279 276
279 322
279 412
279 417
280 21
280 29
280 262
280 277
280 281
280 283
280 285
281 97
281 181
281 280
281 283
281 285
281 443
281 490
282 101
282 136
282 291
282 332
282 476
282 485
282 486
283 7
283 280
283 281
283 285
283 332
283 434
283 443
284 110
284 322
284 333
284 373
284 420
284 423
285 36
285 137
285 212
285 280
285 281
285 283
285 443
286 217
286 233
286 340
286 359
286 376
286 445
286 467
287 73
287 224
287 225
287 256
287 303
287 311
287 322
288 293
288 294
288 298
288 341
288 403
288 427
288 443
289 3
289 350
289 435
289 468
289 473
289 495
289 496
290 47
290 150
290 154
290 156
290 158
290 164
290 339
291 19
291 50
291 282
291 306
291 377
291 487
291 492
292 35
292 242
292 375
292 378
292 437
292 467
292 495
293 126
293 288
293 294
293 298
293 344
293 361
293 500
294 4
294 220
294 288
294 293
294 298
294 431
294 443
295 109
295 113
295 118
295 121
295 179
295 246
295 269
296 298
296 300
296 301
296 405
296 441
296 457
296 463
297 131
297 169
297 207
297 208
297 327
297 340
297 347
298 221
298 288
298 293
298 294
298 296
298 442
298 455
299 251
299 353
299 439
299 471
299 477
299 483
300 296
300 301
300 302
300 388
300 442
300 455
300 472
301 111
301 267
301 296
301 300
301 302
301 474
301 499
302 300
302 301
302 344
302 351
302 443
302 474
302 496
303 74
303 287
303 311
303 321
303 489
303 494
304 21
304 29
304 146
304 262
304 305
304 311
305 16
305 140
305 260
305 276
305 304
305 308
305 312
306 101
306 148
306 248
306 291
306 351
306 358
306 377
307 189
307 190
307 194
307 237
307 452
307 466
307 467
308 146
308 305
308 312
308 368
308 372
308 395
308 499
309 34
309 48
309 317
309 318
309 458
309 479
309 484
310 42
310 46
310 51
310 242
310 442
310 486
310 488
311 146
311 287
311 303
311 304
311 360
311 452
311 499
312 86
312 110
312 305
312 308
312 316
312 402
312 412
313 178
313 187
313 315
313 316
313 448
313 461
313 490
314 45
314 52
314 323
314 381
314 414
314 446
314 490
315 34
315 53
315 69
315 144
315 313
315 316
315 442
316 34
316 185
316 312
316 313
316 315
316 397
316 473
317 197
317 233
317 309
317 319
317 480
317 484
318 70
318 106
318 139
318 309
318 319
318 388
318 494
319 16
319 140
319 276
319 317
319 318
319 324
319 398
320 234
320 324
320 326
320 432
320 446
320 495
321 26
321 109
321 253
321 303
321 388
321 491
321 492
322 276
322 279
322 284
322 287
322 324
322 416
322 426
323 192
323 314
323 328
323 387
323 414
323 420
323 446
324 319
324 320
324 322
324 326
324 416
324 426
324 429
325 15
325 395
325 432
325 440
325 448
325 459
325 491
326 320
326 324
326 346
326 392
326 393
326 423
327 35
327 54
327 61
327 297
327 340
327 347
327 425
328 90
328 206
328 231
328 258
328 323
328 341
328 387
329 32
329 231
329 252
329 411
329 430
329 478
330 32
330 252
330 331
330 335
330 428
330 430
330 478
331 140
331 330
331 335
331 352
331 362
331 367
331 398
332 278
332 282
332 283
332 374
332 393
332 394
332 434
333 133
333 182
333 276
333 284
333 423
333 493
333 497
334 35
334 111
334 348
334 359
334 374
334 421
334 425
335 35
335 61
335 89
335 330
335 331
335 362
335 467
336 20
336 127
336 128
336 359
336 422
336 437
336 479
337 2
337 65
337 69
337 93
337 124
337 209
337 248
338 166
338 174
338 256
338 262
338 448
338 464
338 470
339 153
339 164
339 224
339 225
339 290
339 421
339 489
340 98
340 286
340 297
340 327
340 443
340 453
340 474
340 496
341 118
341 177
341 186
341 231
341 258
341 288
341 328
341 392
342 165
342 250
342 269
342 272
342 346
342 382
342 400
342 439
343 129
343 148
343 354
343 381
343 412
343 432
343 495
343 498
344 252
344 264
344 293
344 302
344 351
344 353
344 361
344 439
345 95
345 116
345 150
345 153
345 156
345 238
345 391
345 495
346 226
346 326
346 342
346 393
346 396
346 423
346 484
347 79
347 297
347 327
347 390
347 443
347 474
347 479
347 496
348 232
348 334
348 374
348 388
348 406
348 442
348 455
348 494
349 24
349 229
349 401
349 404
349 409
349 415
349 418
349 435
350 39
350 289
350 415
350 435
350 468
350 481
350 485
350 495
351 159
351 205
351 302
351 306
351 344
351 353
351 358
351 439
352 61
352 62
352 140
352 197
352 230
352 331
352 388
352 492
353 28
353 139
353 299
353 344
353 351
353 438
353 439
353 444
354 220
354 343
354 381
354 398
354 412
354 414
354 433
354 456
355 73
355 224
355 225
355 256
355 264
355 265
355 266
355 386
356 358
356 360
356 424
356 439
356 443
356 453
356 477
356 496
357 66
357 76
357 176
357 265
357 407
357 445
357 466
357 492
358 159
358 205
358 306
358 351
358 356
358 360
358 477
358 485
359 286
359 334
359 336
359 376
359 389
359 407
359 435
359 460
360 111
360 311
360 356
360 358
360 361
360 466
360 477
360 499
361 252
361 264
361 293
361 344
361 360
361 364
361 367
361 477
362 125
362 141
362 203
362 331
362 335
362 377
363 182
363 196
363 255
363 259
363 261
363 410
363 466
363 471
364 72
364 142
364 215
364 239
364 278
364 361
364 366
364 367
365 45
365 48
365 57
365 58
365 94
365 150
365 201
365 423
366 83
366 278
366 364
366 367
366 441
366 468
366 484
366 499
367 140
367 219
367 278
367 331
367 361
367 364
367 366
367 492
368 196
368 198
368 199
368 200
368 308
368 395
368 452
368 499
369 278
369 372
369 373
369 389
369 407
369 435
369 453
369 460
370 117
370 133
370 240
370 241
370 242
370 243
370 480
370 497
371 66
371 76
371 176
371 265
371 372
371 373
371 375
371 478
372 267
372 308
372 369
372 371
372 373
372 375
372 395
372 466
373 86
373 99
373 284
373 369
373 371
373 372
373 375
373 420
374 92
374 120
374 123
374 129
374 157
374 332
374 334
374 348
375 31
375 57
375 112
375 125
375 292
375 371
375 372
375 373
376 8
376 100
376 104
376 188
376 226
376 286
376 359
376 469
377 101
377 169
377 291
377 306
377 362
377 475
377 479
377 498
378 21
378 29
378 262
378 292
378 379
378 380
378 457
379 91
379 139
379 378
379 380
379 383
379 399
379 437
379 438
379 444
380 378
380 379
380 382
380 437
380 476
380 482
380 485
381 4
381 247
381 314
381 343
381 354
381 416
381 420
381 431
381 456
382 11
382 77
382 155
382 250
382 342
382 380
382 383
382 384
382 405
383 379
383 382
383 405
383 419
383 437
383 476
383 482
383 485
383 486
384 18
384 128
384 382
384 405
384 437
384 468
384 469
384 472
384 484
385 31
385 57
385 125
385 389
385 400
385 402
385 424
386 30
386 174
386 185
386 264
386 265
386 355
386 459
386 464
386 470
387 6
387 7
387 11
387 90
387 206
387 323
387 328
387 429
387 442
388 33
388 253
388 300
388 318
388 321
388 348
388 352
388 455
388 494
389 200
389 359
389 369
389 385
389 400
389 405
389 407
389 424
389 460
390 55
390 118
390 347
390 418
390 424
390 430
390 453
390 493
390 496
391 95
391 116
391 238
391 345
391 441
391 457
391 483
391 492
391 493
392 138
392 186
392 231
392 326
392 341
392 419
392 447
392 482
392 486
393 94
393 201
393 326
393 332
393 346
393 398
393 408
393 409
393 410
394 7
394 141
394 145
394 153
394 195
394 278
394 332
394 425
394 434
395 308
395 325
395 368
395 372
395 434
395 444
395 451
395 452
395 459
396 75
396 128
396 263
396 270
396 346
396 469
396 483
396 484
396 488
397 34
397 316
397 399
397 403
397 406
397 408
397 413
397 454
397 473
398 140
398 319
398 331
398 354
398 393
398 408
398 409
398 410
398 492
399 54
399 91
399 379
399 397
399 403
399 406
399 413
399 440
399 444
400 11
400 77
400 155
400 250
400 342
400 385
400 389
400 402
400 424
401 180
401 258
401 349
401 404
401 415
401 418
401 432
401 435
401 495
402 86
402 105
402 312
402 385
402 400
402 405
402 412
402 420
402 424
403 122
403 177
403 231
403 288
403 397
403 399
403 406
403 413
403 427
404 35
404 89
404 349
404 401
404 415
404 418
404 435
404 467
404 500
405 151
405 266
405 296
405 382
405 383
405 384
405 389
405 402
405 457
406 14
406 97
406 348
406 397
406 399
406 403
406 410
406 461
406 488
406 490
407 183
407 357
407 359
407 369
407 389
407 429
407 435
407 442
407 460
407 466
408 27
408 115
408 160
408 222
408 249
408 393
408 397
408 398
408 409
408 449
409 24
409 71
409 114
409 162
409 245
409 349
409 393
409 398
409 408
409 413
410 102
410 132
410 182
410 196
410 363
410 393
410 398
410 406
410 413
410 417
411 9
411 132
411 134
411 145
411 175
411 271
411 329
411 425
411 437
411 451
412 110
412 168
412 279
412 312
412 343
412 354
412 402
412 416
412 417
412 463
413 14
413 397
413 399
413 403
413 409
413 410
413 461
413 477
413 488
413 490
414 88
414 134
414 189
414 314
414 323
414 354
414 431
414 446
414 465
414 466
415 37
415 39
415 222
415 259
415 349
415 350
415 401
415 404
415 418
415 419
416 68
416 275
416 322
416 324
416 381
416 412
416 420
416 426
416 446
416 456
417 86
417 117
417 168
417 182
417 274
417 277
417 279
417 410
417 412
417 420
418 349
418 390
418 401
418 404
418 415
418 419
418 424
418 443
418 474
418 496
419 5
419 383
419 392
419 415
419 418
419 422
419 426
419 447
419 478
419 482
420 168
420 198
420 284
420 323
420 373
420 381
420 402
420 416
420 417
420 456
421 35
421 217
421 224
421 225
421 228
421 242
421 243
421 334
421 339
421 425
422 12
422 20
422 22
422 127
422 336
422 419
422 426
422 428
422 455
422 478
423 150
423 155
423 182
423 201
423 284
423 326
423 333
423 346
423 365
423 481
424 137
424 356
424 385
424 389
424 390
424 400
424 402
424 418
424 453
424 496
425 29
425 35
425 141
425 153
425 327
425 334
425 394
425 411
425 421
425 450
426 68
426 268
426 322
426 324
426 416
426 419
426 422
426 428
426 455
426 478
427 92
427 118
427 167
427 168
427 170
427 177
427 231
427 288
427 403
427 492
428 80
428 96
428 156
428 198
428 330
428 422
428 426
428 431
428 444
428 455
429 3
429 145
429 227
429 255
429 268
429 324
429 387
429 407
429 442
429 466
430 80
430 198
430 329
430 330
430 390
430 433
430 436
430 438
430 462
430 478
430 484
431 149
431 294
431 381
431 414
431 428
431 433
431 444
431 451
431 455
431 465
431 478
432 129
432 258
432 320
432 325
432 343
432 401
432 433
432 440
432 448
432 459
432 484
433 64
433 214
433 224
433 354
433 430
433 431
433 432
433 438
433 462
433 465
433 484
434 113
434 195
434 209
434 283
434 332
434 394
434 395
434 444
434 451
434 455
434 478
435 200
435 289
435 349
435 350
435 359
435 369
435 401
435 404
435 407
435 460
435 495
436 28
436 63
436 91
436 257
436 430
436 440
436 444
436 445
436 462
436 483
436 492
437 43
437 271
437 292
437 336
437 379
437 380
437 383
437 384
437 411
437 451
438 81
438 194
438 257
438 353
438 379
438 430
438 433
438 440
438 445
438 462
438 492
439 83
439 173
439 299
439 342
439 344
439 351
439 353
439 356
439 475
439 479
439 498
440 194
440 253
440 263
440 325
440 399
440 432
440 436
440 438
440 444
440 448
440 459
440 484
441 83
441 296
441 366
441 391
441 453
441 465
441 468
441 469
441 472
441 474
441 483
441 484
442 17
442 91
442 254
442 298
442 300
442 310
442 315
442 348
442 387
442 407
442 429
442 466
443 218
443 243
443 281
443 283
443 285
443 288
443 294
443 302
443 340
443 347
443 356
443 418
444 253
444 353
444 379
444 395
444 399
444 428
444 431
444 434
444 436
444 440
444 448
444 451
445 33
445 35
445 243
445 286
445 357
445 436
445 438
445 467
445 483
445 492
445 495
445 500
446 35
446 48
446 83
446 314
446 320
446 323
446 414
446 416
446 458
446 479
446 483
446 484
447 107
447 138
447 392
447 419
447 449
447 450
447 454
447 460
447 476
447 480
447 482
447 499
448 174
448 270
448 313
448 325
448 338
448 432
448 440
448 444
448 459
448 464
448 470
448 490
449 79
449 115
449 160
449 210
449 249
449 408
449 447
449 450
449 454
449 460
449 480
449 499
450 33
450 35
450 217
450 242
450 425
450 447
450 449
450 454
450 460
450 467
450 479
450 499
451 9
451 43
451 74
451 175
451 271
451 395
451 411
451 431
451 434
451 437
451 444
451 459
452 121
452 124
452 134
452 151
452 237
452 249
452 307
452 311
452 368
452 395
452 466
452 486
453 41
453 116
453 340
453 356
453 369
453 390
453 424
453 441
453 457
453 469
453 472
453 474
453 500
454 87
454 105
454 185
454 192
454 202
454 272
454 397
454 447
454 449
454 450
454 460
454 479
454 480
455 53
455 72
455 221
455 298
455 300
455 348
455 388
455 422
455 426
455 428
455 431
455 434
455 478
456 14
456 152
456 181
456 199
456 276
456 354
456 381
456 416
456 420
456 461
456 477
456 488
456 490
457 81
457 147
457 151
457 266
457 296
457 378
457 391
457 405
457 453
457 463
457 469
457 472
457 483
458 83
458 103
458 309
458 446
458 460
458 464
458 467
458 468
458 469
458 473
458 479
458 482
458 489
459 30
459 56
459 143
459 161
459 245
459 325
459 386
459 395
459 432
459 440
459 448
459 451
459 470
460 46
460 200
460 359
460 369
460 389
460 407
460 435
460 447
460 449
460 450
460 454
460 458
460 464
460 479
461 10
461 178
461 211
461 313
461 406
461 413
461 456
461 470
461 476
461 481
461 486
461 487
461 498
462 23
462 85
462 98
462 149
462 158
462 170
462 184
462 189
462 261
462 430
462 433
462 436
462 438
462 484
463 81
463 147
463 151
463 266
463 296
463 412
463 457
463 471
463 480
463 490
463 491
463 493
463 494
463 496
464 161
464 235
464 245
464 270
464 338
464 386
464 448
464 458
464 460
464 467
464 470
464 473
464 475
464 479
465 134
465 158
465 163
465 175
465 195
465 214
465 247
465 414
465 431
465 433
465 441
465 468
465 469
465 474
466 111
466 140
466 193
466 307
466 357
466 360
466 363
466 372
466 407
466 414
466 429
466 442
466 452
466 499
467 35
467 286
467 292
467 307
467 335
467 404
467 445
467 450
467 458
467 464
467 473
467 475
467 482
467 489
468 83
468 289
468 350
468 366
468 384
468 441
468 458
468 465
468 469
468 475
468 482
468 485
468 489
468 495
469 9
469 83
469 175
469 376
469 384
469 396
469 441
469 453
469 457
469 458
469 465
469 468
469 472
469 474
469 483
470 56
470 77
470 166
470 338
470 386
470 448
470 459
470 461
470 464
470 476
470 481
470 486
470 488
470 497
470 498
471 102
471 132
471 182
471 196
471 251
471 254
471 299
471 363
471 463
471 476
471 486
471 490
471 493
471 497
471 500
472 39
472 172
472 300
472 384
472 441
472 453
472 457
472 469
472 474
472 481
473 3
473 87
473 88
473 192
473 202
473 272
473 289
473 316
473 397
473 458
473 464
473 467
473 475
473 479
473 494
474 139
474 147
474 218
474 301
474 302
474 340
474 347
474 418
474 441
474 453
474 465
474 469
474 472
474 496
474 498
475 9
475 83
475 169
475 173
475 269
475 377
475 439
475 464
475 467
475 468
475 473
475 482
475 483
475 485
475 489
476 1
476 5
476 102
476 191
476 216
476 282
476 380
476 383
476 447
476 461
476 470
476 471
476 481
476 488
476 497
476 500
477 18
477 73
477 152
477 177
477 181
477 187
477 274
477 299
477 356
477 358
477 360
477 361
477 413
477 456
477 488
477 490
478 32
478 80
478 96
478 156
478 198
478 226
478 329
478 330
478 371
478 419
478 422
478 426
478 430
478 431
478 434
478 455
479 83
479 263
479 309
479 336
479 347
479 377
479 439
479 446
479 450
479 454
479 458
479 460
479 464
479 473
479 482
479 483
480 59
480 133
480 190
480 197
480 204
480 233
480 317
480 370
480 447
480 449
480 454
480 463
480 491
480 494
480 496
480 499
481 37
481 39
481 75
481 172
481 222
481 259
481 350
481 423
481 461
481 470
481 472
481 476
481 486
481 488
481 497
481 498
482 44
482 138
482 191
482 216
482 274
482 380
482 383
482 392
482 419
482 447
482 458
482 467
482 468
482 475
482 479
482 489
483 83
483 171
483 229
483 299
483 391
483 396
483 436
483 441
483 445
483 446
483 457
483 469
483 475
483 479
483 484
483 492
484 83
484 239
484 309
484 317
484 346
484 366
484 384
484 396
484 430
484 432
484 433
484 440
484 441
484 446
484 462
484 483
485 1
485 17
485 138
485 191
485 216
485 259
485 282
485 350
485 358
485 380
485 383
485 468
485 475
485 489
485 491
485 495
486 1
486 5
486 17
486 107
486 138
486 282
486 310
486 383
486 392
486 452
486 461
486 470
486 471
486 481
486 488
486 497
486 500
487 6
487 19
487 27
487 50
487 82
487 101
487 130
487 210
487 291
487 461
487 498
488 97
488 232
488 236
488 274
488 310
488 396
488 406
488 413
488 456
488 470
488 476
488 477
488 481
488 486
488 490
488 497
488 498
488 500
489 15
489 17
489 49
489 67
489 74
489 143
489 154
489 244
489 252
489 261
489 303
489 339
489 458
489 467
489 468
489 475
489 482
489 485
490 83
490 97
490 281
490 313
490 314
490 406
490 413
490 448
490 456
490 463
490 471
490 477
490 488
490 491
490 493
490 494
490 496
490 500
491 15
491 23
491 67
491 74
491 135
491 170
491 213
491 244
491 321
491 325
491 463
491 480
491 485
491 490
491 493
491 494
491 496
491 499
492 291
492 321
492 352
492 357
492 367
492 391
492 398
492 427
492 436
492 438
492 445
492 483
493 55
493 78
493 84
493 103
493 133
493 171
493 197
493 204
493 233
493 333
493 390
493 391
493 463
493 471
493 490
493 491
493 494
493 496
493 500
494 18
494 51
494 69
494 70
494 85
494 144
494 199
494 221
494 303
494 318
494 348
494 388
494 463
494 473
494 480
494 490
494 491
494 493
494 496
494 499
495 54
495 65
495 129
495 136
495 148
495 165
495 180
495 234
495 289
495 292
495 320
495 343
495 345
495 350
495 401
495 435
495 445
495 468
495 485
495 496
496 41
496 47
496 218
496 289
496 302
496 340
496 347
496 356
496 390
496 418
496 424
496 463
496 474
496 480
496 490
496 491
496 493
496 494
496 495
496 499
497 55
497 59
497 63
497 78
497 84
497 103
497 117
497 120
497 167
497 171
497 190
497 333
497 370
497 470
497 471
497 476
497 481
497 486
497 488
497 500
498 169
498 343
498 377
498 439
498 461
498 470
498 474
498 481
498 487
498 488
499 16
499 19
499 49
499 58
499 193
499 237
499 267
499 301
499 308
499 311
499 360
499 366
499 368
499 447
499 449
499 450
499 466
499 480
499 491
499 494
499 496
500 35
500 113
500 293
500 404
500 445
500 453
500 471
500 476
500 486
500 488
500 490
500 493
500 497
