1 54
1 134
1 164
1 265
1 414
2 8
2 170
2 276
2 341
2 416
3 56
3 238
3 292
3 318
3 412
4 5
4 282
4 298
4 350
4 388
5 4
5 10
5 241
5 320
5 459
6 14
6 42
6 370
6 379
6 398
6 492
7 8
7 9
7 10
7 71
7 241
8 2
8 7
8 9
8 10
8 473
9 7
9 8
9 10
9 452
10 5
10 7
10 8
10 9
10 11
11 10
11 12
11 41
11 196
11 495
12 11
12 79
12 171
12 196
12 393
13 212
13 233
13 298
13 388
14 6
14 42
14 44
14 369
14 370
14 434
15 36
15 37
15 214
15 252
15 389
15 486
16 18
16 21
16 171
16 183
16 233
17 18
17 20
17 22
17 189
17 212
18 16
18 17
18 20
18 21
18 59
19 37
19 88
19 89
19 90
19 91
20 17
20 18
20 21
20 22
20 23
21 16
21 18
21 20
21 23
21 212
22 17
22 20
22 23
22 32
22 307
23 20
23 21
23 22
23 24
23 458
24 23
24 25
24 27
24 418
24 448
25 24
25 26
25 27
25 29
25 472
26 25
26 27
26 28
26 413
26 457
27 24
27 25
27 26
27 28
27 47
28 26
28 27
28 29
28 30
28 479
29 25
29 28
29 35
29 418
29 482
30 28
30 35
30 330
30 347
30 455
31 35
31 70
31 214
31 252
31 419
32 22
32 246
32 257
32 313
32 339
33 101
33 102
33 103
33 466
33 494
34 49
34 151
34 153
34 180
34 280
35 29
35 30
35 31
35 252
35 303
36 15
36 38
36 62
36 214
36 448
37 15
37 19
37 38
37 428
37 467
38 36
38 37
38 39
38 129
38 252
39 38
39 64
39 295
39 306
39 454
40 41
40 153
40 380
40 409
40 438
41 11
41 40
41 46
41 295
41 306
42 6
42 14
42 44
42 369
42 370
43 80
43 99
43 118
43 123
43 218
44 14
44 42
44 66
44 125
44 369
45 186
45 219
45 342
45 408
45 424
46 41
46 47
46 48
46 49
46 116
47 27
47 46
47 48
47 49
47 306
48 46
48 47
48 49
48 115
48 295
49 34
49 46
49 47
49 48
49 294
50 51
50 52
50 132
50 455
50 498
51 50
51 52
51 69
51 479
51 493
52 50
52 51
52 131
52 268
52 293
53 54
53 56
53 268
53 293
53 462
54 1
54 53
54 55
54 56
54 268
55 54
55 56
55 92
55 231
55 425
56 3
56 53
56 54
56 55
56 231
57 61
57 62
57 111
57 372
57 464
58 60
58 98
58 122
58 124
58 472
59 18
59 342
59 407
59 433
59 451
60 58
60 119
60 120
60 123
60 128
61 57
61 285
61 342
61 408
61 494
62 36
62 57
62 285
62 342
62 465
63 95
63 96
63 97
63 100
63 437
64 39
64 67
64 186
64 285
64 416
65 181
65 230
65 337
65 348
65 366
65 479
66 44
66 125
66 127
66 174
66 479
67 64
67 186
67 219
67 317
67 444
68 71
68 186
68 219
68 317
68 476
69 51
69 197
69 228
69 292
69 334
70 31
70 71
70 72
70 198
70 288
71 7
71 68
71 70
71 72
71 317
72 70
72 71
72 75
72 258
72 317
73 74
73 75
73 114
73 258
73 400
74 73
74 75
74 101
74 205
74 354
75 72
75 73
75 74
75 205
75 481
76 79
76 205
76 356
76 456
76 465
77 78
77 79
77 93
77 205
77 473
78 77
78 79
78 81
78 424
78 434
79 12
79 76
79 77
79 78
79 81
80 43
80 99
80 120
80 194
80 385
81 78
81 79
81 82
81 162
81 398
82 81
82 83
82 99
82 311
82 352
83 82
83 84
83 85
83 86
83 482
84 83
84 85
84 86
84 272
84 396
85 83
85 84
85 86
85 272
85 359
86 83
86 84
86 85
86 272
87 88
87 89
87 142
87 481
87 489
88 19
88 87
88 89
88 123
88 272
89 19
89 87
89 88
89 148
89 380
90 19
90 91
90 92
90 104
90 299
91 19
91 90
91 92
91 299
91 445
92 55
92 90
92 91
92 95
92 299
93 77
93 227
93 234
93 304
93 334
94 112
94 113
94 114
94 137
94 262
95 63
95 92
95 96
95 299
95 485
96 63
96 95
96 97
96 100
96 117
97 63
97 96
97 100
97 110
97 421
98 58
98 106
98 108
98 179
98 358
99 43
99 80
99 82
99 217
99 339
99 420
100 63
100 96
100 97
100 101
100 461
101 33
101 74
101 100
101 102
101 103
102 33
102 101
102 103
102 105
102 492
103 33
103 101
103 102
103 122
103 476
104 90
104 105
104 106
104 179
104 477
105 102
105 104
105 106
105 179
105 383
106 98
106 104
106 105
106 179
106 301
107 108
107 109
107 179
107 468
107 493
108 98
108 107
108 109
108 423
108 465
109 107
109 108
109 110
109 191
109 340
110 97
110 109
110 112
110 340
110 458
111 57
111 137
111 140
111 141
111 256
112 94
112 110
112 113
112 248
112 262
113 94
113 112
113 166
113 262
113 459
114 73
114 94
114 115
114 262
114 326
115 48
115 114
115 116
115 326
115 491
116 46
116 115
116 117
116 217
116 326
117 96
117 116
117 217
117 326
117 339
118 43
118 119
118 366
118 392
118 451
119 60
119 118
119 120
119 123
119 423
120 60
120 80
120 119
120 123
120 223
121 158
121 159
121 224
121 299
121 462
122 58
122 103
122 124
122 126
122 128
123 43
123 60
123 88
123 119
123 120
124 58
124 122
124 126
124 180
124 461
125 44
125 66
125 127
125 174
125 369
126 122
126 124
126 128
126 131
126 151
127 66
127 125
127 130
127 174
127 176
128 60
128 122
128 126
128 131
128 271
129 38
129 131
129 132
129 133
129 411
130 127
130 174
130 176
130 369
130 479
130 482
131 52
131 126
131 128
131 129
131 133
132 50
132 129
132 133
132 414
132 472
133 129
133 131
133 132
133 135
133 338
134 1
134 164
134 435
134 461
134 476
135 133
135 136
135 138
135 139
135 397
136 135
136 139
136 351
136 415
136 499
137 94
137 111
137 140
137 141
137 256
138 135
138 139
138 173
138 320
138 377
139 135
139 136
139 138
139 140
139 418
140 111
140 137
140 139
140 256
140 486
141 111
141 137
141 146
141 170
141 256
142 87
142 143
142 146
142 147
142 483
143 142
143 146
143 147
143 256
143 298
144 162
144 163
144 165
144 166
144 224
145 155
145 156
145 176
145 248
145 292
146 141
146 142
146 143
146 147
146 292
147 142
147 143
147 146
147 343
147 498
148 89
148 150
148 329
148 463
148 476
149 150
149 151
149 180
149 419
149 498
150 148
150 149
150 151
150 157
150 377
151 34
151 126
151 149
151 150
151 180
152 153
152 154
152 180
152 412
152 445
153 34
153 40
153 152
153 154
153 156
154 152
154 153
154 156
154 192
154 417
155 145
155 447
155 466
155 483
155 494
156 145
156 153
156 154
156 248
156 499
157 150
157 158
157 292
157 318
157 402
158 121
158 157
158 318
158 447
158 491
159 121
159 160
159 161
159 224
159 487
160 159
160 161
160 224
160 255
160 318
161 159
161 160
161 162
161 224
161 247
162 81
162 144
162 161
162 163
162 165
163 144
163 162
163 165
163 283
163 498
164 1
164 134
164 265
164 380
164 421
165 144
165 162
165 163
165 166
165 383
166 113
166 144
166 165
166 167
166 500
167 166
167 172
167 187
167 233
167 402
168 169
168 175
168 351
168 367
168 370
168 480
169 168
169 175
169 176
169 266
169 289
169 351
170 2
170 141
170 189
170 276
170 355
170 444
171 12
171 16
171 196
171 233
171 268
171 407
172 167
172 187
172 189
172 325
172 326
172 393
173 138
173 294
173 316
173 336
173 352
173 389
174 66
174 125
174 127
174 130
174 289
174 326
175 168
175 169
175 176
175 238
175 289
175 351
176 127
176 130
176 145
176 169
176 175
176 289
177 178
177 188
177 232
177 289
177 351
177 379
178 177
178 182
178 188
178 191
178 398
178 437
179 98
179 104
179 105
179 106
179 107
179 210
180 34
180 124
180 149
180 151
180 152
180 427
181 65
181 183
181 226
181 230
181 232
181 348
182 178
182 188
182 190
182 191
182 351
182 376
183 16
183 181
183 232
183 304
183 325
183 355
184 226
184 245
184 301
184 303
184 328
184 335
185 202
185 213
185 287
185 290
185 335
185 347
186 45
186 64
186 67
186 68
186 361
186 473
187 167
187 172
187 189
187 405
187 410
187 434
188 177
188 178
188 182
188 190
188 191
188 451
189 17
189 170
189 172
189 187
189 359
189 401
190 182
190 188
190 191
190 193
190 368
190 445
191 109
191 178
191 182
191 188
191 190
191 193
192 154
192 193
192 195
192 407
192 429
192 430
193 190
193 191
193 192
193 195
193 199
193 431
194 80
194 253
194 254
194 255
194 259
194 260
195 192
195 193
195 199
195 206
195 209
195 461
196 11
196 12
196 171
196 203
196 432
196 461
197 69
197 234
197 235
197 244
197 334
197 341
198 70
198 203
198 310
198 343
198 422
198 428
199 193
199 195
199 207
199 413
199 467
199 494
200 208
200 211
200 216
200 220
200 415
200 470
201 204
201 206
201 207
201 209
201 316
201 487
202 185
202 213
202 284
202 286
202 287
202 347
203 196
203 198
203 311
203 343
203 377
203 428
204 201
204 207
204 209
204 237
204 423
204 481
205 74
205 75
205 76
205 77
205 453
205 500
206 195
206 201
206 207
206 209
206 409
206 449
207 199
207 201
207 204
207 206
207 208
207 473
208 200
208 207
208 209
208 211
208 408
208 415
209 195
209 201
209 204
209 206
209 208
209 274
210 179
210 236
210 260
210 261
210 263
210 266
211 200
211 208
211 215
211 216
211 239
211 415
212 13
212 17
212 21
212 233
212 392
212 498
213 185
213 202
213 287
213 290
213 459
213 480
214 15
214 31
214 36
214 252
214 458
214 477
215 211
215 216
215 218
215 220
215 278
215 415
216 200
216 211
216 215
216 218
216 415
216 469
217 99
217 116
217 117
217 339
217 399
217 416
218 43
218 215
218 216
218 220
218 221
218 415
219 45
219 67
219 68
219 336
219 389
219 493
220 200
220 215
220 218
220 221
220 242
220 415
221 218
221 220
221 223
221 225
221 290
221 453
222 280
222 283
222 366
222 369
222 402
222 403
223 120
223 221
223 225
223 237
223 239
223 240
224 121
224 144
224 159
224 160
224 161
224 438
225 221
225 223
225 237
225 239
225 240
225 256
226 181
226 184
226 301
226 303
226 328
226 335
227 93
227 234
227 275
227 308
227 341
227 372
228 69
228 229
228 257
228 402
228 406
228 441
229 228
229 235
229 246
229 257
229 267
229 332
230 65
230 181
230 232
230 273
230 325
230 348
231 55
231 56
231 285
231 342
231 388
231 486
232 177
232 181
232 183
232 230
232 304
232 434
233 13
233 16
233 167
233 171
233 212
233 474
234 93
234 197
234 227
234 334
234 341
234 497
235 197
235 229
235 246
235 267
235 409
235 425
236 210
236 255
236 259
236 260
236 263
236 475
237 204
237 223
237 225
237 239
237 240
237 321
238 3
238 175
238 248
238 292
238 318
238 496
239 211
239 223
239 225
239 237
239 240
239 321
240 223
240 225
240 237
240 239
240 252
240 321
241 5
241 7
241 320
241 353
241 401
241 492
242 220
242 243
242 244
242 321
242 354
242 444
243 242
243 244
243 245
243 247
243 354
243 496
244 197
244 242
244 243
244 247
244 321
244 354
245 184
245 243
245 247
245 250
245 378
245 446
246 32
246 229
246 235
246 267
246 447
246 448
247 161
247 243
247 244
247 245
247 250
247 254
248 112
248 145
248 156
248 238
248 376
248 497
249 264
249 420
249 430
249 431
249 436
249 498
250 245
250 247
250 251
250 253
250 254
250 467
251 250
251 253
251 254
251 269
251 386
251 473
252 15
252 31
252 35
252 38
252 214
252 240
253 194
253 250
253 251
253 254
253 277
253 444
254 194
254 247
254 250
254 251
254 253
254 355
255 160
255 194
255 236
255 259
255 260
255 493
256 111
256 137
256 140
256 141
256 143
256 225
257 32
257 228
257 229
257 267
257 334
257 410
258 72
258 73
258 272
258 317
258 452
258 472
259 194
259 236
259 255
259 379
259 432
259 469
260 194
260 210
260 236
260 255
260 310
260 399
261 210
261 263
261 266
261 269
261 457
261 478
262 94
262 112
262 113
262 114
262 270
262 340
263 210
263 236
263 261
263 266
263 269
263 435
264 249
264 278
264 420
264 430
264 431
264 436
265 1
265 164
265 267
265 319
265 389
265 447
266 169
266 210
266 261
266 263
266 269
266 271
267 229
267 235
267 246
267 257
267 265
267 296
268 52
268 53
268 54
268 171
268 293
268 452
269 251
269 261
269 263
269 266
269 270
269 271
270 262
270 269
270 271
270 273
270 274
270 275
271 128
271 266
271 269
271 270
271 273
271 469
272 84
272 85
272 86
272 88
272 258
272 490
273 230
273 270
273 271
273 274
273 275
273 296
274 209
274 270
274 273
274 275
274 296
274 404
275 227
275 270
275 273
275 274
275 296
275 498
276 2
276 170
276 341
276 369
276 417
276 425
277 253
277 279
277 284
277 286
277 296
277 347
278 215
278 264
278 281
278 291
278 297
278 430
278 473
279 277
279 284
279 286
279 296
279 342
279 404
279 432
280 34
280 222
280 283
280 351
280 377
280 402
280 497
281 278
281 291
281 297
281 335
281 452
281 473
281 500
282 4
282 307
282 330
282 388
282 428
282 470
282 473
283 163
283 222
283 280
283 359
283 372
283 377
283 402
284 202
284 277
284 279
284 286
284 313
284 347
284 483
285 61
285 62
285 64
285 231
285 377
285 394
285 438
286 202
286 277
286 279
286 284
286 347
286 469
286 474
287 185
287 202
287 213
287 290
287 343
287 477
287 482
288 70
288 310
288 316
288 329
288 336
288 417
288 496
289 169
289 174
289 175
289 176
289 177
289 351
289 499
290 185
290 213
290 221
290 287
290 303
290 438
290 496
291 278
291 281
291 297
291 302
291 450
291 452
291 473
292 3
292 69
292 145
292 146
292 157
292 238
292 318
293 52
293 53
293 268
293 428
293 489
293 495
293 497
294 49
294 173
294 305
294 330
294 352
294 372
294 380
295 39
295 41
295 48
295 306
295 395
295 462
295 463
296 267
296 273
296 274
296 275
296 277
296 279
296 500
297 278
297 281
297 291
297 301
297 302
297 452
297 473
298 4
298 13
298 143
298 320
298 388
298 445
298 483
299 90
299 91
299 92
299 95
299 121
299 321
299 484
300 301
300 303
300 328
300 331
300 335
300 426
300 491
301 106
301 184
301 226
301 297
301 300
301 303
301 331
302 291
302 297
302 314
302 420
302 444
302 452
302 473
303 35
303 184
303 226
303 290
303 300
303 301
303 335
304 93
304 183
304 232
304 313
304 355
304 366
304 451
305 294
305 309
305 358
305 385
305 396
305 411
305 412
306 39
306 41
306 47
306 295
306 387
306 469
306 489
307 22
307 282
307 320
307 374
307 388
307 451
307 484
308 227
308 319
308 327
308 332
308 337
308 388
308 431
309 305
309 356
309 361
309 396
309 411
309 470
309 497
310 198
310 260
310 288
310 311
310 329
310 417
310 428
311 82
311 203
311 310
311 329
311 343
311 417
311 488
312 314
312 315
312 322
312 371
312 444
312 450
312 451
313 32
313 284
313 304
313 355
313 366
313 457
313 477
314 302
314 312
314 315
314 322
314 444
314 451
314 472
315 312
315 314
315 322
315 444
315 451
315 498
315 500
316 173
316 201
316 288
316 336
316 372
316 417
316 477
317 67
317 68
317 71
317 72
317 258
317 445
317 450
318 3
318 157
318 158
318 160
318 238
318 292
318 333
319 265
319 308
319 327
319 331
319 337
319 342
319 480
320 5
320 138
320 241
320 298
320 307
320 362
320 388
321 237
321 239
321 240
321 242
321 244
321 299
321 354
322 312
322 314
322 315
322 338
322 382
322 417
322 451
323 338
323 344
323 345
323 350
323 360
323 481
323 488
324 341
324 376
324 391
324 401
324 411
324 412
324 464
325 172
325 183
325 230
325 344
325 348
325 366
325 496
326 114
326 115
326 116
326 117
326 172
326 174
326 339
327 308
327 319
327 328
327 331
327 337
327 464
327 487
328 184
328 226
328 300
328 327
328 331
328 346
328 384
329 148
329 288
329 310
329 311
329 336
329 406
329 417
330 30
330 282
330 294
330 344
330 372
330 380
330 389
331 300
331 301
331 319
331 327
331 328
331 332
331 356
332 229
332 308
332 331
332 337
332 340
332 383
332 427
333 318
333 375
333 376
333 391
333 401
333 420
333 445
334 69
334 93
334 197
334 234
334 257
334 473
334 481
335 184
335 185
335 226
335 281
335 300
335 303
335 468
336 173
336 219
336 288
336 316
336 329
336 353
336 494
337 65
337 308
337 319
337 327
337 332
337 343
337 429
338 133
338 322
338 323
338 344
338 350
338 444
338 451
339 32
339 99
339 117
339 217
339 326
339 423
339 485
340 109
340 110
340 262
340 332
340 378
340 482
340 487
341 2
341 197
341 227
341 234
341 276
341 324
341 385
342 45
342 59
342 61
342 62
342 231
342 279
342 319
343 147
343 198
343 203
343 287
343 311
343 337
343 428
343 489
344 323
344 325
344 330
344 338
344 345
344 346
344 350
344 360
345 323
345 344
345 346
345 350
345 360
345 411
345 446
345 490
346 328
346 344
346 345
346 350
346 360
346 364
346 367
346 458
347 30
347 185
347 202
347 277
347 284
347 286
347 456
347 471
348 65
348 181
348 230
348 325
348 352
348 357
348 486
348 492
349 363
349 374
349 424
349 433
349 455
349 457
349 460
349 477
350 4
350 323
350 338
350 344
350 345
350 346
350 360
350 499
351 136
351 168
351 169
351 175
351 177
351 182
351 280
351 289
352 82
352 173
352 294
352 348
352 389
352 394
352 424
352 480
353 241
353 336
353 361
353 371
353 393
353 394
353 447
353 454
354 74
354 242
354 243
354 244
354 321
354 381
354 419
354 497
355 170
355 183
355 254
355 304
355 313
355 366
355 423
355 430
356 76
356 309
356 331
356 361
356 394
356 396
356 411
356 421
357 348
357 362
357 365
357 378
357 383
357 384
357 447
357 449
358 98
358 305
358 385
358 391
358 396
358 398
358 411
358 412
359 85
359 189
359 283
359 377
359 405
359 439
359 447
359 475
360 323
360 344
360 345
360 346
360 350
360 390
360 451
360 471
361 186
361 309
361 353
361 356
361 371
361 393
361 394
361 417
362 320
362 357
362 365
362 371
362 393
362 447
362 460
362 466
363 349
363 374
363 395
363 399
363 424
363 433
363 457
363 460
364 346
364 367
364 368
364 373
364 445
364 453
364 466
364 472
365 357
365 362
365 383
365 447
365 454
365 467
365 492
365 495
366 65
366 118
366 222
366 304
366 313
366 325
366 355
366 444
367 168
367 346
367 364
367 368
367 373
367 375
367 445
368 190
368 364
368 367
368 373
368 375
368 441
368 445
368 455
369 14
369 42
369 44
369 125
369 130
369 222
369 276
369 482
370 6
370 14
370 42
370 168
370 379
370 398
370 413
370 472
371 312
371 353
371 361
371 362
371 387
371 393
371 394
371 495
372 57
372 227
372 283
372 294
372 316
372 330
372 380
372 389
373 364
373 367
373 368
373 375
373 378
373 439
373 445
373 497
374 307
374 349
374 363
374 395
374 397
374 403
374 433
374 460
375 333
375 367
375 368
375 373
375 376
375 445
375 456
375 495
376 182
376 248
376 324
376 333
376 375
376 391
376 401
376 431
377 138
377 150
377 203
377 280
377 283
377 285
377 359
377 402
378 245
378 340
378 357
378 373
378 383
378 384
378 399
378 416
378 423
379 6
379 177
379 259
379 370
379 398
379 406
379 407
379 413
379 495
380 40
380 89
380 164
380 294
380 330
380 372
380 389
380 421
380 460
381 354
381 386
381 387
381 404
381 406
381 421
381 422
381 429
381 435
382 322
382 385
382 387
382 406
382 420
382 421
382 431
382 433
382 436
383 105
383 165
383 332
383 357
383 365
383 378
383 384
383 447
383 471
384 328
384 357
384 378
384 383
384 399
384 416
384 423
384 457
384 496
385 80
385 305
385 341
385 358
385 382
385 396
385 411
385 412
385 465
386 251
386 381
386 387
386 404
386 406
386 421
386 422
386 429
386 460
387 306
387 371
387 381
387 382
387 386
387 404
387 406
387 421
387 429
388 4
388 13
388 231
388 282
388 298
388 307
388 308
388 320
388 422
389 15
389 173
389 219
389 265
389 330
389 352
389 372
389 380
389 471
390 360
390 435
390 443
390 465
390 467
390 472
390 481
390 495
390 498
391 324
391 333
391 358
391 376
391 400
391 401
391 412
391 440
391 483
392 118
392 212
392 407
392 408
392 409
392 413
392 416
392 423
392 466
393 12
393 172
393 353
393 361
393 362
393 371
393 394
393 412
393 447
394 285
394 352
394 353
394 356
394 361
394 371
394 393
394 458
394 489
395 295
395 363
395 374
395 397
395 403
395 405
395 410
395 414
395 463
396 84
396 305
396 309
396 356
396 358
396 385
396 411
396 433
396 467
397 135
397 374
397 395
397 403
397 405
397 410
397 414
397 422
397 492
398 6
398 81
398 178
398 358
398 370
398 379
398 407
398 409
398 413
399 217
399 260
399 363
399 378
399 384
399 416
399 423
399 456
399 490
400 73
400 391
400 403
400 405
400 410
400 414
400 418
400 419
400 425
401 189
401 241
401 324
401 333
401 376
401 391
401 426
401 445
401 500
402 157
402 167
402 222
402 228
402 280
402 283
402 377
402 452
402 459
403 222
403 374
403 395
403 397
403 400
403 405
403 410
403 414
403 495
404 274
404 279
404 381
404 386
404 387
404 406
404 421
404 429
404 475
404 480
405 187
405 359
405 395
405 397
405 400
405 403
405 410
405 414
405 425
405 468
406 228
406 329
406 379
406 381
406 382
406 386
406 387
406 404
406 421
406 422
407 59
407 171
407 192
407 379
407 392
407 398
407 408
407 409
407 413
407 463
408 45
408 61
408 208
408 392
408 407
408 409
408 413
408 416
408 423
409 40
409 206
409 235
409 392
409 398
409 407
409 408
409 412
409 416
409 487
410 187
410 257
410 395
410 397
410 400
410 403
410 405
410 414
410 425
410 439
411 129
411 305
411 309
411 324
411 345
411 356
411 358
411 385
411 396
411 413
412 3
412 152
412 305
412 324
412 358
412 385
412 391
412 393
412 409
412 440
413 26
413 199
413 370
413 379
413 392
413 398
413 407
413 408
413 411
413 446
414 1
414 132
414 395
414 397
414 400
414 403
414 405
414 410
414 425
414 478
415 136
415 200
415 208
415 211
415 215
415 216
415 218
415 220
415 432
415 460
416 2
416 64
416 217
416 378
416 384
416 392
416 399
416 408
416 409
416 423
417 154
417 276
417 288
417 310
417 311
417 316
417 322
417 329
417 361
417 428
418 24
418 29
418 139
418 400
418 419
418 425
418 427
418 432
418 434
418 438
419 31
419 149
419 354
419 400
419 418
419 425
419 427
419 432
419 434
419 438
420 99
420 249
420 264
420 302
420 333
420 382
420 430
420 431
420 436
420 478
420 491
421 97
421 164
421 356
421 380
421 381
421 382
421 386
421 387
421 404
421 406
421 429
422 198
422 381
422 386
422 388
422 397
422 406
422 427
422 429
422 432
422 434
422 495
423 108
423 119
423 204
423 339
423 355
423 378
423 384
423 392
423 399
423 408
423 416
424 45
424 78
424 349
424 352
424 363
424 433
424 446
424 455
424 457
424 460
424 477
425 55
425 235
425 276
425 400
425 405
425 410
425 414
425 418
425 419
425 431
425 481
426 300
426 401
426 440
426 446
426 448
426 455
426 458
426 459
426 469
426 477
426 491
427 180
427 332
427 418
427 419
427 422
427 429
427 432
427 434
427 438
427 464
427 487
428 37
428 198
428 203
428 282
428 293
428 310
428 343
428 417
428 436
429 192
429 337
429 381
429 386
429 387
429 404
429 421
429 422
429 427
429 432
429 482
430 192
430 249
430 264
430 278
430 355
430 420
430 431
430 436
430 443
430 452
430 500
431 193
431 249
431 264
431 308
431 376
431 382
431 420
431 425
431 430
431 436
431 449
432 196
432 259
432 279
432 415
432 418
432 419
432 422
432 427
432 429
432 434
432 438
433 59
433 349
433 363
433 374
433 382
433 396
433 424
433 446
433 455
433 457
433 460
434 14
434 78
434 187
434 232
434 418
434 419
434 422
434 427
434 432
434 438
434 500
435 134
435 263
435 381
435 390
435 439
435 443
435 465
435 467
435 472
435 481
435 498
436 249
436 264
436 382
436 420
436 428
436 430
436 431
436 440
436 442
436 444
436 457
437 63
437 178
437 454
437 456
437 461
437 464
437 466
437 470
437 475
437 482
437 497
438 40
438 224
438 285
438 290
438 418
438 419
438 427
438 432
438 434
438 460
438 497
439 359
439 373
439 410
439 435
439 448
439 458
439 459
439 467
439 469
439 472
439 499
440 391
440 412
440 426
440 436
440 446
440 455
440 458
440 465
440 467
440 469
440 477
441 228
441 368
441 442
441 462
441 463
441 468
441 471
441 474
441 475
441 483
441 487
441 500
442 436
442 441
442 459
442 462
442 463
442 468
442 471
442 474
442 487
442 494
442 496
442 500
443 390
443 430
443 435
443 460
443 465
443 467
443 472
443 480
443 481
443 495
443 498
443 500
444 67
444 170
444 242
444 253
444 302
444 312
444 314
444 315
444 338
444 366
444 436
444 451
445 91
445 152
445 190
445 298
445 317
445 333
445 364
445 367
445 368
445 373
445 375
445 401
446 245
446 345
446 413
446 424
446 426
446 433
446 440
446 448
446 457
446 458
446 459
446 469
447 155
447 158
447 246
447 265
447 353
447 357
447 359
447 362
447 365
447 383
447 393
447 490
448 24
448 36
448 246
448 426
448 439
448 446
448 458
448 459
448 467
448 469
448 472
448 490
449 206
449 357
449 431
449 450
449 453
449 454
449 456
449 464
449 480
449 481
449 495
449 498
450 291
450 312
450 317
450 449
450 453
450 454
450 456
450 464
450 470
450 480
450 481
450 495
451 59
451 118
451 188
451 304
451 307
451 312
451 314
451 315
451 322
451 338
451 360
451 444
452 9
452 258
452 268
452 281
452 291
452 297
452 302
452 402
452 430
452 473
452 474
452 477
453 205
453 221
453 364
453 449
453 450
453 454
453 456
453 461
453 464
453 480
453 482
453 493
453 495
454 39
454 353
454 365
454 437
454 449
454 450
454 453
454 456
454 461
454 464
454 466
454 468
454 482
455 30
455 50
455 349
455 368
455 424
455 426
455 433
455 440
455 457
455 459
455 460
455 477
455 488
456 76
456 347
456 375
456 399
456 437
456 449
456 450
456 453
456 454
456 461
456 464
456 466
456 482
457 26
457 261
457 313
457 349
457 363
457 384
457 424
457 433
457 436
457 446
457 455
457 460
457 477
458 23
458 110
458 214
458 346
458 394
458 426
458 439
458 440
458 446
458 448
458 459
458 469
458 477
459 5
459 113
459 213
459 402
459 426
459 439
459 442
459 446
459 448
459 455
459 458
459 469
459 477
460 349
460 362
460 363
460 374
460 380
460 386
460 415
460 424
460 433
460 438
460 443
460 455
460 457
460 488
461 100
461 124
461 134
461 195
461 196
461 437
461 453
461 454
461 456
461 464
461 466
461 470
461 482
461 497
462 53
462 121
462 295
462 441
462 442
462 463
462 468
462 471
462 474
462 475
462 483
462 485
462 487
462 500
463 148
463 295
463 395
463 407
463 441
463 442
463 462
463 468
463 471
463 475
463 483
463 487
463 496
463 500
464 57
464 324
464 327
464 427
464 437
464 449
464 450
464 453
464 454
464 456
464 461
464 466
464 482
464 483
465 62
465 76
465 108
465 385
465 390
465 435
465 440
465 443
465 467
465 472
465 480
465 481
465 495
465 498
466 33
466 155
466 362
466 364
466 392
466 437
466 454
466 456
466 461
466 464
466 470
466 475
466 482
466 497
467 37
467 199
467 250
467 365
467 390
467 396
467 435
467 439
467 440
467 443
467 448
467 465
467 472
467 498
468 107
468 335
468 405
468 441
468 442
468 454
468 462
468 463
468 470
468 471
468 475
468 483
468 487
468 497
469 216
469 259
469 271
469 286
469 306
469 426
469 439
469 440
469 446
469 448
469 458
469 459
469 474
469 477
470 200
470 282
470 309
470 437
470 450
470 461
470 466
470 468
470 471
470 475
470 478
470 482
470 483
470 487
470 497
471 347
471 360
471 383
471 389
471 441
471 442
471 462
471 463
471 468
471 470
471 475
471 483
471 487
471 497
471 500
472 25
472 58
472 132
472 258
472 314
472 364
472 370
472 390
472 435
472 439
472 443
472 448
472 465
472 467
472 498
473 8
473 77
473 186
473 207
473 251
473 278
473 281
473 282
473 291
473 297
473 302
473 334
473 452
473 475
473 481
474 233
474 286
474 441
474 442
474 452
474 462
474 469
474 479
474 483
474 488
474 490
474 492
474 494
474 496
474 500
475 236
475 359
475 404
475 437
475 441
475 462
475 463
475 466
475 468
475 470
475 471
475 473
475 483
475 487
475 497
476 68
476 103
476 134
476 148
476 478
476 479
476 486
476 488
476 489
476 490
476 491
476 492
476 493
476 494
476 496
477 104
477 214
477 287
477 313
477 316
477 349
477 424
477 426
477 440
477 452
477 455
477 457
477 458
477 459
477 469
477 488
478 261
478 414
478 420
478 470
478 476
478 479
478 484
478 485
478 486
478 489
478 490
478 491
478 493
478 499
479 28
479 51
479 65
479 66
479 130
479 474
479 476
479 478
479 488
479 489
479 490
479 491
479 492
479 493
479 494
479 496
480 168
480 213
480 319
480 352
480 404
480 443
480 449
480 450
480 453
480 465
480 481
480 484
480 489
480 494
480 495
480 498
481 75
481 87
481 204
481 323
481 334
481 390
481 425
481 435
481 443
481 449
481 450
481 465
481 473
481 480
481 495
481 498
482 29
482 83
482 130
482 287
482 340
482 369
482 429
482 437
482 453
482 454
482 456
482 461
482 464
482 466
482 470
482 497
483 142
483 155
483 284
483 298
483 391
483 441
483 462
483 463
483 464
483 468
483 470
483 471
483 474
483 475
483 497
483 500
484 299
484 307
484 478
484 480
484 485
484 486
484 490
484 493
484 499
485 95
485 339
485 462
485 478
485 484
485 486
485 493
485 499
486 15
486 140
486 231
486 348
486 476
486 478
486 484
486 485
486 489
486 490
486 491
486 493
486 499
487 159
487 201
487 327
487 340
487 409
487 427
487 441
487 442
487 462
487 463
487 468
487 470
487 471
487 475
487 497
487 500
488 311
488 323
488 455
488 460
488 474
488 476
488 477
488 479
488 489
488 490
488 491
488 492
488 493
488 494
488 496
488 500
489 87
489 293
489 306
489 343
489 394
489 476
489 478
489 479
489 480
489 486
489 488
489 491
489 492
489 493
489 494
489 496
489 499
490 272
490 345
490 399
490 447
490 448
490 474
490 476
490 478
490 479
490 484
490 486
490 488
490 491
490 492
490 493
490 494
490 496
491 115
491 158
491 300
491 420
491 426
491 476
491 478
491 479
491 486
491 488
491 489
491 490
491 492
491 493
491 494
491 496
491 499
492 6
492 102
492 241
492 348
492 365
492 397
492 474
492 476
492 479
492 488
492 489
492 490
492 491
492 493
492 494
492 496
492 499
493 51
493 107
493 219
493 255
493 453
493 476
493 478
493 479
493 484
493 485
493 486
493 488
493 489
493 490
493 491
493 492
493 499
494 33
494 61
494 155
494 199
494 336
494 442
494 474
494 476
494 479
494 480
494 488
494 489
494 490
494 491
494 492
494 496
494 500
495 11
495 293
495 365
495 371
495 375
495 379
495 390
495 403
495 422
495 443
495 449
495 450
495 453
495 465
495 480
495 481
495 498
496 238
496 243
496 288
496 290
496 325
496 384
496 442
496 463
496 474
496 476
496 479
496 488
496 489
496 490
496 491
496 492
496 494
496 500
497 234
497 248
497 280
497 293
497 309
497 354
497 373
497 437
497 438
497 461
497 466
497 468
497 470
497 471
497 475
497 482
497 483
497 487
498 50
498 147
498 149
498 163
498 212
498 249
498 275
498 315
498 390
498 435
498 443
498 449
498 465
498 467
498 472
498 480
498 481
498 495
499 136
499 156
499 289
499 350
499 439
499 478
499 484
499 485
499 486
499 489
499 491
499 492
499 493
500 166
500 205
500 281
500 296
500 315
500 401
500 430
500 434
500 441
500 442
500 443
500 462
500 463
500 471
500 474
500 483
500 487
500 488
500 494
500 496
