1 53
2 23
3 28
4 15
5 41
6 36
7 13
8 2
9 50
10 7
11 37
12 34
13 10
14 2
15 42
16 2
17 1
18 47
19 22
20 31
21 38
22 6
23 2
24 53
25 13
26 39
27 15
28 14
29 13
30 32
31 19
32 52
33 11
34 10
35 51
36 34
37 36
38 31
39 41
40 9
41 16
42 10
43 51
44 3
45 25
46 18
47 2
48 49
49 23
50 47
51 43
52 47
53 43
54 52
55 14
56 47
57 7
58 1
59 52
60 50
61 7
62 7
63 34
64 30
65 7
66 28
67 37
68 2
69 6
70 16
71 9
72 34
73 27
74 10
75 38
76 3
77 48
78 12
79 4
80 1
81 36
82 34
83 10
84 5
85 21
86 45
87 7
88 33
89 5
90 50
91 32
92 10
93 10
94 10
95 38
96 20
97 11
98 29
99 20
100 39
101 2
102 9
103 35
104 5
105 38
106 10
107 44
108 40
109 32
110 20
111 47
112 34
113 42
114 20
115 34
116 14
117 23
118 42
119 43
120 29
121 53
122 35
123 31
124 35
125 41
126 43
127 10
128 13
129 16
130 29
131 15
132 52
133 8
134 34
135 13
136 34
137 36
138 43
139 11
140 37
141 34
142 49
143 39
144 10
145 3
146 17
147 31
148 12
149 35
150 47
151 44
152 43
153 38
154 11
155 50
156 9
157 3
158 10
159 43
160 41
161 17
162 8
163 7
164 18
165 27
166 38
167 7
168 39
169 18
170 9
171 27
172 40
173 52
174 38
175 48
176 15
177 2
178 9
179 22
180 30
181 13
182 3
183 19
184 43
185 32
186 41
187 6
188 32
189 31
190 50
191 26
192 9
193 12
194 10
195 34
196 1
197 27
198 10
199 52
200 26
201 2
202 37
203 17
204 15
205 28
206 46
207 29
208 10
209 13
210 42
211 15
212 7
213 50
214 14
215 9
216 1
217 50
218 31
219 32
220 25
221 35
222 5
223 42
224 9
225 18
226 30
227 31
228 10
229 10
230 23
231 42
232 44
233 37
234 2
235 31
236 46
237 10
238 48
239 43
240 23
241 13
242 12
243 27
244 25
245 51
246 15
247 7
248 26
249 9
250 23
251 14
252 18
253 4
254 9
255 29
256 34
257 49
258 25
259 52
260 14
261 25
262 40
263 2
264 39
265 15
266 19
267 44
268 15
269 24
270 29
271 18
272 24
273 8
274 23
275 22
276 38
277 39
278 31
279 29
280 49
281 17
282 12
283 21
284 15
285 33
286 8
287 10
288 23
289 3
290 10
291 53
292 16
293 21
294 45
295 18
296 51
297 51
298 37
299 9
300 23
301 43
302 31
303 3
304 3
305 3
306 3
307 12
308 29
309 34
310 23
311 9
312 3
313 31
314 32
315 7
316 23
317 5
318 51
319 24
320 32
321 2
322 9
323 38
324 34
325 26
326 2
327 20
328 21
329 15
330 15
331 43
332 47
333 8
334 6
335 34
336 32
337 24
338 46
339 6
340 30
341 53
342 15
343 40
344 29
345 31
346 48
347 2
348 34
349 13
350 35
351 1
352 21
353 9
354 38
355 43
356 44
357 23
358 23
359 32
360 39
361 19
362 42
363 32
364 38
365 4
366 11
367 6
368 2
369 5
370 12
371 2
372 23
373 16
374 26
375 13
376 22
377 2
378 36
379 9
380 9
381 39
382 42
383 29
384 12
385 29
386 36
387 18
388 4
389 43
390 19
391 44
392 39
393 45
394 37
395 31
396 43
397 18
398 20
399 14
400 21
401 43
402 7
403 43
404 8
405 43
406 12
407 35
408 24
409 49
410 36
411 30
412 44
413 9
414 40
415 9
416 4
417 14
418 2
419 43
420 28
421 32
422 43
423 7
424 48
425 29
426 7
427 45
428 44
429 52
430 4
431 49
432 35
433 44
434 32
435 31
436 43
437 49
438 13
439 46
440 14
441 46
442 32
443 43
444 14
445 6
446 14
447 15
448 6
449 25
450 23
451 7
452 14
453 1
454 33
455 32
456 5
457 49
458 30
459 7
460 38
461 37
462 9
463 22
464 33
465 48
466 52
467 45
468 38
469 7
470 31
471 17
472 5
473 27
474 33
475 23
476 3
477 46
478 34
479 6
480 41
481 20
482 9
483 24
484 32
485 43
486 28
487 7
488 9
489 38
490 14
491 14
492 15
493 2
494 15
495 25
496 17
497 34
498 12
499 7
500 3
