1 19
2 23
3 28
4 14
5 29
6 3
7 42
8 45
9 8
10 23
11 42
12 17
13 46
14 16
15 38
16 3
17 40
18 39
19 5
20 13
21 15
22 47
23 43
24 32
25 30
26 47
27 53
28 40
29 30
30 2
31 46
32 53
33 41
34 12
35 30
36 25
37 40
38 11
39 30
40 9
41 44
42 27
43 43
44 1
45 37
46 24
47 41
48 47
49 20
50 24
51 24
52 50
53 51
54 30
55 40
56 38
57 22
58 33
59 8
60 43
61 29
62 3
63 41
64 41
65 15
66 42
67 17
68 38
69 14
70 41
71 36
72 42
73 38
74 4
75 13
76 53
77 40
78 17
79 10
80 36
81 53
82 41
83 6
84 33
85 21
86 13
87 40
88 30
89 24
90 27
91 34
92 46
93 53
94 26
95 19
96 24
97 15
98 3
99 19
100 43
101 3
102 50
103 37
104 27
105 10
106 13
107 23
108 48
109 5
110 28
111 7
112 15
113 4
114 19
115 13
116 52
117 40
118 51
119 28
120 53
121 42
122 42
123 12
124 27
125 42
126 10
127 29
128 13
129 31
130 27
131 12
132 24
133 17
134 52
135 51
136 28
137 28
138 3
139 3
140 3
141 49
142 19
143 42
144 35
145 38
146 32
147 53
148 19
149 10
150 42
151 27
152 1
153 17
154 50
155 45
156 48
157 45
158 28
159 23
160 11
161 38
162 4
163 53
164 10
165 53
166 39
167 27
168 50
169 20
170 31
171 37
172 41
173 10
174 24
175 49
176 46
177 50
178 30
179 41
180 27
181 8
182 29
183 15
184 45
185 37
186 32
187 53
188 38
189 49
190 42
191 51
192 51
193 15
194 52
195 15
196 5
197 26
198 50
199 27
200 34
201 1
202 50
203 48
204 39
205 49
206 20
207 7
208 3
209 12
210 24
211 1
212 32
213 42
214 31
215 36
216 13
217 24
218 24
219 4
220 16
221 15
222 49
223 11
224 31
225 31
226 5
227 10
228 15
229 29
230 37
231 21
232 13
233 42
234 52
235 29
236 28
237 20
238 34
239 16
240 17
241 50
242 20
243 18
244 11
245 1
246 11
247 14
248 13
249 49
250 43
251 18
252 25
253 15
254 53
255 41
256 15
257 45
258 26
259 38
260 19
261 51
262 51
263 35
264 49
265 51
266 40
267 24
268 6
269 17
270 26
271 49
272 37
273 28
274 45
275 52
276 2
277 34
278 22
279 15
280 51
281 50
282 27
283 53
284 4
285 7
286 27
287 33
288 15
289 19
290 22
291 40
292 7
293 27
294 39
295 7
296 7
297 16
298 40
299 21
300 53
301 45
302 11
303 34
304 32
305 26
306 44
307 6
308 5
309 44
310 37
311 1
312 50
313 22
314 13
315 26
316 35
317 33
318 49
319 26
320 13
321 50
322 51
323 18
324 53
325 44
326 9
327 24
328 40
329 12
330 1
331 53
332 1
333 17
334 24
335 8
336 38
337 53
338 15
339 16
340 10
341 3
342 46
343 22
344 31
345 45
346 8
347 49
348 44
349 41
350 19
351 11
352 39
353 19
354 14
355 3
356 48
357 36
358 45
359 7
360 41
361 40
362 44
363 51
364 3
365 45
366 41
367 13
368 15
369 27
370 19
371 5
372 3
373 24
374 15
375 41
376 31
377 34
378 30
379 48
380 53
381 46
382 24
383 42
384 32
385 15
386 8
387 28
388 8
389 8
390 13
391 45
392 51
393 7
394 34
395 18
396 24
397 50
398 50
399 14
400 37
401 18
402 13
403 27
404 1
405 2
406 41
407 5
408 8
409 9
410 36
411 40
412 36
413 27
414 36
415 45
416 53
417 47
418 2
419 8
420 9
421 21
422 13
423 33
424 24
425 6
426 51
427 20
428 13
429 31
430 42
431 25
432 25
433 42
434 38
435 1
436 32
437 8
438 30
439 17
440 29
441 32
442 27
443 45
444 53
445 23
446 26
447 20
448 25
449 2
450 19
451 3
452 28
453 42
454 10
455 34
456 52
457 12
458 48
459 14
460 14
461 35
462 21
463 43
464 51
465 29
466 11
467 37
468 46
469 53
470 35
471 47
472 20
473 5
474 50
475 3
476 38
477 40
478 16
479 21
480 33
481 6
482 3
483 50
484 29
485 20
486 27
487 19
488 42
489 10
490 22
491 19
492 23
493 41
494 17
495 53
496 9
497 51
498 49
499 53
500 16
