1 31
2 27
3 27
4 2
5 15
6 3
7 13
8 42
9 7
10 44
11 8
12 44
13 5
14 14
15 11
16 18
17 12
18 15
19 15
20 25
21 24
22 45
23 3
24 2
25 41
26 45
27 35
28 30
29 20
30 21
31 39
32 39
33 11
34 14
35 24
36 16
37 26
38 21
39 36
40 42
41 39
42 31
43 19
44 21
45 33
46 13
47 18
48 15
49 35
50 14
51 12
52 11
53 33
54 21
55 33
56 26
57 39
58 30
59 15
60 28
61 37
62 27
63 38
64 28
65 34
66 14
67 34
68 44
69 21
70 3
71 10
72 7
73 11
74 44
75 20
76 20
77 20
78 2
79 11
80 35
81 30
82 17
83 12
84 37
85 27
86 28
87 21
88 11
89 9
90 44
91 17
92 43
93 39
94 3
95 17
96 13
97 36
98 9
99 24
100 28
101 40
102 34
103 5
104 28
105 30
106 20
107 9
108 2
109 26
110 7
111 43
112 13
113 7
114 34
115 39
116 31
117 29
118 10
119 9
120 9
121 31
122 37
123 2
124 42
125 5
126 35
127 29
128 24
129 1
130 21
131 3
132 19
133 11
134 25
135 1
136 2
137 41
138 16
139 13
140 25
141 35
142 1
143 13
144 15
145 20
146 33
147 16
148 19
149 31
150 13
151 17
152 45
153 39
154 16
155 26
156 20
157 45
158 17
159 17
160 27
161 37
162 15
163 19
164 39
165 35
166 20
167 17
168 13
169 31
170 29
171 45
172 3
173 29
174 31
175 21
176 36
177 17
178 36
179 19
180 29
181 21
182 23
183 42
184 23
185 42
186 24
187 39
188 26
189 26
190 45
191 35
192 21
193 36
194 33
195 5
196 29
197 37
198 17
199 29
200 28
201 34
202 27
203 14
204 5
205 21
206 37
207 34
208 3
209 3
210 15
211 34
212 31
213 21
214 31
215 44
216 6
217 8
218 14
219 43
220 26
221 37
222 14
223 4
224 11
225 27
226 21
227 22
228 29
229 42
230 19
231 29
232 9
233 19
234 19
235 21
236 2
237 14
238 11
239 32
240 37
241 16
242 32
243 18
244 21
245 28
246 25
247 21
248 40
249 9
250 15
251 25
252 37
253 8
254 14
255 2
256 3
257 8
258 37
259 45
260 21
261 31
262 36
263 29
264 11
265 42
266 38
267 44
268 22
269 14
270 34
271 11
272 11
273 12
274 11
275 22
276 13
277 33
278 15
279 29
280 34
281 3
282 17
283 16
284 14
285 5
286 18
287 29
288 42
289 10
290 4
291 6
292 15
293 9
294 6
295 6
296 29
297 30
298 42
299 45
300 42
301 42
302 28
303 41
304 27
305 42
306 16
307 28
308 37
309 3
310 19
311 13
312 37
313 32
314 13
315 26
316 33
317 13
318 18
319 45
320 45
321 8
322 41
323 2
324 33
325 23
326 33
327 16
328 37
329 6
330 40
331 42
332 28
333 3
334 42
335 2
336 21
337 3
338 12
339 3
340 25
341 39
342 39
343 3
344 15
345 27
346 5
347 7
348 14
349 14
350 2
351 39
352 37
353 22
354 40
355 9
356 7
357 38
358 29
359 43
360 1
361 40
362 7
363 14
364 42
365 21
366 42
367 37
368 3
369 4
370 29
371 36
372 42
373 10
374 19
375 32
376 43
377 2
378 23
379 6
380 22
381 45
382 36
383 15
384 11
385 33
386 13
387 13
388 24
389 39
390 25
391 33
392 34
393 40
394 1
395 17
396 11
397 21
398 39
399 13
400 15
401 11
402 3
403 19
404 5
405 39
406 42
407 21
408 13
409 15
410 10
411 15
412 40
413 38
414 21
415 44
416 31
417 17
418 17
419 37
420 28
421 37
422 5
423 37
424 11
425 3
426 41
427 44
428 12
429 20
430 35
431 9
432 39
433 34
434 2
435 14
436 37
437 26
438 34
439 35
440 19
441 9
442 11
443 9
444 1
445 3
446 2
447 11
448 32
449 7
450 31
451 42
452 14
453 17
454 6
455 5
456 37
457 4
458 5
459 15
460 23
461 40
462 39
463 31
464 14
465 36
466 4
467 7
468 6
469 19
470 4
471 7
472 20
473 33
474 5
475 20
476 3
477 16
478 31
479 10
480 25
481 3
482 42
483 16
484 9
485 41
486 37
487 10
488 31
489 13
490 13
491 38
492 33
493 6
494 8
495 33
496 31
497 11
498 33
499 38
500 11
