1 3
1 5
1 166
1 214
1 324
2 59
2 64
2 69
2 332
2 338
3 1
3 65
3 106
3 429
3 447
4 76
4 77
4 198
4 261
4 270
5 1
5 214
5 398
5 492
5 498
6 11
6 67
6 101
6 344
6 398
7 58
7 130
7 144
7 359
7 420
8 120
8 122
8 280
8 329
8 461
9 21
9 29
9 295
9 321
9 471
10 157
10 175
10 400
10 433
10 449
11 6
11 146
11 344
11 420
11 447
12 108
12 124
12 222
12 301
12 313
13 79
13 80
13 86
13 189
13 385
14 15
14 344
14 429
14 495
14 500
15 14
15 119
15 310
15 392
15 497
16 17
16 18
16 367
16 405
16 413
17 16
17 18
17 205
17 332
17 413
18 16
18 17
18 81
18 413
18 425
19 53
19 54
19 55
19 60
19 113
20 22
20 25
20 146
20 301
20 314
21 9
21 29
21 326
21 457
21 473
22 20
22 25
22 213
22 314
22 382
23 24
23 50
23 241
23 314
23 380
24 23
24 241
24 367
24 405
24 446
25 20
25 22
25 241
25 314
25 472
26 27
26 34
26 316
26 403
26 475
27 26
27 28
27 34
27 166
27 324
28 27
28 34
28 241
28 295
28 471
29 9
29 21
29 68
29 308
29 432
30 34
30 47
30 241
30 446
30 450
31 59
31 70
31 192
31 300
31 447
32 33
32 427
32 463
32 478
32 483
33 32
33 36
33 422
33 491
34 26
34 27
34 28
34 30
34 47
35 145
35 148
35 181
35 389
35 475
36 33
36 43
36 209
36 476
36 486
37 38
37 39
37 40
37 495
37 500
38 37
38 39
38 40
38 451
38 498
39 37
39 38
39 40
39 246
39 344
40 37
40 38
40 39
40 295
40 471
41 42
41 46
41 243
41 311
41 446
42 41
42 45
42 46
42 167
42 336
43 36
43 44
43 229
43 396
43 493
44 43
44 271
44 280
44 303
44 359
45 42
45 46
45 237
45 382
45 476
46 41
46 42
46 45
46 470
46 491
47 30
47 34
47 48
47 51
47 428
48 47
48 49
48 51
48 457
48 473
49 48
49 51
49 110
49 163
49 437
50 23
50 98
50 167
50 168
50 369
51 47
51 48
51 49
51 166
51 324
52 183
52 196
52 409
52 420
52 484
53 19
53 54
53 55
53 359
53 363
54 19
54 53
54 55
54 75
54 114
55 19
55 53
55 54
55 145
55 321
56 61
56 62
56 63
56 323
56 363
57 59
57 157
57 176
57 249
57 290
57 317
58 7
58 128
58 166
58 206
58 212
58 221
58 230
58 288
59 2
59 31
59 57
59 279
59 494
60 19
60 63
60 103
60 402
60 448
61 56
61 63
61 87
61 490
61 499
62 56
62 63
62 157
62 249
62 393
63 56
63 60
63 61
63 62
63 93
64 2
64 150
64 154
64 185
64 412
65 3
65 66
65 106
65 264
65 461
66 65
66 173
66 230
66 264
66 319
67 6
67 70
67 71
67 72
67 359
68 29
68 247
68 248
68 249
68 432
69 2
69 77
69 154
69 234
69 318
70 31
70 67
70 72
70 137
70 264
71 67
71 72
71 319
71 355
71 417
72 67
72 70
72 71
72 343
72 472
73 74
73 75
73 77
73 470
73 491
74 73
74 75
74 77
74 210
74 465
75 54
75 73
75 74
75 77
75 133
76 4
76 191
76 221
76 267
76 424
77 4
77 69
77 73
77 74
77 75
78 79
78 80
78 418
78 423
78 462
79 13
79 78
79 80
79 253
79 405
80 13
80 78
80 79
80 307
80 478
81 18
81 139
81 153
81 251
81 425
82 86
82 87
82 94
82 342
82 425
83 84
83 240
83 366
83 457
83 461
84 83
84 153
84 174
84 235
84 291
85 109
85 308
85 309
85 394
85 432
86 13
86 82
86 396
86 425
86 485
87 61
87 82
87 425
87 490
87 494
88 90
88 91
88 301
88 420
88 425
89 221
89 277
89 289
89 447
89 483
90 88
90 91
90 256
90 444
90 465
91 88
91 90
91 156
91 195
91 256
92 96
92 256
92 379
92 402
92 482
93 63
93 96
93 116
93 256
93 328
94 82
94 245
94 288
94 342
94 475
95 216
95 218
95 219
95 355
95 417
96 92
96 93
96 264
96 328
96 467
97 104
97 292
97 423
97 464
97 490
98 50
98 167
98 379
98 402
98 425
99 100
99 101
99 336
99 345
99 493
100 99
100 101
100 219
100 336
100 460
101 6
101 99
101 100
101 230
101 336
102 122
102 283
102 385
102 473
102 491
103 60
103 105
103 116
103 283
103 427
104 97
104 286
104 297
104 309
104 334
105 103
105 194
105 444
105 447
105 483
106 3
106 65
106 107
106 281
106 427
107 106
107 126
107 188
107 281
107 444
108 12
108 109
108 110
108 124
108 281
109 85
109 108
109 110
109 112
109 432
110 49
110 108
110 109
110 112
110 162
111 160
111 161
111 253
111 274
111 367
112 109
112 110
112 113
112 447
112 483
113 19
113 112
113 230
113 357
113 481
114 54
114 116
114 133
114 357
114 466
115 129
115 177
115 247
115 336
115 399
116 93
116 103
116 114
116 118
116 357
117 121
117 359
117 391
117 427
117 458
118 116
118 119
118 297
118 334
118 357
119 15
119 118
119 122
119 453
119 456
120 8
120 400
120 445
120 459
120 477
121 117
121 126
121 300
121 322
121 500
122 8
122 102
122 119
122 413
122 473
123 128
123 329
123 348
123 355
123 417
124 12
124 108
124 251
124 313
124 351
125 126
125 139
125 335
125 444
125 465
126 107
126 121
126 125
126 139
126 425
127 143
127 195
127 222
127 346
127 453
128 58
128 123
128 178
128 221
128 329
129 115
129 138
129 147
129 153
129 177
130 7
130 131
130 144
130 178
130 278
131 130
131 178
131 218
131 278
131 304
132 134
132 207
132 355
132 458
132 479
133 75
133 114
133 334
133 374
133 485
134 132
134 183
134 355
134 374
134 498
135 170
135 251
135 333
135 350
135 468
136 333
136 345
136 374
136 470
136 491
137 70
137 268
137 307
137 418
137 429
138 129
138 260
138 297
138 333
138 383
139 81
139 125
139 126
139 143
139 188
140 141
140 142
140 144
140 176
140 342
141 140
141 321
141 351
141 375
141 419
142 140
142 307
142 470
142 491
142 493
143 127
143 139
143 204
143 401
143 436
144 7
144 130
144 140
144 145
144 181
145 35
145 55
145 144
145 181
145 471
146 11
146 20
146 309
146 420
146 492
147 129
147 148
147 151
147 153
147 441
148 35
148 147
148 151
148 408
148 467
149 150
149 151
149 155
149 229
149 442
150 64
150 149
150 155
150 370
150 462
151 147
151 148
151 149
151 368
151 442
152 156
152 158
152 188
152 368
152 425
153 81
153 84
153 129
153 147
153 154
154 64
154 69
154 153
154 434
154 498
155 149
155 150
155 254
155 258
155 440
156 91
156 152
156 158
156 368
156 414
157 10
157 57
157 62
157 290
158 152
158 156
158 164
158 368
158 489
159 160
159 161
159 230
159 383
159 461
160 111
160 159
160 161
160 418
160 423
161 111
161 159
161 160
161 337
161 437
162 110
162 165
162 274
162 435
162 492
163 49
163 165
163 274
163 417
163 435
164 158
164 167
164 431
164 455
164 489
165 162
165 163
165 189
165 203
165 274
166 1
166 27
166 51
166 58
166 242
167 42
167 50
167 98
167 164
167 247
168 50
168 169
168 260
168 333
168 444
169 168
169 171
169 172
169 296
169 416
170 135
170 198
170 251
170 265
170 266
171 169
171 172
171 372
171 441
171 490
172 169
172 171
172 174
172 404
172 453
173 66
173 174
173 175
173 356
173 391
173 458
174 84
174 172
174 173
174 175
174 225
174 291
175 10
175 173
175 174
175 176
175 400
175 449
176 57
176 140
176 175
176 297
176 342
176 481
177 115
177 129
177 179
177 260
177 282
178 128
178 130
178 131
178 228
178 278
178 387
179 177
179 180
179 184
179 287
179 386
179 426
180 179
180 182
180 214
180 220
180 287
180 480
181 35
181 144
181 145
181 398
181 421
181 484
182 180
182 184
182 185
182 224
182 353
182 464
183 52
183 134
183 189
183 196
183 409
183 498
184 179
184 182
184 185
184 287
184 386
184 426
185 64
185 182
185 184
185 228
185 281
185 300
186 187
186 300
186 352
186 466
186 478
186 480
187 186
187 190
187 300
187 454
187 469
187 479
188 107
188 139
188 152
188 262
188 265
188 462
189 13
189 165
189 183
189 196
189 207
189 409
190 187
190 192
190 193
190 352
190 436
190 480
191 76
191 198
191 277
191 306
191 377
191 484
192 31
192 190
192 193
192 277
192 496
192 497
193 190
193 192
193 195
193 276
193 468
193 479
194 105
194 281
194 321
194 442
194 444
194 471
195 91
195 127
195 193
195 197
195 199
195 453
196 52
196 183
196 189
196 207
196 496
196 497
197 195
197 199
197 201
197 339
197 353
197 490
198 4
198 170
198 191
198 261
198 262
198 429
199 195
199 197
199 201
199 317
199 452
199 477
200 393
200 406
200 438
200 453
200 497
200 499
201 197
201 199
201 204
201 258
201 347
201 446
202 255
202 358
202 379
202 402
202 475
202 481
203 165
203 222
203 294
203 322
203 323
203 412
204 143
204 201
204 265
204 358
204 362
204 401
205 17
205 206
205 211
205 216
205 390
205 425
206 58
206 205
206 209
206 211
206 212
206 441
207 132
207 189
207 196
207 212
207 409
207 458
208 257
208 336
208 383
208 421
208 456
208 495
209 36
209 206
209 211
209 358
209 476
209 486
210 74
210 252
210 253
210 335
210 444
210 460
211 205
211 206
211 209
211 245
211 267
211 403
212 58
212 206
212 207
212 213
212 409
212 489
213 22
213 212
213 226
213 231
213 382
213 473
214 1
214 5
214 180
214 220
214 429
214 447
215 258
215 259
215 487
215 495
215 496
215 500
216 95
216 205
216 218
216 338
216 390
216 496
217 219
217 269
217 358
217 421
217 429
217 450
218 95
218 131
218 216
218 219
218 227
218 489
219 95
219 100
219 217
219 218
219 460
219 486
220 180
220 214
220 223
220 227
220 304
220 480
221 58
221 76
221 89
221 128
221 225
221 295
222 12
222 127
222 203
222 236
222 313
222 351
223 220
223 227
223 304
223 356
223 415
223 439
224 182
224 228
224 304
224 353
224 444
224 450
225 174
225 221
225 235
225 262
225 265
225 266
226 213
226 231
226 233
226 384
226 419
226 437
227 218
227 220
227 223
227 228
227 239
227 327
228 178
228 185
228 224
228 227
228 229
228 371
229 43
229 149
229 228
229 232
229 421
229 481
230 58
230 66
230 101
230 113
230 159
230 242
231 213
231 226
231 233
231 299
231 362
231 419
232 229
232 235
232 236
232 305
232 487
232 500
233 226
233 231
233 296
233 416
233 419
233 498
234 69
234 298
234 375
234 389
234 441
234 491
235 84
235 225
235 232
235 236
235 291
235 448
236 222
236 232
236 235
236 239
236 319
236 446
237 45
237 238
237 243
237 263
237 458
237 486
238 237
238 263
238 414
238 419
238 453
238 458
239 227
239 236
239 240
239 245
239 273
239 489
240 83
240 239
240 245
240 358
240 443
240 446
241 23
241 24
241 25
241 28
241 30
241 472
242 166
242 230
242 250
242 326
242 431
242 457
243 41
243 237
243 263
243 361
243 458
243 483
244 298
244 337
244 390
244 466
244 476
244 499
245 94
245 211
245 239
245 240
245 267
245 316
246 39
246 247
246 296
246 318
246 360
246 408
247 68
247 115
247 167
247 246
247 288
247 336
248 68
248 249
248 250
248 270
248 343
248 472
249 57
249 62
249 68
249 248
249 250
249 290
250 242
250 248
250 249
250 252
250 431
250 457
251 81
251 124
251 135
251 170
251 317
251 347
252 210
252 250
252 253
252 293
252 493
252 494
253 79
253 111
253 210
253 252
253 254
253 405
254 155
254 253
254 255
254 257
254 319
254 440
255 202
255 254
255 257
255 379
255 402
255 462
256 90
256 91
256 92
256 93
256 360
256 467
257 208
257 254
257 255
257 487
257 495
257 500
258 155
258 201
258 215
258 259
258 270
258 440
259 215
259 258
259 270
259 351
259 395
259 419
260 138
260 168
260 177
260 261
260 270
260 465
261 4
261 198
261 260
261 289
261 418
261 423
262 188
262 198
262 225
262 335
262 444
262 465
263 237
263 238
263 243
263 328
263 387
263 458
264 65
264 66
264 70
264 96
264 319
264 467
265 170
265 188
265 204
265 225
265 466
265 480
266 170
266 225
266 427
266 463
266 474
266 483
267 76
267 211
267 245
267 403
267 411
267 469
268 137
268 272
268 273
268 275
268 279
268 440
269 217
269 279
269 291
269 372
269 471
269 484
270 4
270 248
270 258
270 259
270 260
270 343
270 472
271 44
271 280
271 299
271 303
271 310
271 405
271 468
272 268
272 273
272 275
272 335
272 444
272 458
272 465
273 239
273 268
273 272
273 275
273 327
273 404
273 489
274 111
274 162
274 163
274 165
274 341
274 381
274 478
275 268
275 272
275 273
275 404
275 416
276 193
276 282
276 404
276 469
276 477
276 479
276 500
277 89
277 191
277 192
277 278
277 411
277 486
277 497
278 130
278 131
278 178
278 277
278 329
278 496
278 497
279 59
279 268
279 269
279 291
279 302
279 471
279 494
280 8
280 44
280 271
280 289
280 295
280 303
280 308
281 106
281 107
281 108
281 185
281 194
281 371
281 412
282 177
282 276
282 284
282 333
282 404
282 491
283 102
283 103
283 300
283 322
283 387
283 468
283 495
284 282
284 285
284 286
284 287
284 290
284 322
284 487
285 284
285 286
285 290
285 340
285 372
285 462
285 477
286 104
286 284
286 285
286 290
286 297
286 334
286 372
287 179
287 180
287 184
287 284
287 297
287 487
287 500
288 58
288 94
288 247
288 296
288 318
288 331
288 455
289 89
289 261
289 280
289 308
289 325
289 418
289 423
290 57
290 157
290 249
290 284
290 285
290 286
290 372
291 84
291 174
291 235
291 269
291 279
291 471
291 495
292 97
292 293
292 302
292 303
292 450
292 464
292 471
293 252
293 292
293 302
293 303
293 443
293 481
293 493
294 203
294 322
294 323
294 378
294 409
294 496
294 497
295 9
295 28
295 40
295 221
295 280
295 308
295 471
296 169
296 233
296 246
296 288
296 318
296 416
296 472
297 104
297 118
297 138
297 176
297 286
297 287
297 467
298 234
298 244
298 363
298 377
298 389
298 441
298 484
299 231
299 271
299 302
299 308
299 310
299 394
299 445
300 31
300 121
300 185
300 186
300 187
300 283
300 500
301 12
301 20
301 88
301 320
301 327
301 408
301 420
302 279
302 292
302 293
302 299
302 303
302 445
302 459
303 44
303 271
303 280
303 292
303 293
303 302
303 305
304 131
304 220
304 223
304 224
304 327
304 458
304 489
305 232
305 303
305 312
305 316
305 378
305 487
305 495
306 191
306 315
306 341
306 405
306 408
306 496
306 497
307 80
307 137
307 142
307 321
307 375
307 381
307 478
308 29
308 85
308 280
308 289
308 295
308 299
308 432
309 85
309 104
309 146
309 351
309 365
309 492
309 498
310 15
310 271
310 299
310 315
310 320
310 428
310 433
311 41
311 324
311 325
311 326
311 331
311 450
311 464
312 305
312 316
312 323
312 378
312 397
312 412
312 439
313 12
313 124
313 222
313 351
313 434
313 492
313 498
314 20
314 22
314 23
314 25
314 451
314 474
314 498
315 306
315 310
315 405
315 407
315 411
315 428
315 459
316 26
316 245
316 305
316 312
316 378
316 403
316 412
317 57
317 199
317 251
317 347
317 359
317 370
317 477
318 69
318 246
318 288
318 296
318 424
318 465
318 479
319 66
319 71
319 236
319 254
319 264
319 446
319 461
320 301
320 310
320 327
320 357
320 388
320 410
320 475
321 9
321 55
321 141
321 194
321 307
321 333
321 375
322 121
322 203
322 283
322 284
322 294
322 324
322 412
323 56
323 203
323 294
323 312
323 324
323 325
323 415
324 1
324 27
324 51
324 311
324 322
324 323
324 325
325 289
325 311
325 323
325 324
325 326
325 418
325 423
326 21
326 242
326 311
326 325
326 330
326 395
326 431
327 227
327 273
327 301
327 304
327 320
327 341
327 489
328 93
328 96
328 263
328 336
328 452
328 488
328 496
329 8
329 123
329 128
329 278
329 337
329 384
329 437
330 326
330 331
330 335
330 395
330 460
330 476
330 486
331 288
331 311
331 330
331 335
331 372
331 395
331 455
332 2
332 17
332 367
332 369
332 373
332 387
332 390
333 135
333 136
333 138
333 168
333 282
333 321
333 375
334 104
334 118
334 133
334 286
334 345
334 348
334 400
334 403
335 125
335 210
335 262
335 272
335 330
335 331
335 339
335 395
336 42
336 99
336 100
336 101
336 115
336 208
336 247
336 328
337 161
337 244
337 329
337 338
337 384
337 390
337 476
337 499
338 2
338 216
338 337
338 390
338 466
338 476
338 480
338 494
339 197
339 335
339 342
339 343
339 353
339 361
339 395
339 450
340 285
340 349
340 371
340 385
340 432
340 442
340 468
340 488
341 274
341 306
341 327
341 381
341 393
341 394
341 408
341 480
342 82
342 94
342 140
342 176
342 339
342 343
342 346
342 352
343 72
343 248
343 270
343 339
343 342
343 346
343 352
343 472
344 6
344 11
344 14
344 39
344 360
344 398
344 408
344 467
345 99
345 136
345 334
345 350
345 403
345 404
345 481
345 493
346 127
346 342
346 343
346 352
346 353
346 404
346 414
346 453
347 201
347 251
347 317
347 359
347 385
347 440
347 446
347 499
348 123
348 334
348 373
348 393
348 400
348 403
348 442
348 478
349 340
349 432
349 453
349 461
349 462
349 481
349 485
349 494
350 135
350 345
350 381
350 418
350 438
350 443
350 455
350 461
351 124
351 141
351 222
351 259
351 309
351 313
351 406
351 419
352 186
352 190
352 342
352 343
352 346
352 353
352 466
352 480
353 182
353 197
353 224
353 339
353 346
353 352
353 360
353 364
354 358
354 360
354 364
354 388
354 430
354 482
354 496
354 499
355 71
355 95
355 123
355 132
355 134
355 357
355 374
355 417
356 173
356 223
356 362
356 383
356 399
356 415
356 420
356 439
357 113
357 114
357 116
357 118
357 320
357 355
357 388
357 389
358 202
358 204
358 209
358 217
358 240
358 354
358 461
358 471
359 7
359 44
359 53
359 67
359 117
359 317
359 347
359 391
360 246
360 256
360 344
360 353
360 354
360 364
360 388
360 408
361 243
361 339
361 415
361 433
361 436
361 438
361 470
361 490
362 204
362 231
362 356
362 394
362 399
362 430
362 459
362 476
363 53
363 56
363 298
363 389
363 397
363 415
363 428
363 441
364 353
364 354
364 360
364 365
364 388
364 448
364 451
364 474
365 309
365 364
365 366
365 370
365 371
365 376
365 448
365 474
366 83
366 365
366 371
366 376
366 430
366 482
366 485
366 499
367 16
367 24
367 111
367 332
367 369
367 387
367 392
367 429
368 151
368 152
368 156
368 158
368 374
368 376
368 463
368 483
369 50
369 332
369 367
369 373
369 380
369 392
369 446
369 475
370 150
370 317
370 365
370 376
370 388
370 462
370 471
370 488
371 228
371 281
371 340
371 365
371 366
371 376
371 388
371 488
372 171
372 269
372 285
372 286
372 290
372 331
372 441
372 483
373 332
373 348
373 369
373 382
373 387
373 393
373 450
373 478
374 133
374 134
374 136
374 355
374 368
374 376
374 427
374 463
375 141
375 234
375 307
375 321
375 333
375 454
375 468
375 469
376 365
376 366
376 368
376 370
376 371
376 374
376 427
376 463
377 191
377 298
377 379
377 380
377 421
377 422
377 452
377 484
378 294
378 305
378 312
378 316
378 386
378 407
378 412
378 426
379 92
379 98
379 202
379 255
379 377
379 380
379 384
379 423
380 23
380 369
380 377
380 379
380 384
380 410
380 423
380 475
381 274
381 307
381 341
381 350
381 418
381 420
381 455
381 478
382 22
382 45
382 213
382 373
382 387
382 428
382 450
382 499
383 138
383 159
383 208
383 356
383 391
383 399
383 421
383 458
384 226
384 329
384 337
384 379
384 380
384 394
384 423
384 437
385 13
385 102
385 340
385 347
385 432
385 446
385 462
385 468
386 179
386 184
386 378
386 422
386 430
386 440
386 443
386 475
387 178
387 263
387 283
387 332
387 367
387 373
387 382
387 450
388 320
388 354
388 357
388 360
388 364
388 370
388 371
388 410
388 475
389 35
389 234
389 298
389 357
389 363
389 410
389 428
389 441
389 475
390 205
390 216
390 244
390 332
390 337
390 338
390 391
390 476
390 499
391 117
391 173
391 359
391 383
391 390
391 396
391 397
391 401
391 499
392 15
392 367
392 369
392 398
392 409
392 447
392 482
392 496
392 497
393 62
393 200
393 341
393 348
393 373
393 402
393 406
393 448
393 478
394 85
394 299
394 341
394 362
394 384
394 408
394 423
394 445
394 459
395 259
395 326
395 330
395 331
395 335
395 339
395 406
395 419
396 43
396 86
396 391
396 397
396 401
396 407
396 481
396 494
396 499
397 312
397 363
397 391
397 396
397 401
397 407
397 410
397 415
397 439
398 5
398 6
398 181
398 344
398 392
398 399
398 409
398 411
398 464
399 115
399 356
399 362
399 383
399 398
399 411
399 494
399 496
399 497
400 10
400 120
400 175
400 334
400 348
400 403
400 433
400 442
400 449
401 143
401 204
401 391
401 396
401 397
401 407
401 410
401 436
401 466
402 60
402 92
402 98
402 202
402 255
402 393
402 406
402 448
402 456
403 26
403 211
403 267
403 316
403 334
403 345
403 348
403 400
403 490
404 172
404 273
404 275
404 276
404 282
404 345
404 346
404 414
404 492
405 16
405 24
405 79
405 253
405 271
405 306
405 315
405 411
405 456
406 200
406 351
406 393
406 395
406 402
406 419
406 448
406 453
407 315
407 378
407 396
407 397
407 401
407 410
407 414
407 433
407 456
408 148
408 246
408 301
408 306
408 341
408 344
408 360
408 394
408 486
409 52
409 183
409 189
409 207
409 212
409 294
409 392
409 398
409 411
410 320
410 380
410 388
410 389
410 397
410 401
410 407
410 414
410 415
411 267
411 277
411 315
411 398
411 399
411 405
411 409
411 421
411 456
412 64
412 203
412 281
412 312
412 316
412 322
412 378
412 477
412 488
413 16
413 17
413 18
413 122
413 448
413 451
413 474
413 492
413 497
414 156
414 238
414 346
414 404
414 407
414 410
414 415
414 433
414 470
415 223
415 323
415 356
415 361
415 363
415 397
415 410
415 414
415 433
415 470
416 169
416 233
416 275
416 296
416 426
416 439
416 445
416 469
416 488
416 489
417 71
417 95
417 123
417 163
417 355
417 431
417 437
417 457
417 465
417 481
418 78
418 137
418 160
418 261
418 289
418 325
418 350
418 381
418 420
418 455
419 141
419 226
419 231
419 233
419 238
419 259
419 351
419 395
419 406
419 479
420 7
420 11
420 52
420 88
420 146
420 301
420 356
420 381
420 418
420 455
421 181
421 208
421 217
421 229
421 377
421 383
421 411
421 429
421 456
421 484
422 33
422 377
422 386
422 430
422 440
422 449
422 470
422 473
422 491
423 78
423 97
423 160
423 261
423 289
423 325
423 379
423 380
423 384
423 394
424 76
424 318
424 454
424 459
424 460
424 464
424 468
424 472
424 478
424 482
425 18
425 81
425 82
425 86
425 87
425 88
425 98
425 126
425 152
425 205
426 179
426 184
426 378
426 416
426 439
426 445
426 454
426 456
426 469
426 488
427 32
427 103
427 106
427 117
427 266
427 374
427 376
427 444
427 447
427 495
428 47
428 310
428 315
428 363
428 382
428 389
428 433
428 449
428 450
428 456
429 3
429 14
429 137
429 198
429 214
429 217
429 367
429 421
429 447
429 484
430 354
430 362
430 366
430 386
430 422
430 440
430 449
430 473
430 482
430 499
431 164
431 242
431 250
431 326
431 417
431 437
431 465
431 473
431 481
431 494
432 29
432 68
432 85
432 109
432 308
432 340
432 349
432 385
432 462
432 468
433 10
433 310
433 361
433 400
433 407
433 414
433 415
433 428
433 436
433 470
434 154
434 313
434 436
434 438
434 448
434 457
434 470
434 474
434 492
434 499
435 162
435 163
435 449
435 451
435 456
435 460
435 472
435 482
435 489
435 500
436 143
436 190
436 361
436 401
436 433
436 434
436 438
436 457
436 466
436 480
437 49
437 161
437 226
437 329
437 384
437 417
437 431
437 443
437 475
437 481
438 200
438 350
438 361
438 434
438 436
438 457
438 461
438 465
438 482
438 499
439 223
439 312
439 356
439 397
439 416
439 426
439 445
439 451
439 454
439 469
440 155
440 254
440 258
440 268
440 347
440 386
440 422
440 430
440 449
440 473
441 147
441 171
441 206
441 234
441 298
441 363
441 372
441 389
441 448
441 455
442 149
442 151
442 194
442 340
442 348
442 400
442 482
442 485
442 493
442 494
443 240
443 293
443 350
443 386
443 437
443 449
443 461
443 473
443 475
443 482
443 499
444 90
444 105
444 107
444 125
444 168
444 194
444 210
444 224
444 262
444 272
444 427
445 120
445 299
445 302
445 394
445 416
445 426
445 439
445 451
445 454
445 459
445 469
446 24
446 30
446 41
446 201
446 236
446 240
446 319
446 347
446 369
446 385
446 449
447 3
447 11
447 31
447 89
447 105
447 112
447 214
447 392
447 427
447 429
447 483
448 60
448 235
448 364
448 365
448 393
448 402
448 406
448 413
448 434
448 441
448 492
449 10
449 175
449 400
449 422
449 428
449 430
449 435
449 440
449 443
449 446
449 488
450 30
450 217
450 224
450 292
450 311
450 339
450 373
450 382
450 387
450 428
450 490
451 38
451 314
451 364
451 413
451 435
451 439
451 445
451 454
451 460
451 469
451 474
452 199
452 328
452 377
452 459
452 462
452 464
452 477
452 478
452 480
452 482
452 496
453 119
453 127
453 172
453 195
453 200
453 238
453 346
453 349
453 406
453 461
453 470
454 187
454 375
454 424
454 426
454 439
454 445
454 451
454 460
454 468
454 469
454 488
455 164
455 288
455 331
455 350
455 381
455 418
455 420
455 441
456 119
456 208
456 402
456 405
456 407
456 411
456 421
456 426
456 428
456 435
456 499
457 21
457 48
457 83
457 242
457 250
457 417
457 434
457 436
457 438
457 465
457 473
458 117
458 132
458 173
458 207
458 237
458 238
458 243
458 263
458 272
458 304
458 383
459 120
459 302
459 315
459 362
459 394
459 424
459 445
459 452
459 464
459 477
459 478
459 496
460 100
460 210
460 219
460 330
460 424
460 435
460 451
460 454
460 469
460 472
460 476
460 486
461 8
461 65
461 83
461 159
461 319
461 349
461 350
461 358
461 438
461 443
461 453
461 499
462 78
462 150
462 188
462 255
462 285
462 349
462 370
462 385
462 432
462 452
462 468
462 488
463 32
463 266
463 368
463 374
463 376
463 467
463 474
463 487
463 490
463 493
463 497
463 500
464 97
464 182
464 292
464 311
464 398
464 424
464 452
464 459
464 472
464 478
464 482
464 490
465 74
465 90
465 125
465 260
465 262
465 272
465 318
465 417
465 431
465 438
465 457
465 481
466 114
466 186
466 244
466 265
466 338
466 352
466 401
466 436
466 476
466 477
466 483
466 494
467 96
467 148
467 256
467 264
467 297
467 344
467 463
467 474
467 486
467 490
467 493
467 497
467 500
468 135
468 193
468 271
468 283
468 340
468 375
468 385
468 424
468 432
468 454
468 462
468 469
468 479
469 187
469 267
469 276
469 375
469 416
469 426
469 439
469 445
469 451
469 454
469 460
469 468
469 479
470 46
470 73
470 136
470 142
470 361
470 414
470 415
470 422
470 433
470 434
470 453
470 476
470 491
471 9
471 28
471 40
471 145
471 194
471 269
471 279
471 291
471 292
471 295
471 358
471 370
471 473
472 25
472 72
472 241
472 248
472 270
472 296
472 343
472 424
472 435
472 460
472 464
472 478
472 482
473 21
473 48
473 102
473 122
473 213
473 422
473 430
473 431
473 440
473 443
473 457
473 471
473 499
474 266
474 314
474 364
474 365
474 413
474 434
474 451
474 463
474 467
474 486
474 490
474 493
474 497
474 500
475 26
475 35
475 94
475 202
475 320
475 369
475 380
475 386
475 388
475 389
475 437
475 443
475 480
475 481
476 36
476 45
476 209
476 244
476 330
476 337
476 338
476 362
476 390
476 460
476 466
476 470
476 486
476 499
477 120
477 199
477 276
477 285
477 317
477 412
477 452
477 459
477 466
477 480
477 483
477 488
477 494
477 496
478 32
478 80
478 186
478 274
478 307
478 348
478 373
478 381
478 393
478 424
478 452
478 459
478 464
478 472
478 482
479 132
479 187
479 193
479 276
479 318
479 419
479 468
479 469
479 484
479 485
479 488
479 489
479 491
479 492
479 495
480 180
480 186
480 190
480 220
480 265
480 338
480 341
480 352
480 436
480 452
480 475
480 477
480 483
480 494
480 496
481 113
481 176
481 202
481 229
481 293
481 345
481 349
481 396
481 417
481 431
481 437
481 465
481 475
481 485
481 494
482 92
482 354
482 366
482 392
482 424
482 430
482 435
482 438
482 442
482 443
482 452
482 464
482 472
482 478
482 499
483 32
483 89
483 105
483 112
483 243
483 266
483 368
483 372
483 447
483 466
483 477
483 480
483 488
483 494
483 496
484 52
484 181
484 191
484 269
484 298
484 377
484 421
484 429
484 479
484 485
484 488
484 489
484 491
484 492
484 495
485 86
485 133
485 349
485 366
485 442
485 479
485 481
485 484
485 486
485 489
485 491
485 492
485 493
485 494
485 495
486 36
486 209
486 219
486 237
486 277
486 330
486 408
486 460
486 467
486 474
486 476
486 485
486 490
486 491
486 495
486 497
487 215
487 232
487 257
487 284
487 287
487 305
487 463
487 493
487 495
487 498
488 328
488 340
488 370
488 371
488 412
488 416
488 426
488 449
488 454
488 462
488 477
488 479
488 483
488 484
488 489
488 492
489 158
489 164
489 212
489 218
489 239
489 273
489 304
489 327
489 416
489 435
489 479
489 484
489 485
489 488
489 491
489 492
490 61
490 87
490 97
490 171
490 197
490 361
490 403
490 450
490 463
490 464
490 467
490 474
490 486
490 493
490 495
490 497
491 33
491 46
491 73
491 102
491 136
491 142
491 234
491 282
491 422
491 470
491 479
491 484
491 485
491 486
491 489
491 492
491 495
492 5
492 146
492 162
492 309
492 313
492 404
492 413
492 434
492 448
492 479
492 484
492 485
492 488
492 489
492 491
492 495
492 498
493 43
493 99
493 142
493 252
493 293
493 345
493 442
493 463
493 467
493 474
493 485
493 487
493 490
493 494
493 497
493 498
493 500
494 59
494 87
494 252
494 279
494 338
494 349
494 396
494 399
494 431
494 442
494 466
494 477
494 480
494 481
494 483
494 485
494 493
494 496
495 14
495 37
495 208
495 215
495 257
495 283
495 291
495 305
495 427
495 479
495 484
495 485
495 486
495 487
495 490
495 491
495 492
495 500
496 192
496 196
496 215
496 216
496 278
496 294
496 306
496 328
496 354
496 392
496 399
496 452
496 459
496 477
496 480
496 483
496 494
496 497
497 15
497 192
497 196
497 200
497 277
497 278
497 294
497 306
497 392
497 399
497 413
497 463
497 467
497 474
497 486
497 490
497 493
497 496
497 500
498 5
498 38
498 134
498 154
498 183
498 233
498 309
498 313
498 314
498 487
498 492
498 493
498 500
499 61
499 200
499 244
499 337
499 347
499 354
499 366
499 382
499 390
499 391
499 396
499 430
499 434
499 438
499 443
499 456
499 461
499 473
499 476
499 482
500 14
500 37
500 121
500 215
500 232
500 257
500 276
500 287
500 300
500 435
500 463
500 467
500 474
500 493
500 495
500 497
500 498
