1 4
1 62
1 237
1 383
1 470
2 191
2 277
2 302
2 338
2 362
3 100
3 102
3 105
3 216
3 298
4 1
4 5
4 20
4 51
4 456
5 4
5 8
5 12
5 360
5 430
6 7
6 191
6 208
6 277
6 331
7 6
7 9
7 208
7 331
7 495
8 5
8 12
8 51
8 263
8 403
9 7
9 10
9 13
9 331
9 431
10 9
10 13
10 277
10 397
10 417
11 175
11 187
11 201
11 261
11 270
12 5
12 8
12 15
12 20
12 156
13 9
13 10
13 331
13 339
13 362
14 18
14 19
14 25
14 34
14 465
15 12
15 20
15 433
15 451
15 500
16 23
16 182
16 262
16 263
16 481
17 153
17 200
17 241
17 345
17 488
18 14
18 19
18 25
18 34
18 302
19 14
19 18
19 25
19 34
19 427
20 4
20 12
20 15
20 77
20 463
21 25
21 30
21 34
21 338
21 340
22 175
22 187
22 261
22 272
22 498
23 16
23 172
23 262
23 263
23 421
24 147
24 165
24 258
24 272
24 377
25 14
25 18
25 19
25 21
25 30
26 114
26 115
26 118
26 119
26 120
27 29
27 50
27 155
27 380
27 491
28 57
28 99
28 164
28 424
28 490
29 27
29 33
29 50
29 155
29 262
30 21
30 25
30 34
30 41
30 286
31 103
31 233
31 249
31 271
31 330
32 33
32 35
32 77
32 106
32 206
33 29
33 32
33 206
33 318
33 402
34 14
34 18
34 19
34 21
34 30
35 32
35 155
35 206
35 342
35 495
36 37
36 39
36 42
36 178
36 488
37 36
37 39
37 42
37 206
37 292
38 57
38 79
38 106
38 164
38 221
39 36
39 37
39 42
39 352
39 462
40 108
40 162
40 214
40 217
40 228
41 30
41 43
41 44
41 45
41 286
42 36
42 37
42 39
42 59
42 449
43 41
43 44
43 45
43 46
43 286
44 41
44 43
44 45
44 46
44 286
45 41
45 43
45 44
45 46
45 286
46 43
46 44
46 45
46 48
46 49
47 59
47 64
47 230
47 430
47 498
48 46
48 49
48 52
48 53
48 54
49 46
49 48
49 52
49 53
49 289
50 27
50 29
50 155
50 206
50 457
51 4
51 8
51 172
51 288
51 461
52 48
52 49
52 53
52 428
52 494
53 48
53 49
53 52
53 54
53 211
54 48
54 53
54 211
54 347
54 417
55 56
55 58
55 211
55 251
55 466
56 55
56 58
56 197
56 211
56 251
57 28
57 38
57 92
57 99
57 330
58 55
58 56
58 197
58 251
58 472
59 42
59 47
59 64
59 230
59 404
60 136
60 139
60 156
60 160
60 476
61 63
61 66
61 69
61 197
61 474
62 1
62 172
62 182
62 263
62 467
63 61
63 65
63 66
63 69
63 299
64 47
64 59
64 85
64 135
64 217
65 63
65 66
65 68
65 69
65 72
66 61
66 63
66 65
66 72
66 435
67 70
67 85
67 104
67 135
67 169
68 65
68 69
68 72
68 197
68 476
69 61
69 63
69 65
69 68
69 72
70 67
70 85
70 104
70 177
70 433
71 122
71 131
71 133
71 136
71 139
72 65
72 66
72 68
72 69
72 74
73 75
73 76
73 316
73 459
73 471
74 72
74 75
74 76
74 454
74 496
75 73
75 74
75 76
75 78
75 316
76 73
76 74
76 75
76 78
76 316
77 20
77 32
77 155
77 468
77 476
78 75
78 76
78 81
78 84
78 316
79 38
79 97
79 99
79 106
79 164
80 81
80 84
80 316
80 389
80 449
81 78
81 80
81 83
81 84
81 336
82 201
82 238
82 250
82 252
82 270
83 81
83 84
83 308
83 336
83 362
84 78
84 80
84 81
84 83
84 336
85 64
85 67
85 70
85 104
85 324
86 89
86 92
86 104
86 249
86 367
87 88
87 90
87 91
87 336
87 411
88 87
88 91
88 336
88 368
88 491
89 86
89 92
89 317
89 404
89 413
90 87
90 91
90 94
90 336
90 436
91 87
91 88
91 90
91 93
91 94
92 57
92 86
92 89
92 136
92 363
93 91
93 94
93 95
93 474
93 487
94 90
94 91
94 93
94 95
94 392
95 93
95 94
95 96
95 290
95 415
96 95
96 98
96 216
96 290
96 298
97 79
97 99
97 164
97 420
97 462
98 96
98 216
98 290
98 298
98 497
99 28
99 57
99 79
99 97
99 304
100 3
100 102
100 105
100 107
100 298
101 108
101 162
101 176
101 217
101 447
102 3
102 100
102 105
102 107
102 216
103 31
103 233
103 271
103 309
103 310
104 67
104 70
104 85
104 86
104 135
105 3
105 100
105 102
105 107
105 110
106 32
106 38
106 79
106 109
106 117
107 100
107 102
107 105
107 110
107 486
108 40
108 101
108 214
108 217
108 321
109 106
109 116
109 117
109 121
109 425
110 105
110 107
110 112
110 113
110 462
111 112
111 113
111 437
111 461
111 493
112 110
112 111
112 113
112 114
112 115
113 110
113 111
113 112
113 115
113 442
114 26
114 112
114 115
114 118
114 491
115 26
115 112
115 113
115 114
115 118
116 109
116 117
116 121
116 143
116 164
117 106
117 109
117 116
117 121
117 452
118 26
118 114
118 115
118 123
118 342
119 26
119 120
119 123
119 124
119 434
120 26
120 119
120 123
120 124
120 126
121 109
121 116
121 117
121 122
121 230
122 71
122 121
122 131
122 133
122 214
123 118
123 119
123 120
123 124
123 126
124 119
124 120
124 123
124 126
124 127
125 244
125 256
125 317
125 420
125 485
126 120
126 123
126 124
126 127
126 255
127 124
127 126
127 129
127 255
127 296
128 129
128 255
128 344
128 438
128 465
129 127
129 128
129 130
129 255
129 369
130 129
130 132
130 134
130 255
130 487
131 71
131 122
131 133
131 464
131 487
132 130
132 134
132 138
132 223
132 470
133 71
133 122
133 131
133 238
133 315
134 130
134 132
134 138
134 255
134 355
135 64
135 67
135 104
135 230
135 306
136 60
136 71
136 92
136 139
136 500
137 245
137 256
137 258
137 317
137 326
138 132
138 134
138 140
138 223
138 388
139 60
139 71
139 136
139 156
139 500
140 138
140 141
140 144
140 145
140 223
141 140
141 144
141 145
141 146
141 148
142 152
142 170
142 267
142 277
142 406
143 116
143 156
143 159
143 160
143 250
144 140
144 141
144 145
144 146
144 148
145 140
145 141
145 144
145 200
145 382
146 141
146 144
146 149
146 150
146 200
147 24
147 165
147 258
147 272
147 396
148 141
148 144
148 149
148 150
148 200
149 146
149 148
149 150
149 153
149 200
150 146
150 148
150 149
150 153
150 200
151 152
151 256
151 267
151 393
151 487
152 142
152 151
152 267
152 411
152 465
153 17
153 149
153 150
153 241
153 345
154 241
154 313
154 315
154 323
154 379
155 27
155 29
155 35
155 50
155 77
156 12
156 60
156 139
156 143
156 159
157 158
157 189
157 313
157 315
157 471
158 157
158 189
158 313
158 345
158 473
159 143
159 156
159 160
159 163
159 166
160 60
160 143
160 159
160 455
160 464
161 168
161 173
161 189
161 229
161 458
162 40
162 101
162 222
162 376
162 452
163 159
163 166
163 307
163 345
163 468
164 28
164 38
164 79
164 97
164 116
165 24
165 147
165 261
165 423
165 488
166 159
166 163
166 170
166 326
166 494
167 171
167 173
167 178
167 188
167 285
168 161
168 173
168 188
168 229
168 473
169 67
169 170
169 267
169 345
169 477
170 142
170 166
170 169
170 267
170 499
171 167
171 188
171 382
171 435
171 490
172 23
172 51
172 62
172 263
172 359
173 161
173 167
173 168
173 188
173 229
174 297
174 344
174 368
174 402
174 411
174 438
175 11
175 22
175 201
175 238
175 252
175 371
176 101
176 202
176 213
176 224
176 310
176 321
177 70
177 182
177 249
177 309
177 318
177 330
178 36
178 167
178 225
178 226
178 285
178 432
179 181
179 284
179 295
179 328
179 393
179 464
180 295
180 320
180 323
180 328
180 382
180 393
181 179
181 284
181 295
181 328
181 391
181 393
182 16
182 62
182 177
182 262
182 309
182 459
183 184
183 185
183 297
183 344
183 370
183 421
184 183
184 185
184 344
184 421
184 477
184 489
185 183
185 184
185 186
185 344
185 370
185 421
186 185
186 194
186 198
186 333
186 370
186 421
187 11
187 22
187 261
187 270
187 272
187 456
188 167
188 168
188 171
188 173
188 229
188 381
189 157
189 158
189 161
189 313
189 315
189 482
190 193
190 204
190 205
190 207
190 218
190 227
191 2
191 6
191 277
191 312
191 338
191 362
192 194
192 196
192 198
192 333
192 421
192 499
193 190
193 196
193 198
193 204
193 205
193 333
194 186
194 192
194 196
194 198
194 333
194 344
195 199
195 225
195 281
195 321
195 341
195 374
196 192
196 193
196 194
196 198
196 333
196 405
197 56
197 58
197 61
197 68
197 251
197 427
198 186
198 192
198 193
198 194
198 196
198 333
199 195
199 202
199 314
199 321
199 385
199 455
200 17
200 145
200 146
200 148
200 149
200 150
201 11
201 82
201 175
201 252
201 272
201 424
202 176
202 199
202 213
202 224
202 267
202 310
203 269
203 348
203 355
203 395
203 421
203 427
204 190
204 193
204 205
204 207
204 333
204 402
205 190
205 193
205 204
205 207
205 210
205 413
206 32
206 33
206 35
206 37
206 50
206 500
207 190
207 204
207 205
207 210
207 227
207 483
208 6
208 7
208 277
208 331
208 426
208 497
209 221
209 233
209 252
209 281
209 444
209 466
210 205
210 207
210 212
210 219
210 227
210 453
211 53
211 54
211 55
211 56
211 466
211 500
212 210
212 215
212 218
212 219
212 227
212 231
213 176
213 202
213 224
213 310
213 391
213 400
214 40
214 108
214 122
214 222
214 232
214 310
215 212
215 218
215 219
215 231
215 475
215 489
216 3
216 96
216 98
216 102
216 290
216 298
217 40
217 64
217 101
217 108
217 222
217 455
218 190
218 212
218 215
218 219
218 227
218 231
219 210
219 212
219 215
219 218
219 227
219 231
220 254
220 260
220 288
220 293
220 307
220 354
221 38
221 209
221 233
221 250
221 271
221 498
222 162
222 214
222 217
222 228
222 232
222 422
223 132
223 138
223 140
223 290
223 374
223 394
224 176
224 202
224 213
224 228
224 281
224 310
225 178
225 195
225 226
225 285
225 314
225 497
226 178
226 225
226 313
226 314
226 375
226 492
227 190
227 207
227 210
227 212
227 218
227 219
228 40
228 222
228 224
228 232
228 440
228 450
229 161
229 168
229 173
229 188
229 313
229 381
230 47
230 59
230 121
230 135
230 336
230 365
231 212
231 215
231 218
231 219
231 234
231 363
232 214
232 222
232 228
232 390
232 441
232 479
233 31
233 103
233 209
233 221
233 250
233 271
234 231
234 235
234 237
234 239
234 363
234 410
235 234
235 237
235 239
235 240
235 363
235 465
236 237
236 239
236 242
236 425
236 437
236 452
237 1
237 234
237 235
237 236
237 239
237 240
237 242
238 82
238 133
238 175
238 252
238 270
238 271
239 234
239 235
239 236
239 237
239 240
239 242
240 235
240 237
240 239
240 242
240 363
240 462
241 17
241 153
241 154
241 345
241 410
241 426
242 236
242 237
242 239
242 240
242 246
242 253
243 246
243 248
243 253
243 257
243 419
243 470
244 125
244 245
244 256
244 326
244 470
244 476
245 137
245 244
245 256
245 298
245 317
245 326
246 242
246 243
246 248
246 253
246 257
246 453
247 296
247 320
247 374
247 479
247 481
247 499
248 243
248 246
248 253
248 257
248 426
248 437
249 31
249 86
249 177
249 271
249 318
249 457
250 82
250 143
250 221
250 233
250 286
250 384
251 55
251 56
251 58
251 197
251 416
251 479
252 82
252 175
252 201
252 209
252 238
252 270
253 242
253 243
253 246
253 248
253 257
253 426
254 220
254 260
254 304
254 354
254 446
254 485
255 126
255 127
255 128
255 129
255 130
255 134
256 125
256 137
256 151
256 244
256 245
256 432
257 243
257 246
257 248
257 253
257 426
257 464
258 24
258 137
258 147
258 317
258 491
258 498
259 264
259 266
259 279
259 423
259 426
259 478
260 220
260 254
260 304
260 307
260 324
260 354
261 11
261 22
261 165
261 187
261 272
261 338
262 16
262 23
262 29
262 182
262 318
262 447
263 8
263 16
263 23
263 62
263 172
263 295
264 259
264 265
264 266
264 268
264 279
264 426
265 264
265 266
265 268
265 279
265 441
265 478
266 259
266 264
266 265
266 268
266 279
266 426
267 142
267 151
267 152
267 169
267 170
267 202
268 264
268 265
268 266
268 279
268 427
268 499
269 203
269 276
269 280
269 348
269 355
269 452
270 11
270 82
270 187
270 238
270 252
270 457
271 31
271 103
271 221
271 233
271 238
271 249
271 454
272 22
272 24
272 147
272 187
272 201
272 261
272 386
273 275
273 278
273 403
273 409
273 436
273 470
273 479
274 284
274 306
274 323
274 359
274 367
274 414
274 430
275 273
275 403
275 406
275 409
275 436
275 441
275 470
276 269
276 279
276 280
276 324
276 348
276 355
276 447
277 2
277 6
277 10
277 142
277 191
277 208
277 331
278 273
278 291
278 406
278 409
278 436
278 441
278 470
279 259
279 264
279 265
279 266
279 268
279 276
279 427
280 269
280 276
280 318
280 324
280 355
280 427
280 462
281 195
281 209
281 224
281 321
281 350
281 412
281 484
282 291
282 292
282 294
282 301
282 441
282 470
282 489
283 319
283 339
283 340
283 384
283 396
283 401
283 417
283 469
284 179
284 181
284 274
284 359
284 367
284 383
284 414
285 167
285 178
285 225
285 314
285 333
285 420
285 438
286 30
286 41
286 43
286 44
286 45
286 250
286 493
287 311
287 325
287 329
287 335
287 351
287 352
287 365
288 51
288 220
288 293
288 306
288 307
288 354
288 359
289 49
289 299
289 302
289 308
289 312
289 350
289 392
290 95
290 96
290 98
290 216
290 223
290 298
290 350
291 278
291 282
291 292
291 294
291 301
291 441
291 470
292 37
292 282
292 291
292 294
292 301
292 303
292 470
292 496
293 220
293 288
293 306
293 307
293 354
293 367
293 491
294 282
294 291
294 292
294 301
294 303
294 305
294 441
295 179
295 180
295 181
295 263
295 367
295 414
295 473
296 127
296 247
296 308
296 320
296 350
296 374
296 392
297 174
297 183
297 368
297 402
297 411
297 420
297 438
298 3
298 96
298 98
298 100
298 216
298 245
298 290
299 63
299 289
299 308
299 312
299 350
299 392
299 446
300 334
300 376
300 383
300 391
300 430
300 453
300 466
301 282
301 291
301 292
301 294
301 305
301 335
301 441
302 2
302 18
302 289
302 312
302 338
302 362
302 443
303 292
303 294
303 305
303 311
303 325
303 335
303 403
304 99
304 254
304 260
304 324
304 355
304 358
304 490
305 294
305 301
305 303
305 311
305 325
305 335
305 365
306 135
306 274
306 288
306 293
306 359
306 367
306 472
306 497
307 163
307 220
307 260
307 288
307 293
307 354
307 454
308 83
308 289
308 296
308 299
308 350
308 392
308 442
309 103
309 177
309 182
309 330
309 359
309 436
309 491
310 103
310 176
310 202
310 213
310 214
310 224
310 314
311 287
311 303
311 305
311 325
311 335
311 365
311 488
312 191
312 289
312 299
312 302
312 330
312 338
312 362
312 399
313 154
313 157
313 158
313 189
313 226
313 229
313 315
314 199
314 225
314 226
314 285
314 310
314 321
314 477
315 133
315 154
315 157
315 189
315 313
315 328
315 393
316 73
316 75
316 76
316 78
316 80
316 453
316 499
317 89
317 125
317 137
317 245
317 258
317 448
317 487
318 33
318 177
318 249
318 262
318 280
318 330
318 393
319 283
319 339
319 340
319 347
319 396
319 404
319 417
320 180
320 247
320 296
320 374
320 382
320 450
320 470
321 108
321 176
321 195
321 199
321 281
321 314
321 428
322 334
322 358
322 376
322 378
322 430
322 434
322 452
323 154
323 180
323 274
323 346
323 382
323 393
323 480
324 85
324 260
324 276
324 280
324 304
324 348
324 355
325 287
325 303
325 305
325 311
325 335
325 352
325 365
326 137
326 166
326 244
326 245
326 447
326 459
326 497
327 342
327 402
327 410
327 411
327 424
327 438
327 452
328 179
328 180
328 181
328 315
328 382
328 393
328 495
329 287
329 332
329 351
329 352
329 361
329 371
329 499
330 31
330 57
330 177
330 309
330 312
330 318
330 401
331 6
331 7
331 9
331 13
331 208
331 277
331 480
332 329
332 335
332 351
332 352
332 361
332 371
332 429
333 186
333 192
333 193
333 194
333 196
333 198
333 204
333 285
334 300
334 322
334 358
334 376
334 378
334 434
334 500
335 287
335 301
335 303
335 305
335 311
335 325
335 332
335 365
336 81
336 83
336 84
336 87
336 88
336 90
336 230
336 485
337 353
337 357
337 360
337 372
337 445
337 456
337 457
337 490
338 2
338 21
338 191
338 261
338 302
338 312
338 362
338 370
339 13
339 283
339 319
339 340
339 347
339 396
339 415
339 435
340 21
340 283
340 319
340 339
340 347
340 369
340 396
340 415
341 195
341 343
341 356
341 375
341 398
341 447
341 461
341 494
342 35
342 118
342 327
342 368
342 410
342 424
342 438
342 441
342 491
343 341
343 356
343 375
343 377
343 381
343 394
343 432
343 447
344 128
344 174
344 183
344 184
344 185
344 194
344 370
344 421
345 17
345 153
345 158
345 163
345 169
345 241
345 414
345 445
346 323
346 349
346 383
346 384
346 397
346 404
346 453
346 454
347 54
347 319
347 339
347 340
347 369
347 396
347 413
347 415
348 203
348 269
348 276
348 324
348 355
348 382
348 434
348 436
349 346
349 384
349 391
349 397
349 401
349 404
349 429
349 453
350 281
350 289
350 290
350 296
350 299
350 308
350 392
350 444
351 287
351 329
351 332
351 352
351 361
351 371
351 421
351 477
352 39
352 287
352 325
352 329
352 332
352 351
352 365
352 371
353 337
353 357
353 360
353 364
353 372
353 373
353 445
353 463
354 220
354 254
354 260
354 288
354 293
354 307
354 399
354 434
355 134
355 203
355 269
355 276
355 280
355 304
355 324
355 348
356 341
356 343
356 375
356 379
356 381
356 394
356 432
356 447
357 337
357 353
357 360
357 364
357 372
357 373
357 445
357 490
358 304
358 322
358 334
358 376
358 378
358 434
358 452
358 453
359 172
359 274
359 284
359 288
359 306
359 309
359 367
359 414
360 5
360 337
360 353
360 357
360 364
360 372
360 373
360 445
360 490
361 329
361 332
361 351
361 371
361 377
361 447
361 475
361 495
362 2
362 13
362 83
362 191
362 302
362 312
362 338
362 446
363 92
363 231
363 234
363 235
363 240
363 411
363 420
363 498
364 353
364 357
364 360
364 372
364 373
364 445
364 490
364 497
365 230
365 287
365 305
365 311
365 325
365 335
365 352
365 377
366 386
366 387
366 407
366 422
366 433
366 440
366 465
366 473
367 86
367 274
367 284
367 293
367 295
367 306
367 359
367 414
368 88
368 174
368 297
368 342
368 370
368 402
368 411
368 420
369 129
369 340
369 347
369 379
369 394
369 413
369 415
369 432
369 435
370 183
370 185
370 186
370 338
370 344
370 368
370 471
370 499
371 175
371 329
371 332
371 351
371 352
371 361
371 375
371 377
372 337
372 353
372 357
372 360
372 364
372 373
372 417
372 445
372 491
373 353
373 357
373 360
373 364
373 372
373 380
373 445
373 491
374 195
374 223
374 247
374 296
374 320
374 382
374 384
374 434
375 226
375 341
375 343
375 356
375 371
375 377
375 447
375 475
376 162
376 300
376 322
376 334
376 358
376 378
376 383
376 430
377 24
377 343
377 361
377 365
377 371
377 375
377 447
377 482
378 322
378 334
378 358
378 376
378 424
378 427
378 434
378 452
379 154
379 356
379 369
379 394
379 413
379 418
379 432
379 435
380 27
380 373
380 386
380 387
380 422
380 440
380 445
380 465
380 491
381 188
381 229
381 343
381 356
381 394
381 432
381 435
381 439
381 494
382 145
382 171
382 180
382 320
382 323
382 328
382 348
382 374
382 393
383 1
383 284
383 300
383 346
383 376
383 391
383 430
383 440
383 453
384 250
384 283
384 346
384 349
384 374
384 397
384 401
384 417
384 453
385 199
385 388
385 389
385 390
385 407
385 412
385 416
385 433
385 459
386 272
386 366
386 380
386 387
386 422
386 440
386 456
386 465
386 491
387 366
387 380
387 386
387 422
387 440
387 464
387 465
387 491
387 496
388 138
388 385
388 389
388 412
388 416
388 422
388 428
388 459
388 496
389 80
389 385
389 388
389 412
389 416
389 428
389 433
389 459
389 473
390 232
390 385
390 407
390 412
390 433
390 440
390 459
390 473
390 477
391 181
391 213
391 300
391 349
391 383
391 392
391 430
391 453
391 480
391 496
392 94
392 289
392 296
392 299
392 308
392 350
392 391
392 475
392 488
393 151
393 179
393 180
393 181
393 315
393 318
393 323
393 328
393 382
394 223
394 343
394 356
394 369
394 379
394 381
394 413
394 432
394 435
395 203
395 399
395 419
395 423
395 425
395 428
395 446
395 464
395 466
396 147
396 283
396 319
396 339
396 340
396 347
396 415
396 417
396 445
397 10
397 346
397 349
397 384
397 401
397 404
397 417
397 488
397 492
398 341
398 405
398 418
398 429
398 431
398 443
398 454
398 462
398 486
399 312
399 354
399 395
399 416
399 419
399 423
399 425
399 428
399 446
399 464
400 213
400 408
400 448
400 449
400 460
400 472
400 478
400 479
400 487
400 496
401 283
401 330
401 349
401 384
401 397
401 404
401 417
401 460
401 497
402 33
402 174
402 204
402 297
402 327
402 368
402 410
402 411
402 420
403 8
403 273
403 275
403 303
403 406
403 409
403 429
403 436
403 437
403 494
404 59
404 89
404 319
404 346
404 349
404 397
404 401
404 417
404 453
404 499
405 196
405 398
405 418
405 431
405 443
405 454
405 462
405 473
405 497
406 142
406 275
406 278
406 403
406 409
406 436
406 437
406 470
406 491
407 366
407 385
407 390
407 422
407 433
407 440
407 465
407 473
407 495
408 400
408 448
408 449
408 460
408 472
408 477
408 478
408 479
408 487
409 273
409 275
409 278
409 403
409 406
409 429
409 436
409 437
409 443
410 234
410 241
410 327
410 342
410 402
410 411
410 420
410 424
410 438
411 87
411 152
411 174
411 297
411 327
411 363
411 368
411 402
411 410
411 420
412 281
412 385
412 388
412 389
412 390
412 416
412 433
412 459
412 490
413 89
413 205
413 347
413 369
413 379
413 394
413 415
413 431
413 432
413 435
414 274
414 284
414 295
414 345
414 359
414 367
414 445
414 494
414 496
415 95
415 339
415 340
415 347
415 369
415 396
415 413
415 435
415 478
416 251
416 385
416 388
416 389
416 399
416 412
416 428
416 459
416 472
417 10
417 54
417 283
417 319
417 372
417 384
417 396
417 397
417 401
417 404
418 379
418 398
418 405
418 429
418 430
418 431
418 443
418 454
418 462
418 466
419 243
419 395
419 399
419 423
419 425
419 439
419 446
419 458
419 464
419 466
420 97
420 125
420 285
420 297
420 363
420 368
420 402
420 410
420 411
420 424
420 438
421 23
421 183
421 184
421 185
421 186
421 192
421 203
421 344
421 351
421 481
422 222
422 366
422 380
422 386
422 387
422 388
422 407
422 440
422 465
422 473
423 165
423 259
423 395
423 399
423 419
423 425
423 446
423 464
423 466
423 471
424 28
424 201
424 327
424 342
424 378
424 410
424 420
424 434
424 438
424 452
425 109
425 236
425 395
425 399
425 419
425 423
425 428
425 446
425 464
425 466
426 208
426 241
426 248
426 253
426 257
426 259
426 264
426 266
426 476
426 483
427 19
427 197
427 203
427 268
427 279
427 280
427 378
427 438
427 452
427 482
428 52
428 321
428 388
428 389
428 395
428 399
428 416
428 425
428 446
428 459
429 332
429 349
429 398
429 403
429 409
429 418
429 431
429 437
429 443
429 454
430 5
430 47
430 274
430 300
430 322
430 376
430 383
430 391
430 418
430 453
431 9
431 398
431 405
431 413
431 418
431 429
431 437
431 443
431 454
431 462
432 178
432 256
432 343
432 356
432 369
432 379
432 381
432 394
432 413
432 435
433 15
433 70
433 366
433 385
433 389
433 390
433 407
433 412
433 459
433 473
434 119
434 322
434 334
434 348
434 354
434 358
434 374
434 378
434 424
434 452
434 480
435 66
435 171
435 339
435 369
435 379
435 381
435 394
435 413
435 415
435 432
436 90
436 273
436 275
436 278
436 309
436 348
436 403
436 406
436 409
436 437
436 443
437 111
437 236
437 248
437 403
437 406
437 409
437 429
437 431
437 436
437 490
437 492
438 128
438 174
438 285
438 297
438 327
438 342
438 410
438 420
438 424
438 427
438 452
439 381
439 419
439 442
439 444
439 449
439 450
439 456
439 457
439 458
439 471
439 490
440 228
440 366
440 380
440 383
440 386
440 387
440 390
440 407
440 422
440 465
440 473
441 232
441 265
441 275
441 278
441 282
441 291
441 294
441 301
441 342
441 470
441 487
442 113
442 308
442 439
442 444
442 448
442 449
442 450
442 456
442 457
442 458
442 471
443 302
443 398
443 405
443 409
443 418
443 429
443 431
443 436
443 454
443 462
443 466
444 209
444 350
444 439
444 442
444 448
444 449
444 450
444 456
444 457
444 458
444 471
445 337
445 345
445 353
445 357
445 360
445 364
445 372
445 373
445 380
445 396
445 414
445 491
446 254
446 299
446 362
446 395
446 399
446 419
446 423
446 425
446 428
446 464
446 478
447 101
447 262
447 276
447 326
447 341
447 343
447 356
447 361
447 375
447 377
447 484
448 317
448 400
448 408
448 442
448 444
448 449
448 450
448 460
448 471
448 472
448 494
449 42
449 80
449 400
449 408
449 439
449 442
449 444
449 448
449 450
449 458
449 460
450 228
450 320
450 439
450 442
450 444
450 448
450 449
450 456
450 457
450 458
450 471
451 15
451 463
451 467
451 474
451 476
451 480
451 482
451 483
451 488
451 489
451 493
451 497
452 117
452 162
452 236
452 269
452 322
452 327
452 358
452 378
452 424
452 427
452 434
452 438
453 210
453 246
453 300
453 316
453 346
453 349
453 358
453 383
453 384
453 391
453 404
453 430
454 74
454 271
454 307
454 346
454 398
454 405
454 418
454 429
454 431
454 443
454 462
454 466
455 160
455 199
455 217
455 461
455 463
455 467
455 475
455 477
455 478
455 479
455 487
455 494
455 497
456 4
456 187
456 337
456 386
456 439
456 442
456 444
456 450
456 457
456 458
456 471
456 490
457 50
457 249
457 270
457 337
457 439
457 442
457 444
457 450
457 456
457 458
457 471
457 473
457 490
458 161
458 419
458 439
458 442
458 444
458 449
458 450
458 456
458 457
458 471
458 490
458 494
459 73
459 182
459 326
459 385
459 388
459 389
459 390
459 412
459 416
459 428
459 433
459 490
460 400
460 401
460 408
460 448
460 449
460 461
460 472
460 475
460 477
460 478
460 479
460 489
460 490
461 51
461 111
461 341
461 455
461 460
461 472
461 475
461 476
461 477
461 478
461 479
461 487
461 494
462 39
462 97
462 110
462 240
462 280
462 398
462 405
462 418
462 431
462 443
462 454
462 466
462 490
463 20
463 353
463 451
463 455
463 467
463 474
463 476
463 483
463 488
463 489
463 493
463 494
463 497
464 131
464 160
464 179
464 257
464 387
464 395
464 399
464 419
464 423
464 425
464 446
464 466
464 495
465 14
465 128
465 152
465 235
465 366
465 380
465 386
465 387
465 407
465 422
465 440
465 473
465 491
466 55
466 209
466 211
466 300
466 395
466 418
466 419
466 423
466 425
466 443
466 454
466 462
466 464
467 62
467 451
467 455
467 463
467 474
467 476
467 483
467 486
467 488
467 489
467 493
467 494
467 497
468 77
468 163
468 469
468 480
468 481
468 482
468 483
468 485
468 486
468 489
468 492
468 493
468 495
468 499
469 283
469 468
469 481
469 482
469 483
469 484
469 485
469 486
469 492
469 495
469 496
469 499
469 500
470 1
470 132
470 243
470 244
470 273
470 275
470 278
470 282
470 291
470 292
470 320
470 406
470 441
471 73
471 157
471 370
471 423
471 439
471 442
471 444
471 448
471 450
471 456
471 457
471 458
471 490
472 58
472 306
472 400
472 408
472 416
472 448
472 460
472 461
472 475
472 477
472 478
472 479
472 487
473 158
473 168
473 295
473 366
473 389
473 390
473 405
473 407
473 422
473 433
473 440
473 457
473 465
474 61
474 93
474 451
474 463
474 467
474 476
474 480
474 482
474 483
474 488
474 489
474 493
474 497
475 215
475 361
475 375
475 392
475 455
475 460
475 461
475 472
475 476
475 477
475 479
475 487
475 494
475 497
476 60
476 68
476 77
476 244
476 426
476 451
476 461
476 463
476 467
476 474
476 475
476 488
476 493
476 494
476 497
477 169
477 184
477 314
477 351
477 390
477 408
477 455
477 460
477 461
477 472
477 475
477 478
477 479
477 487
477 494
478 259
478 265
478 400
478 408
478 415
478 446
478 455
478 460
478 461
478 472
478 477
478 479
478 487
478 494
479 232
479 247
479 251
479 273
479 400
479 408
479 455
479 460
479 461
479 472
479 475
479 477
479 478
479 487
480 323
480 331
480 391
480 434
480 451
480 468
480 474
480 481
480 482
480 483
480 488
480 489
480 492
480 493
480 495
480 496
481 16
481 247
481 421
481 468
481 469
481 480
481 482
481 483
481 485
481 489
481 492
481 493
481 495
481 496
481 499
482 189
482 377
482 427
482 451
482 468
482 469
482 474
482 480
482 481
482 483
482 488
482 489
482 492
482 493
482 496
482 497
483 207
483 426
483 451
483 463
483 467
483 468
483 469
483 474
483 480
483 481
483 482
483 488
483 489
483 493
483 496
484 281
484 447
484 469
484 485
484 486
484 492
484 496
484 498
484 499
484 500
485 125
485 254
485 336
485 468
485 469
485 481
485 484
485 486
485 492
485 495
485 496
485 498
485 499
485 500
486 107
486 398
486 467
486 468
486 469
486 484
486 485
486 492
486 495
486 496
486 498
486 499
486 500
487 93
487 130
487 131
487 151
487 317
487 400
487 408
487 441
487 455
487 461
487 472
487 475
487 477
487 478
487 479
487 494
488 17
488 36
488 165
488 311
488 392
488 397
488 451
488 463
488 467
488 474
488 476
488 480
488 482
488 483
488 489
488 493
488 497
489 184
489 215
489 282
489 451
489 460
489 463
489 467
489 468
489 474
489 480
489 481
489 482
489 483
489 488
489 493
489 497
490 28
490 171
490 304
490 337
490 357
490 360
490 364
490 412
490 437
490 439
490 456
490 457
490 458
490 459
490 460
490 462
490 471
491 27
491 88
491 114
491 258
491 293
491 309
491 342
491 372
491 373
491 380
491 386
491 387
491 406
491 445
491 465
491 492
491 493
492 226
492 397
492 437
492 468
492 469
492 480
492 481
492 482
492 484
492 485
492 486
492 491
492 495
492 496
492 498
492 499
492 500
493 111
493 286
493 451
493 463
493 467
493 468
493 474
493 476
493 480
493 481
493 482
493 483
493 488
493 489
493 491
493 494
493 497
494 52
494 166
494 341
494 381
494 403
494 414
494 448
494 455
494 458
494 461
494 463
494 467
494 475
494 476
494 477
494 478
494 487
494 493
494 497
495 7
495 35
495 328
495 361
495 407
495 464
495 468
495 469
495 480
495 481
495 485
495 486
495 492
495 496
495 498
495 499
495 500
496 74
496 292
496 387
496 388
496 391
496 400
496 414
496 469
496 480
496 481
496 482
496 483
496 484
496 485
496 486
496 492
496 495
496 498
496 499
496 500
497 98
497 208
497 225
497 306
497 326
497 364
497 401
497 405
497 451
497 455
497 463
497 467
497 474
497 475
497 476
497 482
497 488
497 489
497 493
497 494
498 22
498 47
498 221
498 258
498 363
498 484
498 485
498 486
498 492
498 495
498 496
498 499
498 500
499 170
499 192
499 247
499 268
499 316
499 329
499 370
499 404
499 468
499 469
499 481
499 484
499 485
499 486
499 492
499 495
499 496
499 498
499 500
500 15
500 136
500 139
500 206
500 211
500 334
500 469
500 484
500 485
500 486
500 492
500 495
500 496
500 498
500 499
