1 183
1 190
1 222
1 319
1 463
2 119
2 256
2 345
2 454
2 491
3 96
3 145
3 176
3 202
3 420
4 28
4 130
4 181
4 336
4 422
5 266
5 383
5 397
5 474
5 498
6 40
6 125
6 148
6 209
6 407
7 192
7 314
7 438
7 464
7 470
8 55
8 187
8 372
8 434
8 497
9 118
9 178
9 362
9 376
9 461
10 12
10 24
10 148
10 387
10 427
11 257
11 262
11 292
11 312
11 390
12 10
12 273
12 377
12 382
12 491
13 238
13 451
13 455
13 474
13 497
14 73
14 115
14 274
14 348
14 483
15 105
15 358
15 401
15 473
15 489
16 74
16 225
16 243
16 303
16 400
17 338
17 351
17 429
17 485
17 492
18 199
18 388
18 410
18 459
18 472
19 71
19 77
19 347
19 350
19 495
20 251
20 294
20 377
20 448
20 467
21 210
21 258
21 388
21 392
21 491
22 95
22 190
22 245
22 370
22 395
23 203
23 245
23 247
23 339
23 471
24 10
24 33
24 219
24 256
24 434
25 209
25 283
25 326
25 399
25 485
26 30
26 95
26 171
26 430
26 488
27 31
27 165
27 201
27 276
27 493
28 4
28 58
28 105
28 388
28 464
29 113
29 145
29 220
29 299
29 430
30 26
30 54
30 205
30 388
30 487
31 27
31 414
31 436
31 462
31 498
32 41
32 160
32 369
32 478
32 499
33 24
33 197
33 274
33 366
33 434
34 35
34 50
34 355
34 378
34 498
35 34
35 41
35 99
35 279
35 290
36 138
36 171
36 327
36 337
36 473
37 220
37 323
37 361
37 372
37 437
38 192
38 279
38 287
38 438
38 499
39 95
39 184
39 314
39 406
39 465
40 6
40 278
40 300
40 434
40 494
41 32
41 35
41 254
41 287
41 491
42 214
42 319
42 378
42 437
42 457
43 48
43 70
43 99
43 403
43 466
44 193
44 307
44 397
44 413
44 482
45 107
45 163
45 341
45 473
45 484
46 102
46 139
46 185
46 399
46 497
47 244
47 286
47 289
47 373
47 455
48 43
48 59
48 62
48 222
48 454
49 175
49 374
49 383
49 432
49 439
50 34
50 188
50 269
50 436
50 467
51 333
51 427
51 428
51 467
51 494
52 165
52 200
52 233
52 381
52 442
53 288
53 396
53 463
53 473
53 495
54 30
54 275
54 425
54 452
54 473
55 8
55 203
55 227
55 449
55 495
56 253
56 268
56 366
56 384
56 437
57 191
57 240
57 389
57 398
57 434
58 28
58 75
58 105
58 131
58 422
59 48
59 402
59 411
59 444
59 447
60 284
60 409
60 420
60 458
60 499
61 252
61 335
61 389
61 433
61 496
62 48
62 158
62 304
62 307
62 400
63 181
63 453
63 466
63 491
63 499
64 143
64 330
64 332
64 385
64 487
65 117
65 207
65 314
65 398
65 433
66 203
66 360
66 464
66 485
66 496
67 376
67 416
67 438
67 459
67 495
68 84
68 90
68 415
68 427
68 451
69 197
69 204
69 235
69 305
69 489
70 43
70 256
70 333
70 365
70 487
71 19
71 82
71 262
71 449
71 479
72 235
72 413
72 454
72 469
72 485
73 14
73 204
73 366
73 447
73 472
74 16
74 223
74 317
74 415
74 484
75 58
75 245
75 436
75 472
75 473
76 156
76 279
76 312
76 375
76 392
77 19
77 160
77 472
77 475
77 479
78 235
78 236
78 285
78 335
78 439
79 114
79 252
79 328
79 415
79 497
80 345
80 424
80 430
80 478
80 484
81 169
81 297
81 348
81 417
81 422
82 71
82 306
82 317
82 417
82 472
83 168
83 327
83 408
83 428
83 462
84 68
84 139
84 271
84 273
84 486
85 157
85 202
85 225
85 315
85 434
86 100
86 200
86 363
86 405
86 441
87 130
87 188
87 335
87 412
87 489
88 218
88 269
88 384
88 399
88 440
89 95
89 107
89 209
89 301
89 484
90 68
90 122
90 195
90 221
90 313
91 177
91 374
91 391
91 438
91 479
92 344
92 359
92 360
92 376
92 449
93 187
93 265
93 394
93 426
93 483
94 179
94 224
94 299
94 330
94 481
95 22
95 26
95 39
95 89
95 453
96 3
96 262
96 263
96 399
96 453
97 176
97 178
97 281
97 362
97 447
98 211
98 248
98 316
98 367
98 443
99 35
99 43
99 383
99 412
99 437
100 86
100 246
100 332
100 401
100 451
101 297
101 361
101 393
101 405
101 490
102 46
102 211
102 328
102 358
102 433
103 458
103 474
103 483
103 495
103 500
104 219
104 300
104 310
104 361
104 420
105 15
105 28
105 58
105 479
105 495
106 149
106 210
106 350
106 475
106 493
107 45
107 89
107 305
107 334
107 477
108 123
108 131
108 214
108 286
108 431
109 147
109 189
109 398
109 409
109 457
110 193
110 296
110 354
110 389
110 467
111 148
111 256
111 359
111 433
111 467
112 145
112 322
112 364
112 450
112 490
113 29
113 177
113 241
113 444
113 471
114 79
114 280
114 413
114 429
114 490
115 14
115 164
115 217
115 354
115 489
116 212
116 411
116 436
116 472
116 476
117 65
117 224
117 296
117 299
117 461
118 9
118 143
118 420
118 464
118 487
119 2
119 293
119 380
119 475
119 481
120 232
120 377
120 413
120 431
120 489
121 288
121 414
121 453
121 455
121 496
122 90
122 209
122 308
122 328
122 483
123 108
123 378
123 397
123 446
123 494
124 229
124 406
124 449
124 474
124 500
125 6
125 311
125 404
125 451
125 474
126 191
126 344
126 414
126 477
126 491
127 144
127 279
127 295
127 328
127 477
128 171
128 186
128 455
128 491
128 492
129 351
129 394
129 472
129 499
129 500
130 4
130 87
130 385
130 471
130 477
131 58
131 108
131 281
131 445
131 484
132 137
132 227
132 230
132 282
132 490
133 149
133 179
133 274
133 324
133 325
134 181
134 206
134 402
134 469
134 480
135 355
135 382
135 444
135 471
135 488
136 199
136 294
136 323
136 440
136 489
137 132
137 156
137 303
137 328
137 485
138 36
138 241
138 364
138 419
138 464
139 46
139 84
139 311
139 394
139 497
140 170
140 272
140 390
140 443
140 488
141 178
141 331
141 376
141 430
141 481
142 202
142 239
142 355
142 360
142 460
143 64
143 118
143 315
143 452
143 489
144 127
144 369
144 387
144 409
144 467
145 3
145 29
145 112
145 332
145 416
146 221
146 285
146 420
146 460
146 498
147 109
147 165
147 306
147 442
147 498
148 6
148 10
148 111
148 233
148 362
149 106
149 133
149 169
149 173
149 348
150 254
150 408
150 416
150 419
150 494
151 163
151 198
151 373
151 391
151 492
152 259
152 331
152 463
152 488
152 491
153 342
153 445
153 462
153 463
153 464
154 395
154 439
154 451
154 478
154 483
155 339
155 351
155 419
155 437
155 441
156 76
156 137
156 308
156 335
156 374
157 85
157 413
157 439
157 469
157 490
158 62
158 390
158 453
158 472
158 499
159 170
159 289
159 306
159 418
159 442
160 32
160 77
160 345
160 365
160 440
161 164
161 300
161 423
161 475
161 482
162 342
162 383
162 423
162 474
162 495
163 45
163 151
163 179
163 314
163 488
164 115
164 161
164 180
164 370
164 487
165 27
165 52
165 147
165 300
165 439
166 210
166 326
166 357
166 432
166 472
167 205
167 259
167 418
167 443
167 486
168 83
168 333
168 387
168 393
168 424
169 81
169 149
169 374
169 444
169 466
170 140
170 159
170 196
170 427
170 444
171 26
171 36
171 128
171 283
171 499
172 219
172 294
172 300
172 380
172 476
173 149
173 231
173 313
173 463
173 495
174 211
174 411
174 452
174 488
174 492
175 49
175 213
175 364
175 385
175 484
175 489
176 3
176 97
176 262
176 267
176 468
176 500
177 91
177 113
177 361
177 448
177 498
177 500
178 9
178 97
178 141
178 181
178 386
178 465
179 94
179 133
179 163
179 204
179 328
179 374
180 164
180 358
180 456
180 463
180 481
180 497
181 4
181 63
181 134
181 178
181 292
181 414
182 212
182 216
182 369
182 378
182 393
182 444
183 1
183 298
183 318
183 414
183 425
183 455
184 39
184 460
184 469
184 480
184 496
184 500
185 46
185 207
185 334
185 364
185 470
185 478
186 128
186 354
186 373
186 388
186 398
186 491
187 8
187 93
187 263
187 287
187 388
187 443
188 50
188 87
188 189
188 346
188 387
188 498
189 109
189 188
189 223
189 341
189 412
189 481
190 1
190 22
190 299
190 408
190 470
190 483
191 57
191 126
191 265
191 367
191 473
191 497
192 7
192 38
192 272
192 349
192 397
192 460
193 44
193 110
193 194
193 316
193 371
193 442
194 193
194 324
194 352
194 415
194 457
194 476
195 90
195 276
195 282
195 394
195 422
195 433
196 170
196 311
196 384
196 409
196 443
196 465
197 33
197 69
197 357
197 394
197 448
197 486
198 151
198 201
198 408
198 475
198 483
198 496
199 18
199 136
199 231
199 324
199 364
199 396
200 52
200 86
200 246
200 294
200 423
200 468
201 27
201 198
201 286
201 308
201 371
201 438
202 3
202 85
202 142
202 372
202 470
202 487
203 23
203 55
203 66
203 268
203 290
203 496
204 69
204 73
204 179
204 285
204 446
204 471
205 30
205 167
205 226
205 343
205 381
205 395
206 134
206 245
206 260
206 273
206 462
206 486
207 65
207 185
207 213
207 236
207 493
207 497
208 224
208 274
208 353
208 356
208 435
208 445
209 6
209 25
209 89
209 122
209 402
209 421
210 21
210 106
210 166
210 244
210 278
210 289
211 98
211 102
211 174
211 230
211 301
211 498
212 116
212 182
212 276
212 336
212 478
212 488
213 175
213 207
213 316
213 327
213 465
213 491
214 42
214 108
214 391
214 476
214 493
214 496
215 226
215 267
215 398
215 407
215 463
215 490
216 182
216 322
216 347
216 461
216 468
216 493
217 115
217 270
217 338
217 396
217 494
217 496
218 88
218 284
218 357
218 361
218 464
218 473
219 24
219 104
219 172
219 233
219 376
219 385
220 29
220 37
220 233
220 315
220 429
220 460
221 90
221 146
221 229
221 240
221 419
221 500
222 1
222 48
222 284
222 306
222 443
222 489
223 74
223 189
223 417
223 470
223 487
223 497
224 94
224 117
224 208
224 442
224 476
224 500
225 16
225 85
225 339
225 347
225 405
225 497
226 205
226 215
226 346
226 349
226 365
226 469
227 55
227 132
227 268
227 420
227 488
227 497
228 231
228 277
228 287
228 379
228 437
228 444
229 124
229 221
229 305
229 407
229 455
229 498
230 132
230 211
230 266
230 295
230 308
230 469
231 173
231 199
231 228
231 298
231 459
231 499
232 120
232 249
232 405
232 484
232 485
232 488
233 52
233 148
233 219
233 220
233 268
233 432
234 264
234 308
234 403
234 463
234 468
234 469
235 69
235 72
235 78
235 260
235 297
235 371
236 78
236 207
236 325
236 335
236 353
236 367
237 315
237 337
237 354
237 363
237 399
237 459
238 13
238 271
238 402
238 424
238 428
238 461
239 142
239 313
239 380
239 439
239 474
239 480
240 57
240 221
240 277
240 456
240 462
240 494
241 113
241 138
241 316
241 429
241 483
241 498
242 344
242 355
242 356
242 375
242 414
242 448
243 16
243 280
243 318
243 328
243 341
243 404
244 47
244 210
244 257
244 336
244 370
244 400
245 22
245 23
245 75
245 206
245 267
245 302
246 100
246 200
246 340
246 453
246 480
246 482
247 23
247 249
247 275
247 282
247 407
247 468
248 98
248 305
248 341
248 412
248 461
248 486
249 232
249 247
249 332
249 425
249 458
249 490
250 278
250 310
250 314
250 381
250 460
250 484
251 20
251 258
251 388
251 390
251 456
251 491
252 61
252 79
252 329
252 352
252 367
252 437
253 56
253 291
253 321
253 460
253 467
253 494
254 41
254 150
254 256
254 435
254 450
254 482
255 301
255 303
255 323
255 352
255 454
255 483
256 2
256 24
256 70
256 111
256 254
256 359
257 11
257 244
257 353
257 421
257 494
257 498
258 21
258 251
258 308
258 362
258 378
258 421
259 152
259 167
259 334
259 346
259 381
259 492
260 206
260 235
260 271
260 280
260 318
260 365
261 339
261 362
261 371
261 458
261 488
261 496
262 11
262 71
262 96
262 176
262 455
262 474
263 96
263 187
263 264
263 286
263 296
263 382
264 234
264 263
264 332
264 415
264 421
264 500
265 93
265 191
265 373
265 441
265 451
265 493
266 5
266 230
266 338
266 358
266 360
266 499
267 176
267 215
267 245
267 304
267 402
267 448
268 56
268 203
268 227
268 233
268 434
268 446
269 50
269 88
269 345
269 373
269 393
269 464
270 217
270 281
270 392
270 419
270 481
270 485
271 84
271 238
271 260
271 416
271 484
271 497
272 140
272 192
272 286
272 293
272 384
272 498
273 12
273 84
273 206
273 291
273 387
273 428
274 14
274 33
274 133
274 208
274 375
274 496
275 54
275 247
275 331
275 353
275 380
275 393
276 27
276 195
276 212
276 311
276 453
276 458
277 228
277 240
277 373
277 486
277 494
277 495
278 40
278 210
278 250
278 375
278 446
278 490
279 35
279 38
279 76
279 127
279 438
279 492
280 114
280 243
280 260
280 404
280 410
280 418
281 97
281 131
281 270
281 392
281 425
281 439
281 495
282 132
282 195
282 247
282 450
282 453
282 465
282 476
283 25
283 171
283 297
283 306
283 406
283 477
283 494
284 60
284 218
284 222
284 372
284 453
284 475
284 496
285 78
285 146
285 204
285 346
285 384
285 494
285 499
286 47
286 108
286 201
286 263
286 272
286 318
286 473
287 38
287 41
287 187
287 228
287 293
287 370
287 427
288 53
288 121
288 298
288 301
288 358
288 393
288 499
289 47
289 159
289 210
289 360
289 477
289 479
289 487
290 35
290 203
290 369
290 437
290 457
290 483
290 500
291 253
291 273
291 322
291 340
291 457
291 476
291 493
292 11
292 181
292 297
292 426
292 459
292 479
292 500
293 119
293 272
293 287
293 323
293 441
293 461
293 489
294 20
294 136
294 172
294 200
294 400
294 454
294 475
295 127
295 230
295 319
295 396
295 410
295 429
295 493
296 110
296 117
296 263
296 464
296 469
296 477
296 489
297 81
297 101
297 235
297 283
297 292
297 424
297 482
298 183
298 231
298 288
298 422
298 439
298 450
298 491
299 29
299 94
299 117
299 190
299 389
299 433
299 493
300 40
300 104
300 161
300 165
300 172
300 464
300 482
301 89
301 211
301 255
301 288
301 366
301 455
301 477
302 245
302 314
302 422
302 457
302 460
302 477
302 482
303 16
303 137
303 255
303 423
303 426
303 445
303 498
304 62
304 267
304 409
304 478
304 487
304 493
304 499
305 69
305 107
305 229
305 248
305 384
305 408
305 466
306 82
306 147
306 159
306 222
306 283
306 348
306 466
307 44
307 62
307 315
307 317
307 339
307 353
307 420
308 122
308 156
308 201
308 230
308 234
308 258
308 347
309 311
309 332
309 343
309 367
309 388
309 402
309 453
310 104
310 250
310 344
310 392
310 440
310 456
310 482
311 125
311 139
311 196
311 276
311 309
311 409
311 462
312 11
312 76
312 376
312 421
312 424
312 425
312 436
313 90
313 173
313 239
313 376
313 405
313 411
313 448
314 7
314 39
314 65
314 163
314 250
314 302
314 490
315 85
315 143
315 220
315 237
315 307
315 406
315 481
316 98
316 193
316 213
316 241
316 317
316 492
316 493
317 74
317 82
317 307
317 316
317 404
317 434
317 490
318 183
318 243
318 260
318 286
318 326
318 333
318 415
319 1
319 42
319 295
319 320
319 321
319 322
319 382
320 319
320 369
320 381
320 428
320 437
320 461
320 470
321 253
321 319
321 325
321 384
321 453
321 476
321 494
322 112
322 216
322 291
322 319
322 373
322 458
322 485
323 37
323 136
323 255
323 293
323 370
323 465
323 469
324 133
324 194
324 199
324 369
324 391
324 448
324 480
325 133
325 236
325 321
325 378
325 435
325 460
325 475
326 25
326 166
326 318
326 329
326 458
326 492
326 498
327 36
327 83
327 213
327 475
327 477
327 486
327 489
328 79
328 102
328 122
328 127
328 137
328 179
328 243
329 252
329 326
329 334
329 379
329 385
329 454
329 474
330 64
330 94
330 361
330 384
330 386
330 461
330 466
331 141
331 152
331 275
331 364
331 460
331 462
331 483
332 64
332 100
332 145
332 249
332 264
332 309
332 491
333 51
333 70
333 168
333 318
333 393
333 419
333 481
334 107
334 185
334 259
334 329
334 342
334 406
334 494
335 61
335 78
335 87
335 156
335 236
335 401
335 452
336 4
336 212
336 244
336 414
336 435
336 436
336 451
337 36
337 237
337 368
337 422
337 425
337 450
337 470
338 17
338 217
338 266
338 424
338 428
338 433
338 480
339 23
339 155
339 225
339 261
339 307
339 400
339 437
340 246
340 291
340 358
340 391
340 416
340 436
340 480
341 45
341 189
341 243
341 248
341 351
341 403
341 418
342 153
342 162
342 334
342 432
342 455
342 477
342 479
343 205
343 309
343 408
343 424
343 447
343 452
343 497
344 92
344 126
344 242
344 310
344 459
344 481
344 485
345 2
345 80
345 160
345 269
345 381
345 443
345 478
346 188
346 226
346 259
346 285
346 359
346 401
346 489
347 19
347 216
347 225
347 308
347 430
347 449
347 471
348 14
348 81
348 149
348 306
348 388
348 434
348 478
349 192
349 226
349 351
349 357
349 391
349 435
349 452
349 480
350 19
350 106
350 377
350 401
350 442
350 446
350 454
350 478
351 17
351 129
351 155
351 341
351 349
351 371
351 405
351 416
352 194
352 252
352 255
352 428
352 452
352 489
352 494
352 498
353 208
353 236
353 257
353 275
353 307
353 354
353 380
353 495
354 110
354 115
354 186
354 237
354 353
354 359
354 393
354 412
355 34
355 135
355 142
355 242
355 417
355 441
355 443
355 488
356 208
356 242
356 362
356 402
356 433
356 447
356 495
356 500
357 166
357 197
357 218
357 349
357 401
357 450
357 491
357 499
358 15
358 102
358 180
358 266
358 288
358 340
358 370
358 396
359 92
359 111
359 256
359 346
359 354
359 395
359 411
359 482
360 66
360 92
360 142
360 266
360 289
360 431
360 438
360 444
361 37
361 101
361 104
361 177
361 218
361 330
361 379
361 488
362 9
362 97
362 148
362 258
362 261
362 356
362 418
362 475
363 86
363 237
363 377
363 411
363 418
363 425
363 452
363 481
364 112
364 138
364 175
364 185
364 199
364 331
364 390
364 425
365 70
365 160
365 226
365 260
365 368
365 390
365 451
365 498
366 33
366 56
366 73
366 301
366 445
366 452
366 482
366 487
367 98
367 191
367 236
367 252
367 309
367 368
367 432
367 436
368 337
368 365
368 367
368 385
368 403
368 430
368 475
368 476
369 32
369 144
369 182
369 290
369 320
369 324
369 372
369 466
370 22
370 164
370 244
370 287
370 323
370 358
370 387
370 459
371 193
371 201
371 235
371 261
371 351
371 382
371 415
371 496
372 8
372 37
372 202
372 284
372 369
372 451
372 488
372 495
373 47
373 151
373 186
373 265
373 269
373 277
373 322
373 487
374 49
374 91
374 156
374 169
374 179
374 389
374 440
374 496
375 76
375 242
375 274
375 278
375 396
375 442
375 448
375 461
376 9
376 67
376 92
376 141
376 219
376 312
376 313
376 421
377 12
377 20
377 120
377 350
377 363
377 382
377 434
377 458
378 34
378 42
378 123
378 182
378 258
378 325
378 405
378 479
379 228
379 329
379 361
379 420
379 432
379 444
379 468
379 487
380 119
380 172
380 239
380 275
380 353
380 399
380 428
380 469
381 52
381 205
381 250
381 259
381 320
381 345
381 410
381 480
382 12
382 135
382 263
382 319
382 371
382 377
382 431
382 465
383 5
383 49
383 99
383 162
383 398
383 463
383 464
383 486
384 56
384 88
384 196
384 272
384 285
384 305
384 321
384 330
385 64
385 130
385 175
385 219
385 329
385 368
385 391
385 496
386 178
386 330
386 387
386 440
386 478
386 479
386 482
386 490
387 10
387 144
387 168
387 188
387 273
387 370
387 386
387 415
387 489
388 18
388 21
388 28
388 30
388 186
388 187
388 251
388 309
388 348
389 57
389 61
389 110
389 299
389 374
389 432
389 438
389 470
389 499
390 11
390 140
390 158
390 251
390 364
390 365
390 433
390 454
390 480
391 91
391 151
391 214
391 324
391 340
391 349
391 385
391 413
391 457
392 21
392 76
392 270
392 281
392 310
392 412
392 439
392 476
392 500
393 101
393 168
393 182
393 269
393 275
393 288
393 333
393 354
393 488
394 93
394 129
394 139
394 195
394 197
394 442
394 444
394 445
394 468
395 22
395 154
395 205
395 359
395 399
395 411
395 417
395 418
395 425
396 53
396 199
396 217
396 295
396 358
396 375
396 447
396 453
396 500
397 5
397 44
397 123
397 192
397 404
397 466
397 485
397 491
397 494
398 57
398 65
398 109
398 186
398 215
398 383
398 401
398 462
398 490
399 25
399 46
399 88
399 96
399 237
399 380
399 395
399 427
399 493
400 16
400 62
400 244
400 294
400 339
400 409
400 441
400 459
400 480
401 15
401 100
401 335
401 346
401 350
401 357
401 398
401 442
401 486
402 59
402 134
402 209
402 238
402 267
402 309
402 356
402 421
402 435
403 43
403 234
403 341
403 368
403 406
403 431
403 436
403 445
403 476
404 125
404 243
404 280
404 317
404 397
404 418
404 423
404 458
404 459
405 86
405 101
405 225
405 232
405 313
405 351
405 378
405 432
405 471
406 39
406 124
406 283
406 315
406 334
406 403
406 473
406 482
406 487
407 6
407 215
407 229
407 247
407 410
407 414
407 424
407 441
407 495
408 83
408 150
408 190
408 198
408 305
408 343
408 448
408 489
408 497
409 60
409 109
409 144
409 196
409 304
409 311
409 400
409 411
409 419
409 435
410 18
410 280
410 295
410 381
410 407
410 412
410 443
410 446
410 467
410 479
411 59
411 116
411 174
411 313
411 359
411 363
411 395
411 409
411 427
411 446
412 87
412 99
412 189
412 248
412 354
412 392
412 410
412 458
412 461
412 480
413 44
413 72
413 114
413 120
413 157
413 391
413 420
413 430
413 491
413 499
414 31
414 121
414 126
414 181
414 183
414 242
414 336
414 407
414 450
414 452
415 68
415 74
415 79
415 194
415 264
415 318
415 371
415 387
415 419
415 427
416 67
416 145
416 150
416 271
416 340
416 351
416 469
416 478
416 488
416 496
417 81
417 82
417 223
417 355
417 395
417 435
417 443
417 483
417 485
417 486
418 159
418 167
418 280
418 341
418 362
418 363
418 395
418 404
418 470
418 472
419 138
419 150
419 155
419 221
419 270
419 333
419 409
419 415
419 456
419 469
420 3
420 60
420 104
420 118
420 146
420 227
420 307
420 379
420 413
420 440
421 209
421 257
421 258
421 264
421 312
421 376
421 402
421 423
421 426
421 461
422 4
422 58
422 81
422 195
422 298
422 302
422 337
422 455
422 458
422 470
423 161
423 162
423 200
423 303
423 404
423 421
423 432
423 484
423 486
423 498
424 80
424 168
424 238
424 297
424 312
424 338
424 343
424 407
424 477
424 500
425 54
425 183
425 249
425 281
425 312
425 337
425 363
425 364
425 395
425 451
426 93
426 292
426 303
426 421
426 456
426 475
426 484
426 485
426 489
426 497
427 10
427 51
427 68
427 170
427 287
427 399
427 411
427 415
427 433
427 449
428 51
428 83
428 238
428 273
428 320
428 338
428 352
428 380
428 438
428 443
428 446
429 17
429 114
429 220
429 241
429 295
429 435
429 472
429 475
429 480
429 490
429 492
430 26
430 29
430 80
430 141
430 347
430 368
430 413
430 431
430 439
430 448
430 495
431 108
431 120
431 360
431 382
431 403
431 430
431 432
431 441
431 459
431 465
431 484
432 49
432 166
432 233
432 342
432 367
432 379
432 389
432 405
432 423
432 431
432 484
433 61
433 65
433 102
433 111
433 195
433 299
433 338
433 356
433 390
433 427
433 438
434 8
434 24
434 33
434 40
434 57
434 85
434 268
434 317
434 348
434 377
434 446
435 208
435 254
435 325
435 336
435 349
435 402
435 409
435 417
435 429
435 452
435 483
436 31
436 50
436 75
436 116
436 312
436 336
436 340
436 367
436 403
436 456
436 460
437 37
437 42
437 56
437 99
437 155
437 228
437 252
437 290
437 320
437 339
437 496
438 7
438 38
438 67
438 91
438 201
438 279
438 360
438 389
438 428
438 433
438 439
439 49
439 78
439 154
439 157
439 165
439 239
439 281
439 298
439 392
439 430
439 438
440 88
440 136
440 160
440 310
440 374
440 386
440 420
440 445
440 469
440 479
440 482
441 86
441 155
441 265
441 293
441 355
441 400
441 407
441 431
441 456
441 467
441 487
442 52
442 147
442 159
442 193
442 224
442 350
442 375
442 394
442 401
442 462
442 486
443 98
443 140
443 167
443 187
443 196
443 222
443 345
443 355
443 410
443 417
443 428
443 484
444 59
444 113
444 135
444 169
444 170
444 182
444 228
444 360
444 379
444 394
444 463
444 494
445 131
445 153
445 208
445 303
445 366
445 394
445 403
445 440
445 451
445 457
445 476
445 479
446 123
446 204
446 268
446 278
446 350
446 410
446 411
446 428
446 434
446 450
446 457
446 459
447 59
447 73
447 97
447 343
447 356
447 396
447 449
447 467
447 477
447 490
447 493
447 497
448 20
448 177
448 197
448 242
448 267
448 313
448 324
448 375
448 408
448 430
448 468
448 500
449 55
449 71
449 92
449 124
449 347
449 427
449 447
449 462
449 467
449 471
449 475
449 481
450 112
450 254
450 282
450 298
450 337
450 357
450 414
450 446
450 463
450 471
450 478
450 496
451 13
451 68
451 100
451 125
451 154
451 265
451 336
451 365
451 372
451 425
451 445
451 482
452 54
452 143
452 174
452 335
452 343
452 349
452 352
452 363
452 366
452 414
452 435
452 457
453 63
453 95
453 96
453 121
453 158
453 246
453 276
453 282
453 284
453 309
453 321
453 396
454 2
454 48
454 72
454 255
454 294
454 329
454 350
454 390
454 456
454 493
454 495
454 499
455 13
455 47
455 121
455 128
455 183
455 229
455 262
455 301
455 342
455 422
455 472
455 473
456 180
456 240
456 251
456 310
456 419
456 426
456 436
456 441
456 454
456 471
456 485
456 494
457 42
457 109
457 194
457 290
457 291
457 302
457 391
457 445
457 446
457 452
457 462
457 466
457 470
458 60
458 103
458 249
458 261
458 276
458 322
458 326
458 377
458 404
458 412
458 422
458 459
458 474
459 18
459 67
459 231
459 237
459 292
459 344
459 370
459 400
459 404
459 431
459 446
459 458
459 476
460 142
460 146
460 184
460 192
460 220
460 250
460 253
460 302
460 325
460 331
460 436
460 470
460 492
461 9
461 117
461 216
461 238
461 248
461 293
461 320
461 330
461 375
461 412
461 421
461 465
461 468
462 31
462 83
462 153
462 206
462 240
462 311
462 331
462 398
462 442
462 449
462 457
462 465
462 474
463 1
463 53
463 152
463 153
463 173
463 180
463 215
463 234
463 383
463 444
463 450
463 478
463 479
464 7
464 28
464 66
464 118
464 138
464 153
464 218
464 269
464 296
464 300
464 383
464 474
464 500
465 39
465 178
465 196
465 213
465 282
465 323
465 382
465 431
465 461
465 462
465 468
465 471
465 474
466 43
466 63
466 169
466 305
466 306
466 330
466 369
466 397
466 457
466 468
466 470
466 473
466 485
467 20
467 50
467 51
467 110
467 111
467 144
467 253
467 410
467 441
467 447
467 449
467 471
467 496
468 176
468 200
468 216
468 234
468 247
468 379
468 394
468 448
468 461
468 465
468 466
468 487
468 493
469 72
469 134
469 157
469 184
469 226
469 230
469 234
469 296
469 323
469 380
469 416
469 419
469 440
469 496
470 7
470 185
470 190
470 202
470 223
470 320
470 337
470 389
470 418
470 422
470 457
470 460
470 466
470 493
471 23
471 113
471 130
471 135
471 204
471 347
471 405
471 449
471 450
471 456
471 465
471 467
471 492
471 494
472 18
472 73
472 75
472 77
472 82
472 116
472 129
472 158
472 166
472 418
472 429
472 455
472 486
472 500
473 15
473 36
473 45
473 53
473 54
473 75
473 191
473 218
473 286
473 406
473 455
473 466
473 495
473 498
474 5
474 13
474 103
474 124
474 125
474 162
474 239
474 262
474 329
474 458
474 462
474 464
474 465
474 492
475 77
475 106
475 119
475 161
475 198
475 284
475 294
475 325
475 327
475 362
475 368
475 426
475 429
475 449
476 116
476 172
476 194
476 214
476 224
476 282
476 291
476 321
476 368
476 392
476 403
476 445
476 459
476 478
476 481
477 107
477 126
477 127
477 130
477 283
477 289
477 296
477 301
477 302
477 327
477 342
477 424
477 447
477 483
477 492
478 32
478 80
478 154
478 185
478 212
478 304
478 345
478 348
478 350
478 386
478 416
478 450
478 463
478 476
478 490
479 71
479 77
479 91
479 105
479 289
479 292
479 342
479 378
479 386
479 410
479 440
479 445
479 463
479 487
479 488
480 134
480 184
480 239
480 246
480 324
480 338
480 340
480 349
480 381
480 390
480 400
480 412
480 429
480 495
480 498
481 94
481 119
481 141
481 180
481 189
481 270
481 315
481 333
481 344
481 363
481 449
481 476
481 484
481 494
481 499
482 44
482 161
482 246
482 254
482 297
482 300
482 302
482 310
482 359
482 366
482 386
482 406
482 440
482 451
482 496
483 14
483 93
483 103
483 122
483 154
483 190
483 198
483 241
483 255
483 290
483 331
483 417
483 435
483 477
483 497
484 45
484 74
484 80
484 89
484 131
484 175
484 232
484 250
484 271
484 423
484 426
484 431
484 432
484 443
484 481
484 492
485 17
485 25
485 66
485 72
485 137
485 232
485 270
485 322
485 344
485 397
485 417
485 426
485 456
485 466
485 488
485 492
486 84
486 167
486 197
486 206
486 248
486 277
486 327
486 383
486 401
486 417
486 423
486 442
486 472
486 490
486 492
486 493
486 500
487 30
487 64
487 70
487 118
487 164
487 202
487 223
487 289
487 304
487 366
487 373
487 379
487 406
487 441
487 468
487 479
487 499
488 26
488 135
488 140
488 152
488 163
488 174
488 212
488 227
488 232
488 261
488 355
488 361
488 372
488 393
488 416
488 479
488 485
489 15
489 69
489 87
489 115
489 120
489 136
489 143
489 175
489 222
489 293
489 296
489 327
489 346
489 352
489 387
489 408
489 426
489 490
490 101
490 112
490 114
490 132
490 157
490 215
490 249
490 278
490 314
490 317
490 386
490 398
490 429
490 447
490 478
490 486
490 489
490 495
491 2
491 12
491 21
491 41
491 63
491 126
491 128
491 152
491 186
491 213
491 251
491 298
491 332
491 357
491 397
491 413
491 499
491 500
492 17
492 128
492 151
492 174
492 259
492 279
492 316
492 326
492 429
492 460
492 471
492 474
492 477
492 484
492 485
492 486
492 495
492 498
492 499
493 27
493 106
493 207
493 214
493 216
493 265
493 291
493 295
493 299
493 304
493 316
493 399
493 447
493 454
493 468
493 470
493 486
493 494
493 497
494 40
494 51
494 123
494 150
494 217
494 240
494 253
494 257
494 277
494 283
494 285
494 321
494 334
494 352
494 397
494 444
494 456
494 471
494 481
494 493
495 19
495 53
495 55
495 67
495 103
495 105
495 162
495 173
495 277
495 281
495 353
495 356
495 372
495 407
495 430
495 454
495 473
495 480
495 490
495 492
496 61
496 66
496 121
496 184
496 198
496 203
496 214
496 217
496 261
496 274
496 284
496 371
496 374
496 385
496 416
496 437
496 450
496 467
496 469
496 482
497 8
497 13
497 46
497 79
497 139
497 180
497 191
497 207
497 223
497 225
497 227
497 271
497 343
497 408
497 426
497 447
497 483
497 493
497 499
497 500
498 5
498 31
498 34
498 146
498 147
498 177
498 188
498 211
498 229
498 241
498 257
498 272
498 303
498 326
498 352
498 365
498 423
498 473
498 480
498 492
499 32
499 38
499 60
499 63
499 129
499 158
499 171
499 231
499 266
499 285
499 288
499 304
499 357
499 389
499 413
499 454
499 481
499 487
499 491
499 492
499 497
500 103
500 124
500 129
500 176
500 177
500 184
500 221
500 224
500 264
500 290
500 292
500 356
500 392
500 396
500 424
500 448
500 464
500 472
500 486
500 491
500 497
