1 5
1 253
1 282
1 372
1 482
2 126
2 162
2 209
2 337
2 402
3 174
3 202
3 358
3 429
3 454
4 88
4 132
4 302
4 431
4 465
5 1
5 87
5 282
5 410
5 486
6 19
6 82
6 410
6 481
6 499
7 138
7 196
7 278
7 332
7 349
8 100
8 188
8 376
8 379
8 482
9 168
9 411
9 451
9 469
9 475
10 438
10 461
10 477
10 480
10 490
11 166
11 285
11 342
11 382
11 387
12 20
12 21
12 127
12 210
12 422
13 197
13 322
13 416
13 458
13 494
14 232
14 406
14 413
14 419
14 428
15 170
15 191
15 321
15 332
15 489
16 305
16 331
16 463
16 492
16 499
17 442
17 451
17 485
17 486
17 489
18 48
18 409
18 477
18 484
18 494
19 6
19 179
19 449
19 487
19 499
20 12
20 127
20 395
20 420
20 422
21 12
21 29
21 304
21 311
21 378
22 241
22 300
22 422
22 450
22 472
23 78
23 109
23 189
23 339
23 489
24 145
24 349
24 362
24 409
24 496
25 254
25 318
25 395
25 411
25 498
26 44
26 167
26 321
26 385
26 464
27 334
27 408
27 449
27 484
27 487
28 48
28 194
28 203
28 415
28 444
29 21
29 262
29 378
29 425
29 455
30 143
30 161
30 459
30 462
30 464
31 125
31 334
31 362
31 385
31 461
32 156
32 227
32 329
32 428
32 478
33 61
33 95
33 242
33 388
33 467
34 309
34 316
34 419
34 445
34 473
35 402
35 445
35 446
35 450
35 467
36 122
36 137
36 157
36 285
36 291
37 39
37 179
37 266
37 472
37 475
38 94
38 104
38 130
38 183
38 374
39 37
39 164
39 472
39 481
39 496
40 85
40 129
40 163
40 199
40 462
41 93
41 310
41 385
41 390
41 474
42 51
42 208
42 212
42 269
42 310
43 255
43 394
43 411
43 437
43 451
44 26
44 125
44 378
44 454
44 482
45 138
45 152
45 456
45 468
45 472
46 246
46 310
46 460
46 478
46 496
47 153
47 290
47 315
47 339
47 496
48 18
48 28
48 412
48 458
48 464
49 213
49 303
49 386
49 489
49 499
50 115
50 146
50 249
50 408
50 447
51 42
51 70
51 96
51 442
51 498
52 124
52 187
52 452
52 467
52 490
53 69
53 256
53 315
53 318
53 442
54 71
54 129
54 327
54 399
54 495
55 109
55 370
55 390
55 436
55 493
56 434
56 448
56 459
56 460
56 470
57 112
57 200
57 370
57 385
57 393
58 206
58 365
58 452
58 470
58 499
59 160
59 178
59 480
59 493
59 497
60 164
60 290
60 416
60 461
60 492
61 33
61 352
61 416
61 435
61 500
62 82
62 319
62 352
62 430
62 492
63 119
63 370
63 402
63 436
63 497
64 114
64 149
64 354
64 433
64 466
65 204
65 258
65 401
65 420
65 495
66 72
66 76
66 108
66 265
66 397
67 141
67 170
67 244
67 250
67 491
68 318
68 324
68 351
68 416
68 420
69 53
69 257
69 315
69 400
69 494
70 51
70 180
70 199
70 248
70 318
71 54
71 114
71 229
71 401
71 409
72 66
72 215
72 239
72 345
72 455
73 224
73 287
73 477
73 497
73 500
74 170
74 172
74 451
74 462
74 491
75 226
75 270
75 299
75 415
75 481
76 66
76 123
76 176
76 357
76 371
77 155
77 342
77 381
77 400
77 470
78 23
78 266
78 384
78 480
78 493
79 115
79 160
79 347
79 487
79 498
80 198
80 235
80 430
80 462
80 478
81 289
81 426
81 438
81 457
81 463
82 6
82 62
82 215
82 239
82 487
83 356
83 366
83 475
83 479
83 490
84 179
84 351
84 471
84 480
84 493
85 40
85 428
85 455
85 462
85 485
86 142
86 284
86 373
86 420
86 500
87 5
87 202
87 272
87 409
87 473
88 4
88 414
88 433
88 436
88 473
89 246
89 360
89 419
89 425
89 450
90 206
90 387
90 415
90 455
90 487
91 253
91 319
91 440
91 442
91 444
92 120
92 157
92 281
92 374
92 427
93 41
93 209
93 291
93 337
93 422
94 38
94 201
94 308
94 346
94 461
95 33
95 280
95 345
95 391
95 483
96 51
96 99
96 198
96 207
96 330
97 207
97 211
97 406
97 447
97 488
98 158
98 340
98 462
98 487
98 491
99 96
99 401
99 402
99 412
99 471
100 8
100 169
100 226
100 355
100 376
101 282
101 377
101 385
101 449
101 487
102 196
102 364
102 432
102 471
102 476
103 204
103 368
103 458
103 491
103 497
104 38
104 183
104 228
104 244
104 376
105 218
105 277
105 312
105 412
105 454
106 267
106 348
106 431
106 442
106 494
107 123
107 355
107 441
107 447
107 486
108 66
108 130
108 206
108 249
108 275
109 23
109 55
109 244
109 346
109 350
110 116
110 312
110 412
110 417
110 486
111 175
111 267
111 334
111 466
111 499
112 57
112 154
112 280
112 362
112 385
113 394
113 405
113 434
113 496
113 500
114 64
114 71
114 162
114 371
114 409
115 50
115 79
115 264
115 267
115 487
116 110
116 238
116 345
116 391
116 453
117 204
117 417
117 469
117 493
117 497
118 219
118 288
118 401
118 427
118 457
119 63
119 168
119 284
119 432
119 440
120 92
120 123
120 198
120 273
120 497
121 135
121 154
121 176
121 295
121 364
122 36
122 212
122 285
122 403
122 463
123 76
123 107
123 120
123 273
123 374
124 52
124 209
124 240
124 296
124 337
125 31
125 44
125 213
125 362
125 463
126 2
126 264
126 294
126 344
126 361
127 12
127 20
127 336
127 432
127 466
128 249
128 336
128 446
128 484
128 498
129 40
129 54
129 320
129 374
129 495
130 38
130 108
130 228
130 321
130 487
131 207
131 208
131 230
131 297
131 312
132 4
132 262
132 410
132 460
132 471
133 232
133 233
133 326
133 333
133 370
134 156
134 354
134 416
134 452
134 465
135 121
135 142
135 274
135 364
135 491
136 184
136 282
136 343
136 432
136 495
137 36
137 186
137 212
137 424
137 466
138 7
138 45
138 419
138 476
138 482
139 183
139 318
139 353
139 436
139 474
140 279
140 372
140 398
140 466
140 492
141 67
141 220
141 375
141 385
141 498
142 86
142 135
142 211
142 239
142 364
143 30
143 341
143 459
143 489
143 491
144 221
144 315
144 377
144 442
144 493
145 24
145 333
145 360
145 426
145 429
146 50
146 308
146 311
146 381
146 465
147 150
147 188
147 457
147 463
147 474
148 180
148 228
148 306
148 343
148 495
149 64
149 163
149 247
149 353
149 462
150 147
150 345
150 346
150 365
150 448
151 296
151 413
151 452
151 457
151 463
152 45
152 236
152 263
152 399
152 461
153 47
153 164
153 388
153 394
153 425
154 112
154 121
154 222
154 462
154 491
155 77
155 221
155 382
155 400
155 423
156 32
156 134
156 302
156 467
156 478
157 36
157 92
157 273
157 374
157 418
158 98
158 218
158 290
158 465
158 489
159 205
159 286
159 306
159 358
159 463
160 59
160 79
160 210
160 249
160 253
160 369
161 30
161 162
161 210
161 338
161 386
161 387
162 2
162 114
162 161
162 229
162 409
162 481
163 40
163 149
163 349
163 414
163 433
163 480
164 39
164 60
164 153
164 339
164 388
164 461
165 166
165 250
165 382
165 400
165 475
165 495
166 11
166 165
166 386
166 464
166 470
166 490
167 26
167 203
167 206
167 375
167 471
167 497
168 9
168 119
168 208
168 412
168 420
168 479
169 100
169 170
169 297
169 439
169 441
169 483
170 15
170 67
170 74
170 169
170 393
170 427
171 197
171 304
171 333
171 399
171 480
171 483
172 74
172 392
172 415
172 451
172 472
172 481
173 205
173 308
173 326
173 446
173 479
173 498
174 3
174 270
174 302
174 410
174 459
174 464
175 111
175 242
175 297
175 437
175 451
175 469
176 76
176 121
176 357
176 361
176 371
176 430
177 201
177 295
177 341
177 403
177 427
177 477
178 59
178 181
178 236
178 351
178 383
178 461
179 19
179 37
179 84
179 240
179 295
179 482
180 70
180 148
180 272
180 343
180 408
180 495
181 178
181 281
181 282
181 375
181 415
181 488
182 224
182 251
182 333
182 410
182 471
182 473
183 38
183 104
183 139
183 195
183 228
183 407
184 136
184 316
184 325
184 397
184 489
184 491
185 268
185 272
185 289
185 298
185 386
185 473
186 137
186 212
186 258
186 285
186 323
186 457
187 52
187 188
187 403
187 477
187 488
187 489
188 8
188 147
188 187
188 226
188 348
188 376
189 23
189 290
189 411
189 414
189 489
189 491
190 193
190 201
190 204
190 490
190 493
190 497
191 15
191 323
191 374
191 383
191 447
191 482
192 204
192 323
192 397
192 454
192 467
192 473
193 190
193 293
193 307
193 308
193 398
193 466
194 28
194 307
194 379
194 440
194 458
194 471
195 183
195 277
195 332
195 394
195 465
195 473
196 7
196 102
196 234
196 251
196 468
196 471
197 13
197 171
197 229
197 317
197 352
197 497
198 80
198 96
198 120
198 226
198 420
198 478
199 40
199 70
199 254
199 277
199 287
199 456
200 57
200 368
200 369
200 384
200 407
200 460
201 94
201 177
201 190
201 326
201 344
201 423
202 3
202 87
202 342
202 385
202 454
202 484
203 28
203 167
203 362
203 375
203 422
203 470
204 65
204 103
204 117
204 190
204 192
204 303
205 159
205 173
205 351
205 358
205 404
205 407
206 58
206 90
206 108
206 167
206 328
206 387
207 96
207 97
207 131
207 208
207 230
207 260
208 42
208 131
208 168
208 207
208 235
208 297
209 2
209 93
209 124
209 330
209 337
209 434
210 12
210 160
210 161
210 408
210 464
210 487
211 97
211 142
211 215
211 278
211 314
211 456
212 42
212 122
212 137
212 186
212 214
212 279
213 49
213 125
213 261
213 333
213 450
213 462
214 212
214 220
214 294
214 354
214 406
214 499
215 72
215 82
215 211
215 239
215 296
215 364
216 373
216 383
216 433
216 436
216 447
216 485
217 254
217 263
217 275
217 286
217 292
217 445
218 105
218 158
218 418
218 423
218 453
218 496
219 118
219 305
219 367
219 435
219 454
219 492
220 141
220 214
220 228
220 362
220 431
220 433
221 144
221 155
221 403
221 449
221 455
221 494
222 154
222 259
222 408
222 456
222 472
222 481
223 292
223 323
223 328
223 373
223 387
223 480
224 73
224 182
224 256
224 355
224 419
224 433
225 256
225 287
225 339
225 355
225 398
225 438
226 75
226 100
226 188
226 198
226 376
226 478
227 32
227 268
227 275
227 283
227 425
227 426
228 104
228 130
228 148
228 183
228 220
228 421
229 71
229 162
229 197
229 231
229 349
229 483
230 131
230 207
230 297
230 352
230 421
230 459
231 229
231 288
231 329
231 392
231 403
231 427
232 14
232 133
232 236
232 348
232 456
232 478
233 133
233 286
233 317
233 463
233 493
233 497
234 196
234 258
234 285
234 323
234 401
234 432
235 80
235 208
235 276
235 319
235 352
235 464
236 152
236 178
236 232
236 288
236 467
236 484
237 372
237 391
237 398
237 452
237 489
237 499
238 116
238 240
238 345
238 351
238 363
238 391
239 72
239 82
239 142
239 215
239 441
239 484
240 124
240 179
240 238
240 246
240 269
240 471
241 22
241 285
241 312
241 336
241 400
241 422
242 33
242 175
242 257
242 335
242 370
242 500
243 298
243 406
243 443
243 445
243 467
243 500
244 67
244 104
244 109
244 247
244 261
244 493
245 409
245 430
245 448
245 449
245 464
245 470
246 46
246 89
246 240
246 248
246 269
246 295
247 149
247 244
247 375
247 381
247 465
247 479
248 70
248 246
248 306
248 337
248 351
248 358
249 50
249 108
249 128
249 160
249 291
249 452
250 67
250 165
250 342
250 400
250 468
250 499
251 182
251 196
251 337
251 363
251 422
251 465
252 264
252 293
252 330
252 361
252 489
252 497
253 1
253 91
253 160
253 311
253 438
253 444
254 25
254 199
254 217
254 300
254 426
254 471
255 43
255 268
255 324
255 344
255 426
255 500
256 53
256 224
256 225
256 287
256 350
256 355
257 69
257 242
257 275
257 353
257 379
257 477
258 65
258 186
258 234
258 322
258 328
258 495
259 222
259 317
259 403
259 472
259 481
259 485
260 207
260 279
260 331
260 482
260 487
260 492
261 213
261 244
261 363
261 438
261 449
261 489
262 29
262 132
262 280
262 304
262 378
262 469
263 152
263 217
263 384
263 396
263 440
263 498
264 115
264 126
264 252
264 301
264 302
264 344
265 66
265 273
265 315
265 357
265 371
265 472
266 37
266 78
266 355
266 405
266 457
266 463
267 106
267 111
267 115
267 395
267 444
267 452
268 185
268 227
268 255
268 416
268 475
268 477
269 42
269 240
269 246
269 295
269 475
269 487
270 75
270 174
270 396
270 459
270 468
270 470
271 287
271 411
271 437
271 440
271 451
271 455
272 87
272 180
272 185
272 316
272 342
272 375
272 473
273 120
273 123
273 157
273 265
273 353
273 374
273 429
274 135
274 313
274 456
274 461
274 477
274 482
274 483
275 108
275 217
275 227
275 257
275 426
275 429
275 458
276 235
276 279
276 333
276 398
276 456
276 470
276 492
277 105
277 195
277 199
277 312
277 417
277 486
277 493
278 7
278 211
278 283
278 369
278 434
278 438
278 444
279 140
279 212
279 260
279 276
279 412
279 417
279 492
280 95
280 112
280 262
280 297
280 304
280 378
280 380
281 92
281 181
281 360
281 406
281 443
281 446
281 488
282 1
282 5
282 101
282 136
282 181
282 291
282 485
283 227
283 278
283 331
283 393
283 394
283 402
283 434
284 86
284 119
284 306
284 331
284 417
284 420
284 423
285 11
285 36
285 122
285 186
285 234
285 241
285 292
286 159
286 217
286 233
286 340
286 359
286 421
286 450
287 73
287 199
287 225
287 256
287 271
287 322
287 355
288 118
288 231
288 236
288 341
288 371
288 443
288 461
289 81
289 185
289 344
289 421
289 424
289 473
289 496
290 47
290 60
290 158
290 189
290 339
290 414
290 487
291 36
291 93
291 249
291 282
291 408
291 449
291 492
292 217
292 223
292 285
292 437
292 450
292 495
292 500
293 193
293 252
293 344
293 361
293 394
293 436
293 500
294 126
294 214
294 301
294 381
294 389
294 431
294 476
295 121
295 177
295 179
295 246
295 269
295 480
295 497
296 124
296 151
296 215
296 405
296 441
296 457
296 483
297 131
297 169
297 175
297 208
297 230
297 280
297 299
298 185
298 243
298 348
298 455
298 476
298 491
298 494
299 75
299 297
299 363
299 410
299 471
299 477
299 483
300 22
300 254
300 315
300 372
300 388
300 400
300 472
301 264
301 294
301 342
301 360
301 368
301 474
301 499
302 4
302 156
302 174
302 264
302 340
302 443
302 496
303 49
303 204
303 349
303 462
303 489
303 491
303 494
304 21
304 171
304 262
304 280
304 337
304 378
304 451
305 16
305 219
305 324
305 398
305 475
305 490
305 492
306 148
306 159
306 248
306 284
306 334
306 351
306 454
307 193
307 194
307 308
307 375
307 394
307 467
307 499
308 94
308 146
308 173
308 193
308 307
308 368
308 466
309 34
309 312
309 317
309 377
309 384
309 441
309 498
310 41
310 42
310 46
310 455
310 486
310 488
310 494
311 21
311 146
311 253
311 360
311 389
311 452
311 499
312 105
312 110
312 131
312 241
312 277
312 309
312 402
313 274
313 314
313 435
313 448
313 488
313 490
313 491
314 211
314 313
314 381
314 414
314 482
314 486
314 490
315 47
315 53
315 69
315 144
315 265
315 300
315 469
316 34
316 184
316 272
316 397
316 409
316 454
316 485
317 197
317 233
317 259
317 309
317 480
317 484
317 497
318 25
318 53
318 68
318 70
318 139
318 488
318 494
319 62
319 91
319 235
319 367
319 441
319 492
319 495
320 129
320 349
320 401
320 432
320 446
320 491
320 495
321 15
321 26
321 130
321 457
321 462
321 491
321 492
322 13
322 258
322 287
322 324
322 397
322 429
322 443
323 186
323 191
323 192
323 223
323 234
323 328
323 497
324 68
324 255
324 305
324 322
324 355
324 416
324 417
325 184
325 395
325 413
325 440
325 447
325 462
325 486
326 133
326 173
326 201
326 365
326 393
326 423
326 461
327 54
327 335
327 361
327 401
327 404
327 425
327 488
328 206
328 223
328 258
328 323
328 341
328 387
328 489
329 32
329 231
329 411
329 428
329 430
329 478
329 495
330 96
330 209
330 252
330 428
330 430
330 478
330 492
331 16
331 260
331 283
331 284
331 367
331 450
331 492
332 7
332 15
332 195
332 374
332 393
332 394
332 434
333 133
333 145
333 171
333 182
333 213
333 276
333 497
334 27
334 31
334 111
334 306
334 421
334 425
334 500
335 242
335 327
335 404
335 444
335 465
335 467
335 469
336 127
336 128
336 241
336 422
336 437
336 453
336 479
337 2
337 93
337 124
337 209
337 248
337 251
337 304
338 161
338 386
338 448
338 453
338 459
338 462
338 464
339 23
339 47
339 164
339 225
339 290
339 340
339 489
340 98
340 286
340 302
340 339
340 426
340 453
340 474
340 496
341 143
341 177
341 288
341 328
341 386
341 403
341 427
341 459
342 11
342 77
342 202
342 250
342 272
342 301
342 382
342 439
343 136
343 148
343 180
343 353
343 381
343 432
343 445
343 498
344 126
344 201
344 255
344 264
344 289
344 293
344 361
344 373
345 72
345 95
345 116
345 150
345 238
345 367
345 391
345 495
346 94
346 109
346 150
346 393
346 396
346 423
346 484
346 496
347 79
347 356
347 365
347 418
347 434
347 474
347 479
347 496
348 106
348 188
348 232
348 298
348 388
348 406
348 472
348 494
349 7
349 24
349 163
349 229
349 303
349 320
349 409
349 489
350 109
350 256
350 396
350 415
350 447
350 472
350 481
350 493
351 68
351 84
351 178
351 205
351 238
351 248
351 306
351 358
352 61
352 62
352 197
352 230
352 235
352 367
352 388
352 398
353 139
353 149
353 257
353 273
353 343
353 378
353 379
353 436
354 64
354 134
354 214
354 398
354 412
354 431
354 456
354 468
355 100
355 107
355 224
355 225
355 256
355 266
355 287
355 324
356 83
356 347
356 387
356 390
356 418
356 439
356 480
356 496
357 76
357 176
357 265
357 371
357 407
357 445
357 483
357 492
358 3
358 159
358 205
358 248
358 351
358 438
358 460
358 485
359 286
359 360
359 379
359 389
359 398
359 407
359 435
359 460
360 89
360 145
360 281
360 301
360 311
360 359
360 395
360 452
361 126
361 176
361 252
361 293
361 327
361 344
361 440
361 477
362 24
362 31
362 112
362 125
362 203
362 220
362 375
362 454
363 238
363 251
363 261
363 299
363 410
363 466
363 471
363 485
364 102
364 121
364 135
364 142
364 215
364 420
364 428
364 456
365 58
365 150
365 326
365 347
365 387
365 393
365 423
365 484
366 83
366 404
366 468
366 479
366 486
366 494
366 498
366 499
367 219
367 319
367 331
367 345
367 352
367 424
367 465
367 491
368 103
368 200
368 301
368 308
368 372
368 382
368 445
368 466
369 160
369 200
369 278
369 389
369 435
369 437
369 453
369 460
370 55
370 57
370 63
370 133
370 242
370 480
370 490
370 493
371 76
371 114
371 176
371 265
371 288
371 357
371 372
371 478
372 1
372 140
372 237
372 300
372 368
372 371
372 466
372 499
373 86
373 216
373 223
373 344
373 402
373 417
373 420
373 490
374 38
374 92
374 123
374 129
374 157
374 191
374 273
374 332
375 141
375 167
375 181
375 203
375 247
375 272
375 307
375 362
376 8
376 100
376 104
376 188
376 226
376 382
376 423
376 469
377 101
377 144
377 309
377 399
377 446
377 467
377 469
377 498
378 21
378 29
378 44
378 262
378 280
378 304
378 353
378 457
378 479
379 8
379 194
379 257
379 353
379 359
379 417
379 436
379 438
379 497
380 280
380 383
380 392
380 419
380 431
380 443
380 447
380 449
380 476
381 77
381 146
381 247
381 294
381 314
381 343
381 395
381 465
381 487
382 11
382 155
382 165
382 342
382 368
382 376
382 383
382 400
382 476
383 178
383 191
383 216
383 380
383 382
383 439
383 476
383 482
383 488
384 78
384 200
384 263
384 309
384 437
384 439
384 468
384 472
384 479
385 26
385 31
385 41
385 57
385 101
385 112
385 141
385 202
385 431
386 49
386 161
386 166
386 185
386 338
386 341
386 408
386 448
386 470
387 11
387 90
387 161
387 206
387 223
387 328
387 356
387 365
387 464
388 33
388 153
388 164
388 300
388 348
388 352
388 442
388 455
388 494
389 294
389 311
389 359
389 369
389 407
389 435
389 458
389 460
389 484
390 41
390 55
390 356
390 424
390 430
390 451
390 453
390 493
390 496
391 95
391 116
391 237
391 238
391 345
391 418
391 441
391 459
391 493
392 172
392 231
392 380
392 393
392 476
392 482
392 485
392 486
392 499
393 57
393 170
393 283
393 326
393 332
393 346
393 365
393 392
393 423
394 43
394 113
394 153
394 195
394 283
394 293
394 307
394 332
394 434
395 20
395 25
395 267
395 325
395 360
395 381
395 466
395 494
395 499
396 263
396 270
396 346
396 350
396 446
396 458
396 479
396 488
396 498
397 66
397 184
397 192
397 316
397 322
397 404
397 408
397 454
397 473
398 140
398 193
398 225
398 237
398 276
398 305
398 352
398 354
398 359
399 54
399 152
399 171
399 377
399 414
399 436
399 438
399 440
399 444
400 69
400 77
400 155
400 165
400 241
400 250
400 300
400 382
400 499
401 65
401 71
401 99
401 118
401 234
401 320
401 327
401 481
401 495
402 2
402 35
402 63
402 99
402 283
402 312
402 373
402 405
402 417
403 122
403 177
403 187
403 221
403 231
403 259
403 341
403 405
403 427
404 205
404 327
404 335
404 366
404 397
404 408
404 435
404 467
404 500
405 113
405 266
405 296
405 402
405 403
405 424
405 457
405 463
405 478
406 14
406 97
406 214
406 243
406 281
406 348
406 410
406 477
406 489
406 490
407 183
407 200
407 205
407 357
407 359
407 389
407 435
407 449
407 454
407 460
408 27
408 50
408 180
408 210
408 222
408 291
408 386
408 397
408 404
408 449
409 18
409 24
409 71
409 87
409 114
409 162
409 245
409 316
409 349
409 413
410 5
410 6
410 132
410 174
410 182
410 299
410 363
410 406
410 417
410 471
411 9
411 25
411 43
411 189
411 271
411 329
411 425
411 437
411 447
411 451
412 48
412 99
412 105
412 110
412 168
412 279
412 354
412 416
412 420
412 463
413 14
413 151
413 325
413 409
413 426
413 456
413 477
413 488
413 490
413 492
414 88
414 163
414 189
414 290
414 314
414 399
414 431
414 433
414 446
414 465
415 28
415 75
415 90
415 172
415 181
415 350
415 426
415 451
415 472
415 481
416 13
416 60
416 61
416 68
416 134
416 268
416 324
416 412
416 429
416 446
417 110
417 117
417 277
417 279
417 284
417 324
417 373
417 379
417 402
417 410
418 157
418 218
418 347
418 356
418 391
418 443
418 448
418 461
418 474
418 491
419 14
419 34
419 89
419 138
419 224
419 380
419 476
419 481
419 482
419 486
420 20
420 65
420 68
420 86
420 168
420 198
420 284
420 364
420 373
420 412
421 228
421 230
421 286
421 289
421 334
421 441
421 445
421 450
421 467
421 500
422 12
422 20
422 22
422 93
422 203
422 241
422 251
422 336
422 457
422 494
423 155
423 201
423 218
423 284
423 326
423 346
423 365
423 376
423 393
423 481
424 137
424 289
424 367
424 390
424 405
424 432
424 443
424 453
424 474
424 496
425 29
425 89
425 153
425 227
425 327
425 334
425 411
425 445
425 493
425 500
426 81
426 145
426 227
426 254
426 255
426 275
426 340
426 413
426 415
426 429
427 92
427 118
427 170
427 177
427 231
427 341
427 403
427 479
427 492
427 500
428 14
428 32
428 85
428 329
428 330
428 364
428 430
428 431
428 449
428 478
429 3
429 145
429 273
429 275
429 322
429 416
429 426
429 447
429 453
429 474
430 62
430 80
430 176
430 245
430 329
430 330
430 390
430 428
430 433
430 478
430 497
431 4
431 106
431 220
431 294
431 354
431 380
431 385
431 414
431 428
431 450
431 465
432 102
432 119
432 127
432 136
432 234
432 320
432 343
432 424
432 433
432 446
432 495
433 64
433 88
433 163
433 216
433 220
433 224
433 414
433 430
433 432
433 435
433 457
434 56
434 113
434 209
434 278
434 283
434 332
434 347
434 394
434 435
434 455
434 478
435 61
435 219
435 313
435 359
435 369
435 389
435 404
435 407
435 433
435 434
435 460
436 55
436 63
436 88
436 139
436 216
436 293
436 353
436 379
436 399
436 440
436 476
437 43
437 175
437 271
437 292
437 336
437 369
437 384
437 411
437 451
437 475
437 488
438 10
438 81
438 225
438 253
438 261
438 278
438 358
438 379
438 399
438 440
438 444
439 169
439 342
439 356
439 383
439 384
439 441
439 462
439 478
439 483
439 496
439 498
440 91
440 119
440 194
440 263
440 271
440 325
440 361
440 399
440 436
440 438
440 444
440 467
441 107
441 169
441 239
441 296
441 309
441 319
441 391
441 421
441 439
441 469
441 479
441 483
442 17
442 51
442 53
442 91
442 106
442 144
442 388
442 460
442 466
442 470
442 487
442 494
443 243
443 281
443 288
443 302
443 322
443 380
443 418
443 424
443 453
443 474
443 496
443 498
444 28
444 91
444 253
444 267
444 278
444 335
444 399
444 438
444 440
444 448
444 474
444 494
445 34
445 35
445 217
445 243
445 343
445 357
445 368
445 421
445 425
445 495
445 496
445 500
446 35
446 128
446 173
446 281
446 320
446 377
446 396
446 414
446 416
446 432
446 469
446 484
447 50
447 97
447 107
447 191
447 216
447 325
447 350
447 380
447 411
447 429
447 485
447 486
448 56
448 150
448 245
448 313
448 338
448 386
448 418
448 444
448 464
448 470
448 490
448 499
449 19
449 27
449 101
449 221
449 245
449 261
449 291
449 380
449 407
449 408
449 428
449 487
450 22
450 35
450 89
450 213
450 286
450 292
450 331
450 421
450 431
450 452
450 499
450 500
451 9
451 17
451 43
451 74
451 172
451 175
451 271
451 304
451 390
451 411
451 415
451 437
452 52
452 58
452 134
452 151
452 237
452 249
452 267
452 311
452 360
452 450
452 486
452 499
453 116
453 218
453 336
453 338
453 340
453 369
453 390
453 424
453 429
453 443
453 458
453 496
453 500
454 3
454 44
454 105
454 192
454 202
454 219
454 306
454 316
454 362
454 397
454 407
454 473
454 480
455 29
455 72
455 85
455 90
455 221
455 271
455 298
455 310
455 388
455 434
455 460
455 474
455 494
456 45
456 199
456 211
456 222
456 232
456 274
456 276
456 354
456 364
456 413
456 477
456 488
456 495
457 81
457 118
457 147
457 151
457 186
457 266
457 296
457 321
457 378
457 405
457 422
457 433
457 463
458 13
458 48
458 103
458 194
458 275
458 389
458 396
458 453
458 460
458 468
458 475
458 484
458 498
459 30
459 56
459 143
459 174
459 230
459 270
459 338
459 341
459 391
459 464
459 470
459 493
459 498
460 46
460 56
460 132
460 200
460 358
460 359
460 369
460 389
460 407
460 435
460 442
460 455
460 458
460 464
461 10
461 31
461 60
461 94
461 152
461 164
461 178
461 274
461 288
461 326
461 418
461 477
461 488
461 490
462 30
462 40
462 74
462 80
462 85
462 98
462 149
462 154
462 213
462 303
462 321
462 325
462 338
462 439
463 16
463 81
463 122
463 125
463 147
463 151
463 159
463 233
463 266
463 405
463 412
463 457
463 471
463 480
464 26
464 30
464 48
464 166
464 174
464 210
464 235
464 245
464 338
464 387
464 448
464 459
464 460
464 468
465 4
465 134
465 146
465 158
465 195
465 247
465 251
465 335
465 367
465 381
465 414
465 431
465 468
465 490
466 64
466 111
466 127
466 137
466 140
466 193
466 308
466 363
466 368
466 372
466 395
466 442
466 473
466 499
467 33
467 35
467 52
467 156
467 192
467 236
467 243
467 307
467 335
467 377
467 404
467 421
467 440
467 500
468 45
468 196
468 250
468 270
468 354
468 366
468 384
468 458
468 464
468 465
468 475
468 479
468 483
468 484
469 9
469 117
469 175
469 262
469 315
469 335
469 376
469 377
469 441
469 446
469 475
469 483
469 484
469 491
469 498
470 56
470 58
470 77
470 166
470 203
470 245
470 270
470 276
470 386
470 442
470 448
470 459
470 476
470 479
470 485
471 84
471 99
471 102
471 132
471 167
471 182
471 194
471 196
471 240
471 254
471 299
471 363
471 410
471 463
471 488
472 22
472 37
472 39
472 45
472 172
472 222
472 259
472 265
472 300
472 348
472 350
472 384
472 415
472 481
472 488
473 34
473 87
473 88
473 182
473 185
473 192
473 195
473 272
473 289
473 397
473 454
473 466
473 485
473 487
473 494
474 41
474 139
474 147
474 301
474 340
474 347
474 418
474 424
474 429
474 443
474 444
474 455
474 492
474 496
474 498
475 9
475 37
475 83
475 165
475 268
475 269
475 305
475 437
475 458
475 468
475 469
475 483
475 484
475 489
475 498
476 102
476 138
476 294
476 298
476 380
476 382
476 383
476 392
476 419
476 436
476 470
476 482
476 485
476 486
476 493
476 494
477 10
477 18
477 73
477 177
477 187
477 257
477 268
477 274
477 299
477 361
477 406
477 413
477 456
477 461
477 479
477 490
478 32
478 46
478 80
478 156
478 198
478 226
478 232
478 329
478 330
478 371
478 405
478 428
478 430
478 434
478 439
478 482
479 83
479 168
479 173
479 247
479 336
479 347
479 366
479 378
479 384
479 396
479 427
479 441
479 468
479 470
479 477
479 483
480 10
480 59
480 78
480 84
480 163
480 171
480 223
480 295
480 317
480 356
480 370
480 454
480 463
480 481
480 493
480 497
481 6
481 39
481 75
481 162
481 172
481 222
481 259
481 350
481 401
481 415
481 419
481 423
481 472
481 480
481 490
481 500
482 1
482 8
482 44
482 138
482 179
482 191
482 260
482 274
482 314
482 383
482 392
482 419
482 476
482 478
482 485
482 495
483 95
483 169
483 171
483 229
483 274
483 296
483 299
483 357
483 439
483 441
483 468
483 469
483 475
483 479
483 484
483 486
484 18
484 27
484 128
484 202
484 236
484 239
484 317
484 346
484 365
484 389
484 446
484 458
484 468
484 469
484 475
484 483
485 17
485 85
485 216
485 259
485 282
485 316
485 358
485 363
485 392
485 447
485 470
485 473
485 476
485 482
485 486
485 491
486 5
486 17
486 107
486 110
486 277
486 310
486 314
486 325
486 366
486 392
486 419
486 447
486 452
486 476
486 483
486 485
486 498
487 19
487 27
487 79
487 82
487 90
487 98
487 101
487 115
487 130
487 210
487 260
487 269
487 290
487 381
487 442
487 449
487 473
488 97
488 181
488 187
488 281
488 310
488 313
488 318
488 327
488 383
488 396
488 413
488 437
488 456
488 461
488 471
488 472
488 490
488 497
489 15
489 17
489 23
489 49
489 143
489 158
489 184
489 187
489 189
489 237
489 252
489 261
489 303
489 328
489 339
489 349
489 406
489 475
490 10
490 52
490 83
490 166
490 190
490 305
490 313
490 314
490 370
490 373
490 406
490 413
490 448
490 461
490 465
490 477
490 481
490 488
491 67
491 74
491 98
491 103
491 135
491 143
491 154
491 184
491 189
491 298
491 303
491 313
491 320
491 321
491 367
491 418
491 469
491 485
492 16
492 60
492 62
492 140
492 219
492 260
492 276
492 279
492 291
492 305
492 319
492 321
492 330
492 331
492 357
492 413
492 427
492 474
492 500
493 55
493 59
493 78
493 84
493 117
493 144
493 190
493 233
493 244
493 277
493 350
493 370
493 390
493 391
493 425
493 459
493 476
493 480
493 497
494 13
494 18
494 69
494 106
494 221
494 298
494 303
494 310
494 318
494 348
494 366
494 388
494 395
494 422
494 442
494 444
494 455
494 473
494 476
494 500
495 54
495 65
495 129
495 136
495 148
495 165
495 180
495 258
495 292
495 319
495 320
495 329
495 345
495 401
495 432
495 445
495 456
495 482
495 496
495 498
496 24
496 39
496 46
496 47
496 113
496 218
496 289
496 302
496 340
496 346
496 347
496 356
496 390
496 424
496 439
496 443
496 445
496 453
496 474
496 495
497 59
497 63
497 73
497 103
497 117
497 120
497 167
497 190
497 197
497 233
497 252
497 295
497 317
497 323
497 333
497 379
497 430
497 480
497 488
497 493
498 25
498 51
498 79
498 128
498 141
498 173
498 263
498 309
498 343
498 366
498 377
498 396
498 439
498 443
498 458
498 459
498 469
498 474
498 475
498 486
498 495
499 6
499 16
499 19
499 49
499 58
499 111
499 214
499 237
499 250
499 301
499 307
499 311
499 366
499 372
499 392
499 395
499 400
499 448
499 450
499 452
499 466
500 61
500 73
500 86
500 113
500 242
500 243
500 255
500 292
500 293
500 334
500 404
500 421
500 425
500 427
500 445
500 450
500 453
500 467
500 481
500 492
500 494
