1 2
1 5
1 347
1 366
1 413
2 1
2 5
2 139
2 454
2 498
3 4
3 270
3 273
3 367
3 444
4 3
4 85
4 269
4 317
4 371
5 1
5 2
5 6
5 280
5 476
6 5
6 7
6 9
6 355
6 458
7 6
7 9
7 10
7 382
7 415
8 278
8 283
8 285
8 489
8 500
9 6
9 7
9 10
9 32
9 411
10 7
10 9
10 13
10 28
10 328
11 12
11 22
11 389
11 430
11 442
12 11
12 22
12 50
12 356
12 490
13 10
13 267
13 359
13 467
13 473
14 34
14 348
14 366
14 374
14 496
15 82
15 348
15 392
15 472
15 477
16 18
16 21
16 78
16 331
16 348
17 157
17 271
17 299
17 310
17 314
18 16
18 20
18 21
18 43
18 408
19 84
19 285
19 286
19 288
19 418
20 18
20 23
20 33
20 187
20 494
21 16
21 18
21 29
21 197
21 455
22 11
22 12
22 356
22 386
22 495
23 20
23 24
23 187
23 292
23 408
24 23
24 187
24 434
24 451
24 485
25 26
25 45
25 245
25 346
25 493
26 25
26 76
26 78
26 187
26 245
27 60
27 146
27 245
27 346
27 359
28 10
28 60
28 245
28 328
28 450
29 21
29 34
29 348
29 392
29 495
30 143
30 207
30 231
30 316
30 468
31 40
31 256
31 350
31 441
31 475
32 9
32 69
32 96
32 454
32 481
33 20
33 43
33 66
33 68
33 357
34 14
34 29
34 267
34 367
34 487
35 36
35 37
35 143
35 196
35 382
36 35
36 37
36 357
36 396
36 401
37 35
37 36
37 60
37 369
37 430
38 39
38 40
38 41
38 290
38 419
39 38
39 40
39 97
39 290
39 373
40 31
40 38
40 39
40 41
40 290
41 38
41 40
41 44
41 356
41 373
42 110
42 111
42 112
42 130
42 214
43 18
43 33
43 44
43 46
43 252
44 41
44 43
44 252
44 289
44 456
45 25
45 51
45 52
45 55
45 373
46 43
46 252
46 337
46 410
46 417
47 49
47 252
47 271
47 352
47 462
48 217
48 218
48 224
48 338
48 462
49 47
49 237
49 314
49 489
49 500
50 12
50 356
50 379
50 389
50 468
51 45
51 52
51 182
51 314
51 484
52 45
52 51
52 125
52 314
52 489
53 57
53 356
53 374
53 381
53 462
54 169
54 243
54 251
54 318
54 474
55 45
55 58
55 453
55 471
55 499
56 91
56 92
56 93
56 329
56 453
57 53
57 63
57 64
57 98
57 356
58 55
58 61
58 260
58 469
58 478
59 105
59 145
59 189
59 244
59 435
60 27
60 28
60 37
60 160
60 256
61 58
61 62
61 65
61 79
61 173
62 61
62 65
62 66
62 166
62 429
63 57
63 64
63 403
63 425
63 441
64 57
64 63
64 85
64 458
64 480
65 61
65 62
65 66
65 83
65 279
66 33
66 62
66 65
66 458
66 475
67 68
67 242
67 329
67 382
67 443
68 33
68 67
68 122
68 198
68 329
69 32
69 228
69 387
69 491
69 499
70 71
70 133
70 228
70 418
70 479
71 70
71 73
71 133
71 438
71 448
72 103
72 199
72 258
72 263
72 433
73 71
73 74
73 179
73 400
73 450
74 73
74 75
74 179
74 268
74 322
75 74
75 94
75 179
75 476
75 479
76 26
76 77
76 82
76 94
76 180
77 76
77 82
77 370
77 388
77 486
78 16
78 26
78 79
78 81
78 377
79 61
79 78
79 81
79 361
79 489
80 84
80 85
80 97
80 459
80 495
81 78
81 79
81 82
81 288
81 463
82 15
82 76
82 77
82 81
82 94
83 65
83 87
83 88
83 89
83 126
84 19
84 80
84 85
84 97
84 437
85 4
85 64
85 80
85 84
85 97
86 221
86 225
86 230
86 306
86 468
87 83
87 88
87 89
87 103
87 433
88 83
88 87
88 89
88 345
88 468
89 83
89 87
89 88
89 438
89 448
90 289
90 395
90 442
90 447
90 486
91 56
91 92
91 93
91 347
91 413
92 56
92 91
92 93
92 109
92 228
93 56
93 91
93 92
93 272
93 463
94 75
94 76
94 82
94 445
94 447
95 96
95 316
95 321
95 366
95 412
96 32
96 95
96 321
96 326
96 348
97 39
97 80
97 84
97 85
97 98
98 57
98 97
98 108
98 118
98 468
99 233
99 235
99 325
99 388
99 454
100 166
100 237
100 243
100 491
100 499
101 103
101 104
101 186
101 321
101 484
102 177
102 189
102 380
103 72
103 87
103 101
103 104
103 481
104 101
104 103
104 321
104 351
104 419
105 59
105 117
105 176
105 177
105 442
106 107
106 109
106 284
106 445
106 495
107 106
107 109
107 265
107 284
107 494
108 98
108 118
108 154
108 462
108 493
109 92
109 106
109 107
109 111
109 397
110 42
110 282
110 286
110 370
110 444
111 42
111 109
111 309
111 332
111 418
112 42
112 214
112 315
112 469
112 472
113 114
113 214
113 324
113 409
113 482
114 113
114 140
114 214
114 297
114 478
115 116
115 238
115 261
115 297
115 468
116 115
116 254
116 257
116 261
116 483
117 105
117 120
117 132
117 297
117 442
118 98
118 108
118 119
118 154
118 470
119 118
119 154
119 158
119 442
119 456
120 117
120 132
120 297
120 438
120 448
121 122
121 132
121 248
121 333
121 464
122 68
122 121
122 138
122 248
122 417
123 124
123 125
123 269
123 456
123 480
124 123
124 125
124 233
124 248
124 346
125 52
125 123
125 124
125 126
125 489
126 83
126 125
126 127
126 279
126 383
127 126
127 129
127 264
127 400
127 490
128 275
128 359
128 373
128 428
128 472
129 127
129 131
129 252
129 264
129 462
130 42
130 159
130 160
130 162
130 164
131 129
131 134
131 364
131 370
131 498
132 117
132 120
132 121
132 297
132 495
133 70
133 71
133 179
133 187
133 228
134 131
134 135
134 157
134 264
134 492
135 134
135 137
135 138
135 148
135 436
136 168
136 186
136 188
136 192
136 193
137 135
137 138
137 264
137 355
137 475
138 122
138 135
138 137
138 139
138 403
139 2
139 138
139 140
139 347
139 498
140 114
140 139
140 341
140 461
140 478
141 190
141 231
141 384
141 392
141 465
142 143
142 190
142 380
142 410
142 454
143 30
143 35
143 142
143 311
143 316
144 145
144 147
144 208
144 336
144 443
145 59
145 144
145 147
145 319
145 435
146 27
146 148
146 150
146 151
146 346
147 144
147 145
147 191
147 316
147 436
148 135
148 146
148 150
148 151
148 242
149 229
149 233
149 423
149 475
149 488
150 146
150 148
150 242
150 338
150 371
151 146
151 148
151 242
151 491
151 499
152 153
152 155
152 169
152 192
152 242
153 152
153 155
153 310
153 494
153 497
154 108
154 118
154 119
154 158
154 274
155 152
155 153
155 180
155 310
155 460
156 157
156 310
156 461
156 474
156 490
157 17
157 134
157 156
157 488
157 492
158 119
158 154
158 186
158 365
158 430
159 130
159 160
159 371
159 397
159 436
160 60
160 130
160 159
160 410
160 496
161 164
161 190
161 390
161 473
161 482
162 130
162 163
162 165
162 252
162 462
163 162
163 165
163 358
163 366
163 456
164 130
164 161
164 165
164 199
164 463
165 162
165 163
165 164
165 220
165 319
166 62
166 100
166 222
166 362
166 477
167 168
167 181
167 243
167 384
167 482
168 136
168 167
168 237
168 243
168 498
169 54
169 152
169 170
169 171
169 189
170 169
170 171
170 481
170 484
170 489
171 169
171 170
171 172
171 201
171 296
172 171
172 173
172 236
172 330
172 497
173 61
173 172
173 175
173 404
173 423
174 175
174 176
174 214
174 296
174 333
175 173
175 174
175 176
175 219
175 330
176 105
176 174
176 175
176 178
176 442
177 102
177 105
177 179
177 393
177 434
178 176
178 183
178 191
178 461
178 488
179 73
179 74
179 75
179 133
179 177
179 451
180 76
180 155
180 189
180 300
180 309
180 414
181 167
181 299
181 336
181 338
181 423
181 483
182 51
182 247
182 275
182 357
182 370
182 373
183 178
183 191
183 416
183 420
183 460
183 473
184 250
184 279
184 280
184 414
184 425
184 433
185 186
185 188
185 366
185 442
185 456
185 460
186 101
186 136
186 158
186 185
186 188
186 484
187 20
187 23
187 24
187 26
187 133
187 500
188 136
188 185
188 186
188 192
188 475
188 487
189 59
189 102
189 169
189 180
189 258
189 368
190 141
190 142
190 161
190 231
190 473
190 483
191 147
191 178
191 183
191 291
191 371
191 436
192 136
192 152
192 188
192 193
192 195
192 407
193 136
193 192
193 195
193 197
193 344
193 365
194 230
194 244
194 246
194 255
194 356
194 383
195 192
195 193
195 196
195 197
195 230
195 480
196 35
196 195
196 197
196 201
196 253
196 476
197 21
197 193
197 195
197 196
197 201
197 248
198 68
198 204
198 208
198 291
198 429
198 477
199 72
199 164
199 258
199 260
199 265
199 463
200 229
200 232
200 233
200 310
200 388
200 423
201 171
201 196
201 197
201 202
201 215
201 333
202 201
202 203
202 206
202 295
202 380
202 385
203 202
203 205
203 206
203 407
203 480
203 485
204 198
204 208
204 245
204 398
204 433
204 455
205 203
205 206
205 207
205 212
205 474
205 490
206 202
206 203
206 205
206 207
206 369
206 430
207 30
207 205
207 206
207 212
207 312
207 478
208 144
208 198
208 204
208 212
208 329
208 443
209 211
209 220
209 353
209 357
209 401
209 421
210 211
210 229
210 306
210 361
210 404
210 464
211 209
211 210
211 220
211 276
211 306
211 364
212 205
212 207
212 208
212 312
212 443
212 475
213 215
213 216
213 312
213 450
213 474
213 486
214 42
214 112
214 113
214 114
214 174
214 296
215 201
215 213
215 216
215 412
215 479
215 493
216 213
216 215
216 217
216 230
216 312
216 480
217 48
217 216
217 218
217 294
217 312
217 487
218 48
218 217
218 309
218 332
218 433
218 440
219 175
219 223
219 224
219 227
219 330
219 445
220 165
220 209
220 211
220 306
220 328
220 498
221 86
221 225
221 306
221 327
221 359
221 363
222 166
222 237
222 344
222 392
222 445
222 495
223 219
223 224
223 227
223 344
223 365
223 476
224 48
224 219
224 223
224 227
224 366
224 456
225 86
225 221
225 335
225 429
225 438
225 448
226 300
226 313
226 322
226 323
226 397
226 484
227 219
227 223
227 224
227 232
227 277
227 500
228 69
228 70
228 92
228 133
228 329
228 484
229 149
229 200
229 210
229 232
229 404
229 481
230 86
230 194
230 195
230 216
230 244
230 480
231 30
231 141
231 190
231 461
231 488
231 498
232 200
232 227
232 229
232 262
232 496
232 500
233 99
233 124
233 149
233 200
233 235
233 394
234 258
234 263
234 265
234 272
234 379
234 446
235 99
235 233
235 388
235 389
235 454
235 462
236 172
236 241
236 249
236 388
236 454
236 497
237 49
237 100
237 168
237 222
237 419
237 481
238 115
238 253
238 254
238 257
238 455
238 500
239 287
239 292
239 295
239 398
239 422
239 447
240 241
240 249
240 320
240 394
240 454
240 477
241 236
241 240
241 249
241 384
241 420
241 473
242 67
242 148
242 150
242 151
242 152
242 443
243 54
243 100
243 167
243 168
243 339
243 488
244 59
244 194
244 230
244 246
244 341
244 435
245 25
245 26
245 27
245 28
245 204
245 398
246 194
246 244
246 255
246 424
246 449
246 452
247 182
247 275
247 295
247 373
247 380
247 497
248 121
248 122
248 124
248 197
248 447
248 500
249 236
249 240
249 241
249 310
249 384
249 423
250 184
250 279
250 308
250 404
250 485
250 492
251 54
251 253
251 320
251 325
251 354
251 432
252 43
252 44
252 46
252 47
252 129
252 162
253 196
253 238
253 251
253 311
253 320
253 325
254 116
254 238
254 320
254 369
254 430
254 485
255 194
255 246
255 260
255 376
255 415
255 464
256 31
256 60
256 382
256 389
256 390
256 478
257 116
257 238
257 325
257 421
257 428
257 447
258 72
258 189
258 199
258 234
258 260
258 485
259 291
259 300
259 328
259 330
259 350
259 386
260 58
260 199
260 255
260 258
260 446
260 478
261 115
261 116
261 268
261 465
261 474
261 490
262 232
262 268
262 269
262 468
262 473
262 496
263 72
263 234
263 265
263 301
263 334
263 459
264 127
264 129
264 134
264 137
264 276
264 319
265 107
265 199
265 234
265 263
265 494
265 497
266 301
266 303
266 322
266 399
266 449
266 476
267 13
267 34
267 392
267 405
267 453
267 469
268 74
268 261
268 262
268 269
268 363
268 470
269 4
269 123
269 262
269 268
269 363
269 480
270 3
270 273
270 317
270 367
270 388
270 417
271 17
271 47
271 272
271 309
271 340
271 396
272 93
272 234
272 271
272 288
272 309
272 463
273 3
273 270
273 367
273 397
273 483
273 484
274 154
274 276
274 283
274 419
274 429
274 486
275 128
275 182
275 247
275 314
275 326
275 346
275 483
276 211
276 264
276 274
276 283
276 367
276 429
276 498
277 227
277 281
277 293
277 302
277 305
277 479
277 500
278 8
278 385
278 392
278 411
278 412
278 429
278 464
279 65
279 126
279 184
279 250
279 280
279 293
279 414
280 5
280 184
280 279
280 414
280 426
280 476
280 491
281 277
281 290
281 293
281 294
281 302
281 305
281 470
282 110
282 373
282 387
282 402
282 410
282 420
282 486
283 8
283 274
283 276
283 317
283 429
283 449
283 457
284 106
284 107
284 297
284 382
284 410
284 454
284 499
285 8
285 19
285 286
285 305
285 460
285 466
285 496
286 19
286 110
286 285
286 288
286 300
286 395
286 444
287 239
287 292
287 295
287 296
287 420
287 447
287 473
288 19
288 81
288 272
288 286
288 289
288 395
288 463
289 44
289 90
289 288
289 292
289 395
290 38
290 39
290 40
290 281
290 299
290 381
290 420
291 191
291 198
291 259
291 316
291 351
291 377
291 409
292 23
292 239
292 287
292 289
292 408
292 447
292 464
293 277
293 279
293 281
293 294
293 414
293 479
293 492
294 217
294 281
294 293
294 302
294 305
294 307
294 487
295 202
295 239
295 247
295 287
295 296
295 298
295 301
296 171
296 174
296 214
296 287
296 295
296 301
296 303
297 114
297 115
297 117
297 120
297 132
297 284
297 454
298 295
298 334
298 337
298 369
298 380
298 393
298 399
299 17
299 181
299 290
299 338
299 395
299 397
299 470
300 180
300 226
300 259
300 286
300 328
300 350
300 444
301 263
301 266
301 295
301 296
301 303
301 428
301 459
302 277
302 281
302 294
302 305
302 307
302 476
302 492
303 266
303 296
303 301
303 323
303 349
303 449
303 493
304 341
304 376
304 383
304 389
304 390
304 402
304 409
305 277
305 281
305 285
305 294
305 302
305 307
305 460
306 86
306 210
306 211
306 220
306 221
306 345
306 468
307 294
307 302
307 305
307 318
307 326
308 250
308 330
308 344
308 362
308 397
308 475
308 497
309 111
309 180
309 218
309 271
309 272
309 332
309 396
310 17
310 153
310 155
310 156
310 200
310 249
310 423
311 143
311 253
311 327
311 345
311 398
311 443
311 475
312 207
312 212
312 213
312 216
312 217
312 441
312 481
313 226
313 322
313 323
313 367
313 447
313 460
313 466
314 17
314 49
314 51
314 52
314 275
314 340
314 352
315 112
315 344
315 347
315 365
315 370
315 380
315 429
316 30
316 95
316 143
316 147
316 291
316 392
316 423
317 4
317 270
317 283
317 363
317 367
317 457
317 484
318 54
318 307
318 324
318 326
318 332
318 354
318 499
319 145
319 165
319 264
319 336
319 417
319 423
319 474
320 240
320 251
320 253
320 254
320 384
320 394
320 462
321 95
321 96
321 101
321 104
321 391
321 440
321 489
322 74
322 226
322 266
322 313
322 323
322 381
322 470
323 226
323 303
323 313
323 322
323 372
323 375
323 495
324 113
324 318
324 332
324 334
324 399
324 402
324 425
324 482
325 99
325 251
325 253
325 257
325 384
325 393
325 451
325 482
326 96
326 275
326 307
326 318
326 332
326 334
326 399
326 402
327 221
327 311
327 333
327 343
327 398
327 467
327 475
327 496
328 10
328 28
328 220
328 259
328 300
328 350
328 446
328 471
329 56
329 67
329 68
329 208
329 228
329 447
329 453
329 469
330 172
330 175
330 219
330 259
330 308
330 350
330 362
330 454
331 16
331 333
331 375
331 385
331 414
331 463
331 466
331 468
332 111
332 218
332 309
332 318
332 324
332 326
332 334
332 399
333 121
333 174
333 201
333 327
333 331
333 385
333 443
333 460
334 263
334 298
334 324
334 326
334 332
334 378
334 399
334 459
335 225
335 337
335 339
335 340
335 369
335 393
336 144
336 181
336 319
336 338
336 384
336 386
336 423
336 465
337 46
337 298
337 335
337 339
337 369
337 393
337 437
337 485
338 48
338 150
338 181
338 299
338 336
338 397
338 460
338 466
339 243
339 335
339 337
339 340
339 362
339 369
339 372
339 488
340 271
340 314
340 335
340 339
340 352
340 372
340 393
340 489
341 140
341 244
341 304
341 376
341 390
341 409
341 435
341 493
342 348
342 349
342 351
342 352
342 353
342 372
342 437
342 485
343 327
343 345
343 403
343 404
343 429
343 463
343 475
343 477
344 193
344 222
344 223
344 308
344 315
344 362
344 397
344 497
345 88
345 306
345 311
345 343
345 398
345 433
345 443
345 468
346 25
346 27
346 124
346 146
346 275
346 359
346 366
346 396
347 1
347 91
347 139
347 315
347 365
347 380
347 413
347 414
348 14
348 15
348 16
348 29
348 96
348 342
348 437
348 485
349 303
349 342
349 351
349 352
349 353
349 436
349 449
349 493
350 31
350 259
350 300
350 328
350 330
350 362
350 377
350 497
351 104
351 291
351 342
351 349
351 352
351 353
351 372
351 494
352 47
352 314
352 340
352 342
352 349
352 351
352 353
352 372
353 209
353 342
353 349
353 351
353 352
353 355
353 357
353 401
354 251
354 318
354 355
354 360
354 361
354 368
354 465
354 485
355 6
355 137
355 353
355 354
355 360
355 361
355 368
355 475
356 12
356 22
356 41
356 50
356 53
356 57
356 194
356 383
357 33
357 36
357 182
357 209
357 353
357 365
357 370
357 373
358 163
358 360
358 361
358 368
358 390
358 440
358 481
358 500
359 13
359 27
359 128
359 221
359 346
359 363
359 366
359 396
360 354
360 355
360 358
360 361
360 368
360 372
360 375
360 445
361 79
361 210
361 354
361 355
361 358
361 360
361 368
361 453
362 166
362 308
362 330
362 339
362 344
362 350
362 461
362 488
363 221
363 268
363 269
363 317
363 359
363 467
363 470
363 482
364 131
364 211
364 391
364 405
364 452
364 457
364 470
364 471
364 498
365 158
365 193
365 223
365 315
365 347
365 357
365 370
365 380
365 417
366 1
366 14
366 95
366 163
366 185
366 224
366 346
366 359
366 396
367 3
367 34
367 270
367 273
367 276
367 313
367 317
367 414
367 466
368 189
368 354
368 355
368 358
368 360
368 361
368 376
368 408
368 415
369 37
369 206
369 254
369 298
369 335
369 337
369 339
369 372
369 497
370 77
370 110
370 131
370 182
370 315
370 357
370 365
370 467
370 486
371 4
371 150
371 159
371 191
371 411
371 418
371 419
371 428
371 462
372 323
372 339
372 340
372 342
372 351
372 352
372 360
372 369
372 375
373 39
373 41
373 45
373 128
373 182
373 247
373 282
373 357
373 383
374 14
374 53
374 381
374 386
374 394
374 441
374 468
374 486
374 496
375 323
375 331
375 360
375 372
375 394
375 441
375 460
375 463
375 468
376 255
376 304
376 341
376 368
376 382
376 390
376 402
376 409
376 464
377 78
377 291
377 350
377 383
377 387
377 402
377 410
377 426
377 448
378 334
378 403
378 428
378 432
378 445
378 449
378 459
378 464
378 485
379 50
379 234
379 381
379 386
379 394
379 442
379 446
379 478
379 487
380 102
380 142
380 202
380 247
380 298
380 315
380 347
380 365
380 417
381 53
381 290
381 322
381 374
381 379
381 386
381 394
381 441
381 470
382 7
382 35
382 67
382 256
382 284
382 376
382 408
382 433
382 475
383 126
383 194
383 304
383 356
383 373
383 377
383 402
383 409
383 499
384 141
384 167
384 241
384 249
384 320
384 325
384 336
384 465
384 483
385 202
385 278
385 331
385 333
385 392
385 412
385 460
385 463
385 479
386 22
386 259
386 336
386 374
386 379
386 381
386 389
386 442
386 465
387 69
387 282
387 377
387 406
387 408
387 410
387 420
387 469
387 472
388 77
388 99
388 200
388 235
388 236
388 270
388 417
388 454
388 485
389 11
389 50
389 235
389 256
389 304
389 386
389 390
389 442
389 463
390 161
390 256
390 304
390 341
390 358
390 376
390 389
390 482
390 491
391 321
391 364
391 405
391 441
391 452
391 470
391 471
391 489
391 494
392 15
392 29
392 141
392 222
392 267
392 278
392 316
392 385
392 492
393 177
393 298
393 325
393 335
393 337
393 340
393 399
393 413
393 434
394 233
394 240
394 320
394 374
394 375
394 379
394 381
394 441
394 468
395 90
395 286
395 288
395 289
395 299
395 405
395 447
395 469
395 472
396 36
396 271
396 309
396 346
396 359
396 366
396 460
397 109
397 159
397 226
397 273
397 299
397 308
397 338
397 344
397 484
398 204
398 239
398 245
398 311
398 327
398 345
398 422
398 433
398 443
399 266
399 298
399 324
399 326
399 332
399 334
399 393
399 476
399 479
400 73
400 127
400 415
400 416
400 421
400 431
400 432
400 446
400 479
401 36
401 209
401 353
401 405
401 407
401 412
401 424
401 452
401 470
402 282
402 304
402 324
402 326
402 376
402 377
402 383
402 409
402 411
402 483
403 63
403 138
403 343
403 378
403 437
403 438
403 440
403 476
403 477
403 484
404 173
404 210
404 229
404 250
404 343
404 413
404 414
404 425
404 426
404 436
405 267
405 364
405 391
405 395
405 401
405 412
405 452
405 469
405 470
405 472
406 387
406 413
406 430
406 437
406 438
406 440
406 469
406 472
406 476
406 485
407 192
407 203
407 401
407 412
407 415
407 417
407 424
407 437
407 452
407 479
408 18
408 23
408 292
408 368
408 382
408 387
408 410
408 420
408 453
408 473
409 113
409 291
409 304
409 341
409 376
409 383
409 402
409 426
409 494
409 497
410 46
410 142
410 160
410 282
410 284
410 377
410 387
410 408
410 420
410 454
411 9
411 278
411 371
411 402
411 419
411 427
411 453
411 473
411 482
411 500
412 95
412 215
412 278
412 385
412 401
412 405
412 407
412 415
412 424
412 479
413 1
413 91
413 347
413 393
413 404
413 406
413 425
413 426
413 430
413 436
414 180
414 184
414 279
414 280
414 293
414 331
414 347
414 367
414 404
414 480
415 7
415 255
415 368
415 400
415 407
415 412
415 424
415 446
415 464
415 479
416 183
416 400
416 421
416 431
416 439
416 446
416 469
416 473
416 498
417 46
417 122
417 270
417 319
417 365
417 380
417 388
417 407
417 423
417 427
418 19
418 70
418 111
418 371
418 419
418 427
418 428
418 462
418 479
418 492
419 38
419 104
419 237
419 274
419 371
419 411
419 418
419 427
419 462
419 494
420 183
420 241
420 282
420 287
420 290
420 387
420 408
420 410
420 439
420 457
421 209
421 257
421 400
421 416
421 431
421 446
421 447
421 453
421 469
421 479
422 239
422 398
422 434
422 435
422 439
422 444
422 478
422 493
422 497
422 500
423 149
423 173
423 181
423 200
423 249
423 310
423 316
423 319
423 336
423 417
424 246
424 401
424 407
424 412
424 415
424 452
424 479
424 493
424 497
424 500
425 63
425 184
425 324
425 404
425 413
425 426
425 436
425 476
425 486
425 496
426 280
426 377
426 404
426 409
426 413
426 425
426 429
426 430
426 436
426 494
427 411
427 417
427 418
427 419
427 431
427 453
427 471
427 473
427 491
427 499
428 128
428 257
428 301
428 371
428 378
428 418
428 459
428 462
428 473
428 476
429 62
429 198
429 225
429 274
429 276
429 278
429 283
429 315
429 343
429 426
429 477
430 11
430 37
430 158
430 206
430 254
430 406
430 413
430 426
430 436
430 438
430 476
431 400
431 416
431 421
431 427
431 446
431 469
431 471
431 491
431 497
431 499
432 251
432 378
432 400
432 445
432 449
432 450
432 461
432 464
432 474
432 485
432 490
433 72
433 87
433 184
433 204
433 218
433 345
433 382
433 398
433 443
433 462
433 492
434 24
434 177
434 393
434 422
434 435
434 439
434 444
434 451
434 478
434 497
434 500
435 59
435 145
435 244
435 341
435 422
435 434
435 439
435 444
435 456
435 497
435 499
436 135
436 147
436 159
436 191
436 349
436 404
436 413
436 425
436 426
436 430
436 493
437 84
437 337
437 342
437 348
437 403
437 406
437 407
437 438
437 440
437 476
437 478
438 71
438 89
438 120
438 225
438 403
438 406
438 430
438 437
438 440
438 442
438 476
439 416
439 420
439 422
439 434
439 435
439 444
439 450
439 456
439 473
439 497
440 218
440 321
440 358
440 403
440 406
440 437
440 438
440 441
440 445
440 481
440 485
441 31
441 63
441 312
441 374
441 375
441 381
441 391
441 394
441 440
441 468
441 481
442 11
442 90
442 105
442 117
442 119
442 176
442 185
442 379
442 386
442 389
442 438
443 67
443 144
443 208
443 212
443 242
443 311
443 333
443 345
443 398
443 433
443 476
444 3
444 110
444 286
444 300
444 422
444 434
444 435
444 439
444 450
444 456
444 465
445 94
445 106
445 219
445 222
445 360
445 378
445 432
445 440
445 461
445 464
445 485
446 234
446 260
446 328
446 379
446 400
446 415
446 416
446 421
446 431
446 469
446 479
447 90
447 94
447 239
447 248
447 257
447 287
447 292
447 313
447 329
447 395
447 421
447 453
448 71
448 89
448 120
448 225
448 377
448 450
448 457
448 458
448 459
448 465
448 471
448 484
449 246
449 266
449 283
449 303
449 349
449 378
449 432
449 452
449 461
449 464
449 469
449 485
450 28
450 73
450 213
450 432
450 439
450 444
450 448
450 456
450 458
450 459
450 465
450 474
451 24
451 179
451 325
451 434
451 455
451 472
451 481
451 489
451 490
451 492
451 494
451 499
452 246
452 364
452 391
452 401
452 405
452 407
452 424
452 449
452 457
452 470
452 471
452 493
453 55
453 56
453 267
453 329
453 361
453 408
453 411
453 421
453 427
453 447
453 458
453 473
454 2
454 32
454 99
454 142
454 235
454 236
454 240
454 284
454 297
454 330
454 388
454 410
455 21
455 204
455 238
455 451
455 472
455 477
455 481
455 489
455 492
455 494
455 499
455 500
456 44
456 119
456 123
456 163
456 185
456 224
456 435
456 439
456 444
456 450
456 458
456 459
456 465
457 283
457 317
457 364
457 420
457 448
457 452
457 458
457 459
457 461
457 470
457 471
457 484
457 493
458 6
458 64
458 66
458 448
458 450
458 453
458 456
458 457
458 459
458 465
458 475
458 484
458 487
459 80
459 263
459 301
459 334
459 378
459 428
459 448
459 450
459 456
459 457
459 458
459 465
459 484
460 155
460 183
460 185
460 285
460 305
460 313
460 333
460 338
460 375
460 385
460 396
460 463
460 475
461 140
461 156
461 178
461 231
461 362
461 432
461 445
461 449
461 457
461 464
461 469
461 471
461 488
462 47
462 48
462 53
462 108
462 129
462 162
462 235
462 320
462 371
462 418
462 419
462 428
462 433
463 81
463 93
463 164
463 199
463 272
463 288
463 331
463 343
463 375
463 385
463 389
463 460
463 491
464 121
464 210
464 255
464 278
464 292
464 376
464 378
464 415
464 432
464 445
464 449
464 461
464 485
465 141
465 261
465 336
465 354
465 384
465 386
465 444
465 448
465 450
465 456
465 458
465 459
465 484
466 285
466 313
466 331
466 338
466 367
466 467
466 483
466 487
466 488
466 490
466 492
466 495
466 496
466 498
467 13
467 327
467 363
467 370
467 466
467 483
467 486
467 487
467 488
467 490
467 492
467 495
467 498
467 499
468 30
468 50
468 86
468 88
468 98
468 115
468 262
468 306
468 331
468 345
468 374
468 375
468 394
468 441
469 58
469 112
469 267
469 329
469 387
469 395
469 405
469 406
469 416
469 421
469 431
469 446
469 449
469 461
470 118
470 268
470 281
470 299
470 322
470 363
470 364
470 381
470 391
470 401
470 405
470 452
470 457
470 471
470 484
471 55
471 328
471 364
471 391
471 427
471 431
471 448
471 452
471 457
471 461
471 470
471 484
471 491
471 499
472 15
472 112
472 128
472 387
472 395
472 405
472 406
472 451
472 455
472 477
472 481
472 489
472 492
472 494
472 499
473 13
473 161
473 183
473 190
473 241
473 262
473 287
473 408
473 411
473 416
473 427
473 428
473 439
473 453
473 496
474 54
474 156
474 205
474 213
474 261
474 319
474 432
474 450
474 477
474 480
474 482
474 486
474 489
474 491
474 493
474 500
475 31
475 66
475 137
475 149
475 188
475 212
475 308
475 311
475 327
475 343
475 355
475 382
475 458
475 460
475 477
475 487
476 5
476 75
476 196
476 223
476 266
476 280
476 302
476 399
476 403
476 406
476 425
476 428
476 430
476 437
476 438
476 443
477 15
477 166
477 198
477 240
477 343
477 403
477 429
477 455
477 472
477 474
477 475
477 480
477 481
477 486
477 489
477 494
478 58
478 114
478 140
478 207
478 256
478 260
478 379
478 422
478 434
478 437
478 480
478 482
478 491
478 493
478 497
478 500
479 70
479 75
479 215
479 277
479 293
479 385
479 399
479 400
479 407
479 412
479 415
479 418
479 421
479 424
479 446
479 492
480 64
480 123
480 195
480 203
480 216
480 230
480 269
480 414
480 474
480 477
480 478
480 482
480 486
480 491
480 493
480 500
481 32
481 103
481 170
481 229
481 237
481 312
481 358
481 440
481 441
481 451
481 455
481 472
481 477
481 486
481 494
481 498
481 499
482 113
482 161
482 167
482 324
482 325
482 363
482 390
482 411
482 474
482 478
482 480
482 483
482 486
482 489
482 491
482 493
482 500
483 116
483 181
483 190
483 273
483 275
483 384
483 402
483 466
483 467
483 482
483 487
483 488
483 490
483 492
483 494
483 498
483 499
484 51
484 101
484 170
484 186
484 226
484 228
484 273
484 317
484 397
484 403
484 448
484 457
484 458
484 459
484 465
484 470
484 471
485 24
485 203
485 250
485 254
485 258
485 337
485 342
485 348
485 354
485 378
485 388
485 406
485 432
485 440
485 445
485 449
485 464
486 77
486 90
486 213
486 274
486 282
486 370
486 374
486 425
486 467
486 474
486 477
486 480
486 481
486 482
486 489
486 491
486 494
487 34
487 188
487 217
487 294
487 379
487 458
487 466
487 467
487 475
487 483
487 488
487 490
487 495
487 496
487 498
488 149
488 157
488 178
488 231
488 243
488 339
488 362
488 461
488 466
488 467
488 483
488 487
488 490
488 495
488 496
488 498
489 8
489 49
489 52
489 79
489 125
489 170
489 321
489 340
489 391
489 451
489 455
489 472
489 474
489 477
489 482
489 486
489 494
489 499
490 12
490 127
490 156
490 205
490 261
490 432
490 451
490 466
490 467
490 483
490 487
490 488
490 495
490 496
490 498
491 69
491 100
491 151
491 280
491 390
491 427
491 431
491 463
491 471
491 474
491 478
491 480
491 482
491 486
491 493
491 497
491 499
491 500
492 134
492 157
492 250
492 293
492 302
492 392
492 418
492 433
492 451
492 455
492 466
492 467
492 472
492 479
492 483
492 494
492 498
492 499
493 25
493 108
493 215
493 303
493 341
493 349
493 422
493 424
493 436
493 452
493 457
493 474
493 478
493 480
493 482
493 491
493 497
493 500
494 20
494 107
494 153
494 265
494 351
494 391
494 409
494 419
494 426
494 451
494 455
494 472
494 477
494 481
494 483
494 486
494 489
494 492
494 499
495 22
495 29
495 80
495 106
495 132
495 222
495 323
495 466
495 467
495 487
495 488
495 490
495 496
495 498
496 14
496 160
496 232
496 262
496 285
496 327
496 374
496 425
496 466
496 473
496 487
496 488
496 490
496 495
496 498
497 153
497 172
497 236
497 247
497 265
497 308
497 344
497 350
497 369
497 409
497 422
497 424
497 431
497 434
497 435
497 439
497 478
497 491
497 493
497 500
498 2
498 131
498 139
498 168
498 220
498 231
498 276
498 364
498 416
498 466
498 467
498 481
498 483
498 487
498 488
498 490
498 492
498 495
498 496
499 55
499 69
499 100
499 151
499 284
499 318
499 383
499 427
499 431
499 435
499 451
499 455
499 467
499 471
499 472
499 481
499 483
499 489
499 491
499 492
499 494
500 8
500 49
500 187
500 227
500 232
500 238
500 248
500 277
500 358
500 411
500 422
500 424
500 434
500 455
500 474
500 478
500 480
500 482
500 491
500 493
500 497
