1 46
1 54
1 74
1 274
1 379
2 170
2 341
2 360
2 416
2 462
3 242
3 318
3 341
3 362
3 412
4 122
4 216
4 282
4 287
4 499
5 119
5 172
5 279
5 332
5 459
6 291
6 349
6 388
6 406
6 473
7 10
7 71
7 241
7 363
7 406
8 85
8 147
8 440
8 473
8 493
9 82
9 174
9 297
9 390
9 452
10 7
10 177
10 300
10 322
10 486
11 169
11 346
11 414
11 426
11 495
12 190
12 236
12 266
12 393
12 430
13 166
13 298
13 388
13 421
13 492
14 136
14 354
14 359
14 363
14 427
15 36
15 304
15 384
15 389
15 437
16 171
16 233
16 287
16 465
16 495
17 88
17 189
17 195
17 212
17 462
18 182
18 261
18 268
18 442
18 470
19 90
19 276
19 292
19 375
19 405
20 292
20 344
20 438
20 446
20 496
21 66
21 157
21 421
21 441
21 483
22 228
22 240
22 296
22 307
22 496
23 157
23 361
23 424
23 458
23 470
24 155
24 226
24 448
24 491
24 492
25 178
25 345
25 422
25 472
25 475
26 247
26 270
26 307
26 413
26 457
27 153
27 435
27 460
27 466
27 488
28 213
28 341
28 461
28 477
28 479
29 314
29 418
29 445
29 477
29 482
30 243
30 330
30 347
30 391
30 455
31 304
31 312
31 378
31 419
31 476
32 182
32 246
32 313
32 339
32 402
33 102
33 239
33 263
33 287
33 466
34 153
34 202
34 280
34 351
34 491
35 204
35 226
35 368
35 461
35 479
36 15
36 39
36 160
36 214
36 448
37 289
37 387
37 428
37 467
37 496
38 129
38 194
38 244
38 252
38 265
39 36
39 67
39 231
39 432
39 454
40 341
40 363
40 380
40 409
40 438
41 193
41 211
41 216
41 411
41 467
42 200
42 203
42 225
42 280
42 430
43 123
43 218
43 224
43 471
43 493
44 264
44 275
44 398
44 448
44 495
45 78
45 186
45 342
45 408
45 472
46 1
46 443
46 453
46 458
46 463
47 55
47 259
47 306
47 321
47 483
48 131
48 220
48 295
48 423
48 492
49 185
49 275
49 294
49 472
49 499
50 260
50 295
50 455
50 490
50 498
51 86
51 154
51 343
51 479
51 493
52 54
52 342
52 397
52 463
52 476
53 58
53 59
53 121
53 293
53 383
54 1
54 52
54 268
54 286
54 394
55 47
55 306
55 345
55 425
55 485
56 330
56 395
56 405
56 484
56 499
57 61
57 180
57 372
57 382
57 464
58 53
58 122
58 157
58 359
58 472
59 53
59 77
59 407
59 433
59 451
60 123
60 124
60 128
60 234
60 482
61 57
61 278
61 285
61 408
61 494
62 133
62 431
62 456
62 465
62 496
63 76
63 100
63 151
63 415
63 421
64 285
64 301
64 416
64 420
64 425
65 159
65 219
65 366
65 463
65 482
66 21
66 78
66 263
66 370
66 479
67 39
67 185
67 224
67 444
67 464
68 186
68 201
68 219
68 461
68 464
69 228
69 292
69 353
69 374
69 476
70 198
70 240
70 288
70 351
70 451
71 7
71 175
71 256
71 390
71 400
72 75
72 233
72 324
72 373
72 490
73 209
73 258
73 387
73 398
73 400
74 1
74 179
74 310
74 354
74 478
75 72
75 369
75 455
75 478
75 481
76 63
76 356
76 456
76 465
76 486
77 59
77 158
77 205
77 431
77 473
78 45
78 66
78 303
78 434
78 494
79 167
79 452
79 466
79 473
79 500
80 99
80 120
80 221
80 385
80 484
81 117
81 162
81 207
81 346
81 398
82 9
82 299
82 311
82 352
82 487
83 196
83 364
83 376
83 398
83 482
84 85
84 303
84 381
84 396
84 421
85 8
85 84
85 359
85 435
85 492
86 51
86 443
86 448
86 486
86 490
87 150
87 277
87 312
87 481
87 489
88 17
88 272
88 280
88 327
88 350
89 117
89 203
89 336
89 380
89 409
90 19
90 284
90 296
90 340
90 446
91 120
91 227
91 333
91 450
91 468
92 310
92 394
92 479
92 483
92 494
93 218
93 304
93 334
93 364
93 484
94 114
94 262
94 277
94 390
94 474
95 97
95 299
95 416
95 485
95 496
96 202
96 287
96 322
96 426
96 435
97 95
97 153
97 328
97 421
97 477
98 108
98 314
98 358
98 396
98 493
99 80
99 217
99 339
99 379
99 420
100 63
100 134
100 167
100 380
100 485
101 181
101 262
101 279
101 365
101 385
102 33
102 105
102 249
102 403
102 492
103 174
103 342
103 462
103 476
103 485
104 340
104 345
104 477
104 487
104 489
105 102
105 153
105 383
105 405
105 481
106 271
106 301
106 441
106 442
106 476
107 179
107 217
107 301
107 468
107 493
108 98
108 323
108 381
108 423
108 465
109 214
109 231
109 301
109 379
109 414
110 181
110 288
110 361
110 424
110 458
111 124
111 141
111 216
111 473
111 485
112 115
112 325
112 397
112 406
112 490
113 147
113 153
113 229
113 459
113 488
114 94
114 262
114 342
114 358
114 374
115 112
115 205
115 330
115 486
115 491
116 386
116 443
116 447
116 479
116 483
117 81
117 89
117 197
117 236
117 452
118 358
118 366
118 392
118 401
118 451
119 5
119 210
119 423
119 471
119 477
120 80
120 91
120 164
120 223
120 480
121 53
121 159
121 185
121 299
121 450
122 4
122 58
122 211
122 247
122 471
123 43
123 60
123 239
123 476
123 483
124 60
124 111
124 400
124 461
124 466
125 315
125 353
125 420
125 432
125 438
126 191
126 201
126 218
126 464
126 484
127 178
127 217
127 245
127 355
127 411
128 60
128 384
128 424
128 462
128 484
129 38
129 366
129 411
129 424
129 437
130 337
130 369
130 390
130 480
130 482
131 48
131 337
131 388
131 389
131 487
132 413
132 414
132 462
132 463
132 472
133 62
133 315
133 419
133 486
133 488
134 100
134 248
134 435
134 461
134 474
135 198
135 395
135 417
135 422
135 493
136 14
136 186
136 351
136 415
136 499
137 141
137 144
137 394
137 446
137 452
138 320
138 377
138 456
138 459
138 500
139 353
139 390
139 406
139 412
139 494
140 375
140 400
140 413
140 486
140 496
141 111
141 137
141 297
141 405
141 409
142 289
142 413
142 420
142 469
142 483
143 256
143 435
143 467
143 469
143 481
144 137
144 166
144 224
144 314
144 433
145 180
145 280
145 292
145 334
145 374
146 329
146 357
146 429
146 472
146 490
147 8
147 113
147 240
147 343
147 374
148 329
148 351
148 455
148 463
148 476
149 230
149 354
149 358
149 451
149 498
150 87
150 377
150 422
150 437
150 441
151 63
151 267
151 396
151 407
151 482
152 180
152 216
152 398
152 412
152 445
153 27
153 34
153 97
153 105
153 113
154 51
154 196
154 255
154 417
154 493
155 24
155 371
155 447
155 466
155 483
156 350
156 388
156 400
156 465
156 479
157 21
157 23
157 58
157 292
157 402
158 77
158 318
158 447
158 482
158 491
159 65
159 121
159 303
159 457
159 487
160 36
160 318
160 352
160 450
160 454
161 188
161 218
161 381
161 384
161 386
162 81
162 379
162 410
162 449
162 464
163 242
163 264
163 283
163 319
163 462
164 120
164 270
164 380
164 437
164 470
165 246
165 263
165 329
165 392
165 399
166 13
166 144
166 192
166 447
166 500
167 79
167 100
167 188
167 402
167 445
168 209
168 370
168 460
168 480
168 489
169 11
169 251
169 266
169 362
169 460
169 464
170 2
170 259
170 301
170 355
170 416
170 444
171 16
171 189
171 196
171 364
171 396
171 407
172 5
172 235
172 325
172 403
172 414
172 425
173 389
173 401
173 417
173 445
173 465
173 484
174 9
174 103
174 326
174 376
174 439
174 474
175 71
175 238
175 314
175 403
175 485
175 500
176 184
176 209
176 269
176 273
176 285
176 489
177 10
177 278
177 283
177 289
177 379
177 460
178 25
178 127
178 367
178 398
178 421
178 490
179 74
179 107
179 324
179 382
179 427
179 466
180 57
180 145
180 152
180 295
180 427
180 444
181 101
181 110
181 183
181 256
181 363
181 447
182 18
182 32
182 351
182 450
182 453
182 469
183 181
183 355
183 370
183 399
183 456
183 479
184 176
184 328
184 361
184 481
184 487
184 489
185 49
185 67
185 121
185 213
185 335
185 347
186 45
186 68
186 136
186 361
186 481
186 496
187 189
187 195
187 231
187 405
187 408
187 410
188 161
188 167
188 269
188 339
188 415
188 421
189 17
189 171
189 187
189 401
189 446
189 454
190 12
190 297
190 368
190 406
190 445
190 494
191 126
191 208
191 453
191 478
191 486
191 493
192 166
192 357
192 369
192 407
192 429
192 430
193 41
193 255
193 431
193 461
193 479
193 490
194 38
194 258
194 260
194 272
194 290
194 419
195 17
195 187
195 366
195 431
195 476
195 478
196 83
196 154
196 171
196 432
196 454
196 461
197 117
197 234
197 235
197 341
197 380
197 472
198 70
198 135
198 199
198 302
198 422
198 464
199 198
199 278
199 348
199 413
199 467
199 494
200 42
200 220
200 259
200 279
200 301
200 470
201 68
201 126
201 313
201 318
201 348
201 487
202 34
202 96
202 213
202 381
202 443
202 456
203 42
203 89
203 260
203 264
203 311
203 415
204 35
204 237
204 238
204 276
204 423
204 481
205 77
205 115
205 240
205 291
205 372
205 500
206 214
206 295
206 409
206 442
206 449
206 451
207 81
207 215
207 372
207 473
207 486
207 498
208 191
208 333
208 349
208 430
208 434
208 448
209 73
209 168
209 176
209 323
209 420
209 497
210 119
210 266
210 284
210 412
210 459
210 480
211 41
211 122
211 327
211 383
211 470
211 498
212 17
212 382
212 392
212 443
212 484
212 498
213 28
213 185
213 202
213 418
213 459
213 480
214 36
214 109
214 206
214 449
214 458
214 477
215 207
215 236
215 254
215 380
215 435
215 498
216 4
216 41
216 111
216 152
216 297
216 469
217 99
217 107
217 127
217 399
217 416
217 439
218 43
218 93
218 126
218 161
218 415
218 483
219 65
219 68
219 336
219 389
219 483
219 493
220 48
220 200
220 384
220 415
220 435
220 468
221 80
221 223
221 230
221 385
221 453
221 484
222 283
222 307
222 366
222 369
222 375
222 430
223 120
223 221
223 228
223 311
223 448
223 469
224 43
224 67
224 144
224 305
224 438
224 440
225 42
225 237
225 266
225 447
225 471
225 485
226 24
226 35
226 270
226 328
226 382
226 393
227 91
227 291
227 308
227 372
227 397
227 488
228 22
228 69
228 223
228 298
228 384
228 441
229 113
229 291
229 351
229 410
229 414
229 497
230 149
230 221
230 325
230 401
230 423
230 440
231 39
231 109
231 187
231 342
231 388
231 434
232 253
232 304
232 371
232 434
232 461
232 471
233 16
233 72
233 346
233 439
233 451
233 474
234 60
234 197
234 377
234 464
234 474
234 497
235 172
235 197
235 304
235 326
235 446
235 456
236 12
236 117
236 215
236 263
236 458
236 475
237 204
237 225
237 317
237 349
237 385
237 450
238 175
238 204
238 248
238 318
238 408
238 496
239 33
239 123
239 293
239 346
239 480
239 497
240 22
240 70
240 147
240 205
240 361
240 432
241 7
241 320
241 353
241 401
241 488
241 492
242 3
242 163
242 360
242 386
242 392
242 444
243 30
243 354
243 366
243 384
243 399
243 465
244 38
244 247
244 252
244 321
244 468
244 474
245 127
245 247
245 378
245 412
245 435
245 446
246 32
246 165
246 394
246 447
246 453
246 487
247 26
247 122
247 244
247 245
247 349
247 418
248 134
248 238
248 344
248 376
248 377
248 497
249 102
249 329
249 394
249 443
249 478
249 498
250 290
250 331
250 401
250 467
250 486
250 488
251 169
251 386
251 411
251 437
251 473
251 476
252 38
252 244
252 300
252 333
252 363
252 381
253 232
253 294
253 330
253 351
253 444
253 489
254 215
254 297
254 433
254 459
254 488
254 493
255 154
255 193
255 262
255 278
255 407
255 493
256 71
256 143
256 181
256 338
256 364
256 448
257 307
257 332
257 334
257 372
257 404
257 427
258 73
258 194
258 317
258 441
258 452
258 472
259 47
259 170
259 200
259 379
259 396
259 469
260 50
260 194
260 203
260 399
260 424
260 499
261 18
261 294
261 360
261 451
261 457
261 478
262 94
262 101
262 114
262 255
262 340
262 402
263 33
263 66
263 165
263 236
263 405
263 419
264 44
264 163
264 203
264 366
264 387
264 454
265 38
265 267
265 360
265 389
265 447
265 476
266 12
266 169
266 210
266 225
266 312
266 487
267 151
267 265
267 288
267 317
267 481
267 484
268 18
268 54
268 310
268 332
268 434
268 452
269 176
269 188
269 324
269 364
269 375
269 455
270 26
270 164
270 226
270 410
270 457
270 490
271 106
271 325
271 387
271 424
271 434
271 469
272 88
272 194
272 368
272 418
272 490
272 496
273 176
273 350
273 371
273 460
273 468
273 499
274 1
274 275
274 404
274 425
274 473
274 491
275 44
275 49
275 274
275 304
275 422
275 498
276 19
276 204
276 341
276 417
276 425
276 463
277 87
277 94
277 282
277 296
277 344
277 436
278 61
278 177
278 199
278 255
278 289
278 308
278 361
279 5
279 101
279 200
279 360
279 377
279 432
279 446
280 34
280 42
280 88
280 145
280 397
280 449
280 497
281 294
281 346
281 353
281 422
281 455
281 466
281 500
282 4
282 277
282 428
282 433
282 438
282 470
282 473
283 163
283 177
283 222
283 426
283 455
283 458
283 481
284 90
284 210
284 457
284 464
284 469
284 482
284 499
285 61
285 64
285 176
285 331
285 388
285 394
285 438
286 54
286 309
286 312
286 391
286 469
286 474
286 477
287 4
287 16
287 33
287 96
287 337
287 343
287 477
288 70
288 110
288 267
288 310
288 403
288 451
288 496
289 37
289 142
289 177
289 278
289 447
289 486
289 499
290 194
290 250
290 316
290 438
290 463
290 475
290 496
291 6
291 205
291 227
291 229
291 317
291 387
291 432
292 19
292 20
292 69
292 145
292 157
292 324
292 429
293 53
293 239
293 306
293 428
293 489
293 495
293 497
294 49
294 253
294 261
294 281
294 305
294 428
294 467
295 48
295 50
295 180
295 206
295 462
295 463
295 471
296 22
296 90
296 277
296 386
296 427
296 436
296 500
297 9
297 141
297 190
297 216
297 254
297 358
297 466
298 13
298 228
298 442
298 445
298 449
298 475
298 483
299 82
299 95
299 121
299 321
299 349
299 434
299 484
300 10
300 252
300 303
300 314
300 335
300 426
300 491
301 64
301 106
301 107
301 109
301 170
301 200
301 335
302 198
302 305
302 418
302 452
302 473
302 478
302 497
303 78
303 84
303 159
303 300
303 433
303 479
303 499
304 15
304 31
304 93
304 232
304 235
304 275
304 482
305 224
305 294
305 302
305 309
305 403
305 414
305 498
306 47
306 55
306 293
306 416
306 469
306 489
306 494
307 22
307 26
307 222
307 257
307 405
307 451
307 484
308 227
308 278
308 316
308 388
308 431
308 449
308 471
309 286
309 305
309 361
309 382
309 428
309 462
309 470
310 74
310 92
310 268
310 288
310 334
310 462
310 473
311 82
311 203
311 223
311 321
311 334
311 343
311 488
312 31
312 87
312 266
312 286
312 442
312 450
312 463
313 32
313 201
313 316
313 327
313 457
313 477
313 486
314 29
314 98
314 144
314 175
314 300
314 393
314 472
315 125
315 133
315 415
315 454
315 472
315 498
315 500
316 290
316 308
316 313
316 372
316 406
316 417
316 477
317 237
317 258
317 267
317 291
317 442
317 445
317 488
318 3
318 158
318 160
318 201
318 238
318 381
318 440
319 163
319 333
319 390
319 404
319 440
319 468
319 480
320 138
320 241
320 362
320 409
320 444
320 472
320 494
321 47
321 244
321 299
321 311
321 461
321 491
321 493
322 10
322 96
322 326
322 376
322 382
322 474
322 496
323 108
323 209
323 345
323 358
323 402
323 473
323 488
324 72
324 179
324 269
324 292
324 385
324 411
324 464
325 112
325 172
325 230
325 271
325 348
325 486
325 496
326 174
326 235
326 322
326 339
326 386
326 438
326 439
327 88
327 211
327 313
327 328
327 370
327 475
327 497
328 97
328 184
328 226
328 327
328 384
328 410
328 458
329 146
329 148
329 165
329 249
329 336
329 406
329 500
330 30
330 56
330 115
330 253
330 432
330 461
330 491
331 250
331 285
331 332
331 382
331 438
331 469
331 480
332 5
332 257
332 268
332 331
332 383
332 427
332 439
333 91
333 208
333 252
333 319
333 391
333 402
333 420
334 93
334 145
334 257
334 310
334 311
334 473
334 481
335 185
335 300
335 301
335 362
335 393
335 468
335 476
336 89
336 219
336 329
336 353
336 415
336 494
336 495
337 130
337 131
337 287
337 465
337 482
337 491
337 495
338 256
338 414
338 419
338 436
338 444
338 469
338 485
339 32
339 99
339 188
339 326
339 423
339 446
339 498
340 90
340 104
340 262
340 422
340 472
340 482
340 487
341 2
341 3
341 28
341 40
341 197
341 276
341 385
342 45
342 52
342 103
342 114
342 231
342 413
342 475
343 51
343 147
343 287
343 311
343 426
343 478
343 482
343 489
344 20
344 248
344 277
344 345
344 441
344 450
344 459
344 492
345 25
345 55
345 104
345 323
345 344
345 360
345 413
345 490
346 11
346 81
346 233
346 239
346 281
346 350
346 367
346 470
347 30
347 185
347 372
347 403
347 426
347 452
347 454
347 471
348 199
348 201
348 325
348 352
348 357
348 433
348 486
348 492
349 6
349 208
349 237
349 247
349 299
349 381
349 385
349 489
350 88
350 156
350 273
350 346
350 355
350 356
350 429
350 499
351 34
351 70
351 136
351 148
351 182
351 229
351 253
351 357
352 82
352 160
352 348
352 389
352 419
352 424
352 434
352 489
353 69
353 125
353 139
353 241
353 281
353 336
353 449
353 454
354 14
354 74
354 149
354 243
354 381
354 430
354 459
354 497
355 127
355 170
355 183
355 350
355 376
355 430
355 443
355 453
356 76
356 350
356 367
356 377
356 411
356 421
356 484
356 497
357 146
357 192
357 348
357 351
357 412
357 449
357 471
357 495
358 98
358 114
358 118
358 149
358 297
358 323
358 391
358 408
359 14
359 58
359 85
359 396
359 439
359 447
359 466
359 475
360 2
360 242
360 261
360 265
360 279
360 345
360 446
360 451
361 23
361 110
361 184
361 186
361 240
361 278
361 309
361 383
362 3
362 169
362 320
362 335
362 371
362 435
362 442
362 460
363 7
363 14
363 40
363 181
363 252
363 383
363 424
363 445
364 83
364 93
364 171
364 256
364 269
364 410
364 446
364 453
365 101
365 383
365 465
365 467
365 478
365 488
365 492
365 495
366 65
366 118
366 129
366 195
366 222
366 243
366 264
366 417
367 178
367 346
367 356
367 398
367 418
367 457
367 473
367 481
368 35
368 190
368 272
368 387
368 455
368 468
368 493
368 498
369 75
369 130
369 192
369 222
369 407
369 425
369 482
369 484
370 66
370 168
370 183
370 327
370 397
370 424
370 466
370 474
371 155
371 232
371 273
371 362
371 387
371 402
371 495
371 500
372 57
372 205
372 207
372 227
372 257
372 316
372 347
372 491
373 72
373 378
373 410
373 442
373 458
373 468
373 492
373 497
374 69
374 114
374 145
374 147
374 397
374 421
374 424
374 464
375 19
375 140
375 222
375 269
375 379
375 382
375 441
375 476
376 83
376 174
376 248
376 322
376 355
376 378
376 388
376 431
377 138
377 150
377 234
377 248
377 279
377 356
377 429
377 437
378 31
378 245
378 373
378 376
378 393
378 419
378 439
378 465
378 500
379 1
379 99
379 109
379 162
379 177
379 259
379 375
379 406
379 441
380 40
380 89
380 100
380 164
380 197
380 215
380 437
380 455
380 460
381 84
381 108
381 161
381 202
381 252
381 318
381 349
381 354
381 418
382 57
382 179
382 212
382 226
382 309
382 322
382 331
382 375
382 433
383 53
383 105
383 211
383 332
383 361
383 363
383 365
383 463
383 471
384 15
384 128
384 161
384 220
384 228
384 243
384 328
384 457
384 496
385 80
385 101
385 221
385 237
385 324
385 341
385 349
385 388
385 465
386 116
386 161
386 242
386 251
386 296
386 326
386 477
386 479
386 491
387 37
387 73
387 264
387 271
387 291
387 368
387 371
387 439
387 444
388 6
388 13
388 131
388 156
388 231
388 285
388 308
388 376
388 385
389 15
389 131
389 173
389 219
389 265
389 352
389 395
389 399
389 404
390 9
390 71
390 94
390 130
390 139
390 319
390 396
390 468
390 474
391 30
391 286
391 333
391 358
391 392
391 397
391 436
391 442
391 483
392 118
392 165
392 212
392 242
392 391
392 413
392 431
392 472
392 488
393 12
393 226
393 314
393 335
393 378
393 409
393 412
393 430
393 450
394 54
394 92
394 137
394 246
394 249
394 285
394 395
394 458
394 461
395 56
395 135
395 389
395 394
395 407
395 463
395 472
395 481
395 482
396 84
396 98
396 151
396 171
396 259
396 359
396 390
396 429
396 494
397 52
397 112
397 227
397 280
397 370
397 374
397 391
397 441
397 492
398 44
398 73
398 81
398 83
398 152
398 178
398 367
398 427
398 429
399 165
399 183
399 217
399 243
399 260
399 389
399 456
399 490
399 500
400 71
400 73
400 124
400 140
400 156
400 409
400 436
400 449
400 454
401 118
401 173
401 189
401 230
401 241
401 250
401 426
401 445
401 497
402 32
402 157
402 167
402 262
402 323
402 333
402 371
402 429
402 459
403 102
403 172
403 175
403 288
403 305
403 347
403 468
403 492
403 495
404 257
404 274
404 319
404 389
404 407
404 417
404 474
404 480
404 485
404 499
405 19
405 56
405 105
405 141
405 187
405 263
405 307
405 445
405 467
405 499
406 6
406 7
406 112
406 139
406 190
406 316
406 329
406 379
406 422
406 482
407 59
407 151
407 171
407 192
407 255
407 369
407 395
407 404
407 478
407 489
408 45
408 61
408 187
408 238
408 358
408 413
408 434
408 470
408 482
408 488
409 40
409 89
409 141
409 206
409 320
409 393
409 400
409 416
409 487
409 495
410 162
410 187
410 229
410 270
410 328
410 364
410 373
410 449
410 489
410 499
411 41
411 127
411 129
411 251
411 324
411 356
411 437
411 446
411 469
411 474
412 3
412 139
412 152
412 210
412 245
412 357
412 393
412 427
412 440
412 456
413 26
413 132
413 140
413 142
413 199
413 342
413 345
413 392
413 408
413 481
414 11
414 109
414 132
414 172
414 229
414 305
414 338
414 418
414 420
414 478
415 63
415 136
415 188
415 203
415 218
415 220
415 315
415 336
415 432
415 460
416 2
416 64
416 95
416 170
416 217
416 306
416 409
416 455
416 456
416 496
417 135
417 154
417 173
417 276
417 316
417 366
417 404
417 428
417 444
417 462
418 29
418 213
418 247
418 272
418 302
418 367
418 381
418 414
418 426
418 435
419 31
419 133
419 194
419 263
419 338
419 352
419 378
419 427
419 448
419 451
420 64
420 99
420 125
420 142
420 209
420 333
420 414
420 429
420 457
420 459
420 491
421 13
421 21
421 63
421 84
421 97
421 178
421 188
421 356
421 374
421 429
421 454
422 25
422 135
422 150
422 198
422 275
422 281
422 340
422 406
422 423
422 426
422 495
423 48
423 108
423 119
423 204
423 230
423 339
423 422
423 424
423 448
423 470
423 483
424 23
424 110
424 128
424 129
424 260
424 271
424 352
424 363
424 370
424 374
424 423
425 55
425 64
425 172
425 274
425 276
425 369
425 427
425 429
425 437
425 454
425 481
426 11
426 96
426 283
426 300
426 343
426 347
426 401
426 418
426 422
426 444
426 468
427 14
427 179
427 180
427 257
427 296
427 332
427 398
427 412
427 419
427 425
427 467
428 37
428 282
428 293
428 294
428 309
428 417
428 436
428 440
428 481
428 495
428 497
429 146
429 192
429 292
429 350
429 377
429 396
429 398
429 402
429 420
429 421
429 425
430 12
430 42
430 192
430 208
430 222
430 354
430 355
430 393
430 452
430 490
430 500
431 62
431 77
431 193
431 195
431 308
431 376
431 392
431 449
431 455
431 464
431 479
432 39
432 125
432 196
432 240
432 279
432 291
432 330
432 415
432 460
432 474
432 492
433 59
433 144
433 254
433 282
433 303
433 348
433 382
433 442
433 446
433 448
433 468
434 78
434 208
434 231
434 232
434 268
434 271
434 299
434 352
434 408
434 495
434 500
435 27
435 85
435 96
435 134
435 143
435 215
435 220
435 245
435 362
435 418
435 494
436 277
436 296
436 338
436 391
436 400
436 428
436 444
436 457
436 493
436 497
436 500
437 15
437 129
437 150
437 164
437 251
437 377
437 380
437 411
437 425
437 457
437 475
438 20
438 40
438 125
438 224
438 282
438 285
438 290
438 326
438 331
438 460
438 497
439 174
439 217
439 233
439 326
439 332
439 359
439 378
439 387
439 458
439 479
439 499
440 8
440 224
440 230
440 318
440 319
440 412
440 428
440 458
440 459
440 465
440 467
441 21
441 106
441 150
441 228
441 258
441 344
441 375
441 379
441 397
441 463
441 467
441 469
442 18
442 106
442 206
442 298
442 312
442 317
442 362
442 373
442 391
442 433
442 492
442 499
443 46
443 86
443 116
443 202
443 212
443 249
443 355
443 452
443 460
443 470
443 477
443 494
444 67
444 170
444 180
444 242
444 253
444 320
444 338
444 387
444 417
444 426
444 436
444 483
445 29
445 152
445 167
445 173
445 190
445 298
445 317
445 363
445 401
445 405
445 450
445 453
446 20
446 90
446 137
446 189
446 235
446 245
446 279
446 339
446 360
446 364
446 411
446 433
447 116
447 155
447 158
447 166
447 181
447 225
447 246
447 265
447 289
447 359
447 458
447 478
448 24
448 36
448 44
448 86
448 208
448 223
448 256
448 419
448 423
448 433
448 475
448 480
449 162
449 206
449 214
449 280
449 298
449 308
449 353
449 357
449 400
449 410
449 431
449 493
450 91
450 121
450 160
450 182
450 237
450 312
450 344
450 393
450 445
450 459
450 470
450 471
451 59
451 70
451 118
451 149
451 206
451 233
451 261
451 288
451 307
451 360
451 419
451 460
452 9
452 79
452 117
452 137
452 258
452 268
452 302
452 347
452 430
452 443
452 474
452 477
453 46
453 182
453 191
453 221
453 246
453 355
453 364
453 445
453 456
453 457
453 463
453 465
453 497
454 39
454 160
454 189
454 196
454 264
454 315
454 347
454 353
454 400
454 421
454 425
454 466
454 498
455 30
455 50
455 75
455 148
455 269
455 281
455 283
455 368
455 380
455 416
455 431
455 459
455 488
456 62
456 76
456 138
456 183
456 202
456 235
456 399
456 412
456 416
456 453
456 462
456 495
456 499
457 26
457 159
457 261
457 270
457 284
457 313
457 367
457 384
457 420
457 436
457 437
457 453
457 460
458 23
458 46
458 110
458 214
458 236
458 283
458 328
458 373
458 394
458 439
458 440
458 447
458 478
459 5
459 113
459 138
459 210
459 213
459 254
459 344
459 354
459 402
459 420
459 440
459 450
459 455
460 27
460 168
460 169
460 177
460 273
460 362
460 380
460 415
460 432
460 438
460 443
460 451
460 457
460 488
461 28
461 35
461 68
461 124
461 134
461 193
461 196
461 232
461 321
461 330
461 394
461 466
461 476
461 491
462 2
462 17
462 103
462 128
462 132
462 163
462 295
462 309
462 310
462 417
462 456
462 480
462 485
462 500
463 46
463 52
463 65
463 132
463 148
463 276
463 290
463 295
463 312
463 383
463 395
463 441
463 453
463 496
464 57
464 67
464 68
464 126
464 162
464 169
464 198
464 234
464 284
464 324
464 374
464 431
464 485
464 487
465 16
465 62
465 76
465 108
465 156
465 173
465 243
465 337
465 365
465 378
465 385
465 440
465 453
465 491
466 27
466 33
466 79
466 124
466 155
466 179
466 281
466 297
466 359
466 370
466 454
466 461
466 472
466 491
467 37
467 41
467 143
467 199
467 250
467 294
467 365
467 405
467 427
467 440
467 441
467 480
467 493
467 498
468 91
468 107
468 220
468 244
468 273
468 319
468 335
468 368
468 373
468 390
468 403
468 426
468 433
468 475
469 142
469 143
469 182
469 216
469 223
469 259
469 271
469 284
469 286
469 306
469 331
469 338
469 411
469 441
470 18
470 23
470 164
470 200
470 211
470 282
470 309
470 346
470 408
470 423
470 443
470 450
470 478
470 490
470 494
471 43
471 119
471 122
471 225
471 232
471 295
471 308
471 347
471 357
471 383
471 450
471 475
471 484
471 485
471 499
472 25
472 45
472 49
472 58
472 132
472 146
472 197
472 258
472 314
472 315
472 320
472 340
472 392
472 395
472 466
473 6
473 8
473 77
473 79
473 111
473 207
473 251
473 274
473 282
473 302
473 310
473 323
473 334
473 367
473 475
474 94
474 134
474 174
474 233
474 234
474 244
474 286
474 322
474 370
474 390
474 404
474 411
474 432
474 452
474 483
475 25
475 236
475 290
475 298
475 327
475 342
475 359
475 437
475 448
475 468
475 471
475 473
475 484
475 485
475 498
476 31
476 52
476 69
476 103
476 106
476 123
476 148
476 195
476 251
476 265
476 335
476 375
476 461
476 487
476 495
477 28
477 29
477 97
477 104
477 119
477 214
477 286
477 287
477 313
477 316
477 386
477 443
477 452
477 488
477 489
477 490
478 74
478 75
478 191
478 195
478 249
478 261
478 302
478 343
478 365
478 407
478 414
478 447
478 458
478 470
478 479
478 499
479 28
479 35
479 51
479 66
479 92
479 116
479 156
479 183
479 193
479 303
479 386
479 431
479 439
479 478
479 491
479 495
480 120
480 130
480 168
480 210
480 213
480 239
480 319
480 331
480 404
480 448
480 462
480 467
480 484
480 490
480 494
480 498
481 75
481 87
481 105
481 143
481 184
481 186
481 204
481 267
481 283
481 334
481 367
481 395
481 413
481 425
481 428
481 497
482 29
482 60
482 65
482 83
482 130
482 151
482 158
482 284
482 304
482 337
482 340
482 343
482 369
482 395
482 406
482 408
483 21
483 47
483 92
483 116
483 123
483 142
483 155
483 218
483 219
483 298
483 391
483 423
483 444
483 474
483 487
483 500
484 56
484 80
484 93
484 126
484 128
484 173
484 212
484 221
484 267
484 299
484 307
484 356
484 369
484 471
484 475
484 480
485 55
485 95
485 100
485 103
485 111
485 175
485 225
485 338
485 404
485 462
485 464
485 471
485 475
485 492
485 498
485 500
486 10
486 76
486 86
486 115
486 133
486 140
486 191
486 207
486 250
486 289
486 313
486 325
486 348
486 487
486 489
486 490
487 82
487 104
487 131
487 159
487 184
487 201
487 246
487 266
487 340
487 409
487 464
487 476
487 483
487 486
487 496
487 500
488 27
488 113
488 133
488 227
488 241
488 250
488 254
488 311
488 317
488 323
488 365
488 392
488 408
488 455
488 460
488 477
489 87
489 104
489 168
489 176
489 184
489 253
489 293
489 306
489 343
489 349
489 352
489 407
489 410
489 477
489 486
489 490
489 492
490 50
490 72
490 86
490 112
490 146
490 178
490 193
490 270
490 272
490 345
490 399
490 430
490 470
490 477
490 480
490 486
490 489
491 24
491 34
491 115
491 158
491 274
491 300
491 321
491 330
491 337
491 372
491 386
491 420
491 461
491 465
491 466
491 479
491 494
492 13
492 24
492 48
492 85
492 102
492 241
492 344
492 348
492 365
492 373
492 397
492 403
492 432
492 442
492 485
492 489
492 499
493 8
493 43
493 51
493 98
493 107
493 135
493 154
493 191
493 219
493 254
493 255
493 321
493 368
493 436
493 449
493 467
493 496
494 61
494 78
494 92
494 139
494 190
494 199
494 306
494 320
494 336
494 396
494 435
494 443
494 470
494 480
494 491
494 498
494 500
495 11
495 16
495 44
495 293
495 336
495 337
495 357
495 365
495 371
495 403
495 409
495 422
495 428
495 434
495 456
495 476
495 479
496 20
496 22
496 37
496 62
496 95
496 140
496 186
496 238
496 272
496 288
496 290
496 322
496 325
496 384
496 416
496 463
496 487
496 493
497 209
497 229
497 234
497 239
497 248
497 280
497 293
497 302
497 327
497 354
497 356
497 373
497 401
497 428
497 436
497 438
497 453
497 481
498 50
498 149
498 207
498 211
498 212
498 215
498 249
498 275
498 305
498 315
498 339
498 368
498 454
498 467
498 475
498 480
498 485
498 494
499 4
499 49
499 56
499 136
499 260
499 273
499 284
499 289
499 303
499 350
499 404
499 405
499 410
499 439
499 442
499 456
499 471
499 478
499 492
500 79
500 138
500 166
500 175
500 205
500 281
500 296
500 315
500 329
500 371
500 378
500 399
500 430
500 434
500 436
500 462
500 483
500 485
500 487
500 494
