1 3
2 1
3 5
4 7
5 28
6 20
7 11
8 25
9 2
10 15
11 14
12 46
13 10
14 47
15 29
16 11
17 10
18 33
19 38
20 17
21 13
22 40
23 40
24 1
25 17
26 42
27 29
28 17
29 25
30 9
31 44
32 18
33 26
34 7
35 18
36 34
37 47
38 21
39 47
40 3
41 42
42 45
43 36
44 32
45 42
46 18
47 18
48 27
49 44
50 39
51 40
52 41
53 32
54 46
55 20
56 39
57 6
58 44
59 31
60 26
61 4
62 41
63 11
64 40
65 24
66 8
67 20
68 39
69 8
70 40
71 10
72 34
73 1
74 28
75 30
76 44
77 44
78 17
79 39
80 1
81 28
82 28
83 31
84 24
85 8
86 6
87 14
88 43
89 23
90 33
91 18
92 5
93 35
94 31
95 34
96 18
97 25
98 7
99 35
100 31
101 20
102 45
103 8
104 29
105 10
106 33
107 10
108 2
109 20
110 35
111 44
112 9
113 28
114 3
115 47
116 8
117 4
118 2
119 8
120 30
121 1
122 12
123 8
124 18
125 32
126 47
127 31
128 1
129 26
130 15
131 37
132 31
133 10
134 31
135 18
136 10
137 43
138 31
139 32
140 29
141 41
142 24
143 39
144 7
145 37
146 39
147 46
148 48
149 14
150 36
151 44
152 7
153 8
154 10
155 40
156 4
157 4
158 34
159 31
160 34
161 36
162 43
163 36
164 4
165 10
166 13
167 19
168 20
169 7
170 41
171 21
172 10
173 28
174 22
175 12
176 13
177 30
178 33
179 39
180 31
181 6
182 38
183 11
184 15
185 23
186 18
187 20
188 47
189 10
190 31
191 31
192 33
193 21
194 6
195 42
196 37
197 31
198 20
199 33
200 28
201 37
202 31
203 27
204 1
205 3
206 42
207 18
208 26
209 21
210 6
211 7
212 4
213 41
214 40
215 18
216 16
217 23
218 27
219 43
220 42
221 24
222 22
223 23
224 8
225 48
226 30
227 22
228 7
229 38
230 41
231 34
232 35
233 19
234 24
235 23
236 6
237 24
238 8
239 33
240 42
241 42
242 37
243 40
244 34
245 13
246 29
247 47
248 39
249 11
250 37
251 30
252 40
253 45
254 8
255 6
256 38
257 30
258 8
259 45
260 20
261 20
262 25
263 44
264 21
265 4
266 3
267 44
268 24
269 3
270 32
271 4
272 20
273 23
274 4
275 20
276 8
277 10
278 44
279 28
280 4
281 39
282 45
283 46
284 20
285 34
286 42
287 23
288 34
289 42
290 47
291 10
292 7
293 38
294 4
295 48
296 25
297 26
298 23
299 1
300 9
301 47
302 10
303 28
304 29
305 20
306 7
307 24
308 4
309 16
310 29
311 28
312 37
313 15
314 12
315 1
316 44
317 41
318 22
319 21
320 21
321 29
322 41
323 34
324 45
325 36
326 29
327 16
328 18
329 24
330 19
331 24
332 26
333 36
334 14
335 48
336 5
337 15
338 28
339 10
340 15
341 17
342 38
343 17
344 42
345 47
346 8
347 5
348 11
349 24
350 23
351 41
352 18
353 8
354 7
355 47
356 11
357 40
358 12
359 33
360 20
361 47
362 24
363 46
364 28
365 17
366 31
367 41
368 7
369 27
370 31
371 39
372 44
373 28
374 18
375 3
376 21
377 2
378 14
379 27
380 1
381 13
382 28
383 29
384 18
385 9
386 7
387 11
388 46
389 39
390 18
391 18
392 28
393 39
394 2
395 47
396 1
397 8
398 13
399 30
400 46
401 8
402 38
403 29
404 25
405 4
406 26
407 29
408 36
409 12
410 36
411 22
412 21
413 40
414 29
415 44
416 43
417 46
418 39
419 47
420 41
421 9
422 26
423 24
424 31
425 35
426 17
427 16
428 5
429 44
430 19
431 11
432 46
433 30
434 41
435 19
436 11
437 46
438 20
439 4
440 4
441 20
442 41
443 37
444 37
445 7
446 24
447 34
448 46
449 15
450 8
451 24
452 16
453 46
454 1
455 47
456 1
457 8
458 30
459 10
460 41
461 22
462 20
463 8
464 28
465 11
466 4
467 19
468 13
469 13
470 11
471 28
472 22
473 47
474 20
475 10
476 47
477 3
478 31
479 4
480 2
481 20
482 2
483 4
484 8
485 48
486 20
487 18
488 13
489 8
490 47
491 11
492 26
493 47
494 40
495 24
496 28
497 28
498 8
499 12
500 26
