1 4
1 37
1 98
1 352
1 383
2 3
2 190
2 191
2 352
2 476
3 2
3 190
3 352
3 384
3 402
4 1
4 20
4 98
4 403
4 456
5 8
5 12
5 85
5 98
5 256
6 9
6 190
6 191
6 352
6 450
7 9
7 10
7 275
7 447
7 470
8 5
8 12
8 15
8 252
8 256
9 6
9 7
9 10
9 190
9 275
10 7
10 9
10 16
10 17
10 275
11 12
11 20
11 27
11 256
11 345
12 5
12 8
12 11
12 42
12 256
13 90
13 137
13 138
13 140
13 331
14 16
14 17
14 18
14 329
14 464
15 8
15 19
15 20
15 27
15 256
16 10
16 14
16 17
16 18
16 275
17 10
17 14
17 16
17 18
17 347
18 14
18 16
18 17
18 264
18 407
19 15
19 20
19 27
19 29
19 420
20 4
20 11
20 15
20 19
20 472
21 199
21 237
21 272
21 340
21 408
22 23
22 199
22 272
22 400
22 408
23 22
23 24
23 26
23 31
23 41
24 23
24 26
24 41
24 272
24 382
25 63
25 149
25 150
25 242
25 280
26 23
26 24
26 31
26 41
26 408
27 11
27 15
27 19
27 324
27 495
28 159
28 161
28 164
28 242
28 424
29 19
29 32
29 35
29 99
29 500
30 113
30 128
30 173
30 248
30 485
31 23
31 26
31 41
31 199
31 299
32 29
32 35
32 86
32 339
32 500
33 35
33 36
33 37
33 222
33 486
34 60
34 90
34 137
34 138
34 456
35 29
35 32
35 33
35 37
35 443
36 33
36 37
36 370
36 488
36 496
37 1
37 33
37 35
37 36
37 47
38 97
38 99
38 106
38 259
38 498
39 47
39 59
39 170
39 284
39 492
40 120
40 209
40 213
40 214
40 350
41 23
41 24
41 26
41 31
41 43
42 12
42 136
42 139
42 143
42 260
43 41
43 289
43 332
43 357
43 457
44 108
44 124
44 126
44 246
44 373
45 98
45 107
45 337
45 449
45 487
46 48
46 50
46 289
46 473
46 479
47 37
47 39
47 59
47 389
47 430
48 46
48 49
48 50
48 51
48 289
49 48
49 50
49 51
49 289
49 489
50 46
50 48
50 49
50 51
50 52
51 48
51 49
51 50
51 52
51 378
52 50
52 51
52 55
52 177
52 378
53 162
53 217
53 228
53 230
53 262
54 93
54 198
54 210
54 473
54 490
55 52
55 57
55 177
55 376
55 378
56 57
56 61
56 227
56 376
56 499
57 55
57 56
57 61
57 227
57 376
58 60
58 90
58 111
58 134
58 135
59 39
59 47
59 67
59 109
59 154
60 34
60 58
60 135
60 469
60 476
61 56
61 57
61 227
61 376
61 474
62 66
62 72
62 180
62 227
62 467
63 25
63 157
63 158
63 280
63 327
64 67
64 154
64 217
64 324
64 480
65 83
65 84
65 88
65 91
65 273
66 62
66 72
66 180
66 277
66 320
67 59
67 64
67 70
67 154
67 395
68 69
68 73
68 212
68 253
68 394
69 68
69 212
69 277
69 320
69 394
70 67
70 89
70 103
70 154
70 433
71 96
71 100
71 101
71 102
71 110
72 62
72 66
72 180
72 277
72 320
73 68
73 212
73 253
73 320
73 394
74 212
74 291
74 371
74 394
74 466
75 77
75 78
75 79
75 80
75 82
76 224
76 260
76 304
76 424
76 456
77 75
77 79
77 82
77 291
77 416
78 75
78 79
78 82
78 358
78 451
79 75
79 77
79 78
79 80
79 82
80 75
80 79
80 82
80 212
80 291
81 194
81 222
81 228
81 230
81 262
82 75
82 77
82 78
82 79
82 80
83 65
83 84
83 87
83 88
83 362
84 65
84 83
84 87
84 350
84 411
85 5
85 89
85 103
85 154
85 389
86 32
86 104
86 155
86 249
86 322
87 83
87 84
87 88
87 91
87 216
88 65
88 83
88 87
88 91
88 216
89 70
89 85
89 92
89 103
89 202
90 13
90 34
90 58
90 137
90 459
91 65
91 87
91 88
91 216
91 468
92 89
92 99
92 103
92 378
92 412
93 54
93 198
93 216
93 369
93 428
94 95
94 96
94 100
94 198
94 210
95 94
95 96
95 100
95 198
95 210
96 71
96 94
96 95
96 101
96 305
97 38
97 99
97 258
97 484
97 485
98 1
98 4
98 5
98 45
98 107
99 29
99 38
99 92
99 97
99 103
100 71
100 94
100 95
100 101
100 210
101 71
101 96
101 100
101 102
101 110
102 71
102 101
102 110
102 210
102 436
103 70
103 85
103 89
103 92
103 99
104 86
104 106
104 131
104 148
104 155
105 112
105 114
105 115
105 360
105 429
106 38
106 104
106 148
106 155
106 367
107 45
107 98
107 252
107 324
107 442
108 44
108 124
108 127
108 301
108 472
109 59
109 121
109 376
109 447
109 482
110 71
110 101
110 102
110 112
110 388
111 58
111 132
111 134
111 135
111 437
112 105
112 110
112 114
112 115
112 205
113 30
113 128
113 248
113 268
113 442
114 105
114 112
114 115
114 205
114 378
115 105
115 112
115 114
115 205
115 363
116 117
116 121
116 289
116 298
116 461
117 116
117 121
117 148
117 343
117 452
118 119
118 123
118 246
118 364
118 477
119 118
119 123
119 205
119 246
119 438
120 40
120 209
120 213
120 214
120 217
121 109
121 116
121 117
121 122
121 309
122 121
122 131
122 133
122 245
122 250
123 118
123 119
123 124
123 246
123 453
124 44
124 108
124 123
124 125
124 246
125 124
125 126
125 127
125 129
125 130
126 44
126 125
126 130
126 246
126 355
127 108
127 125
127 129
127 130
127 296
128 30
128 113
128 186
128 200
128 248
129 125
129 127
129 130
129 379
129 469
130 125
130 126
130 127
130 129
130 132
131 104
131 122
131 133
131 367
131 460
132 111
132 130
132 134
132 402
132 449
133 122
133 131
133 238
133 403
133 409
134 58
134 111
134 132
134 135
134 467
135 58
135 60
135 111
135 134
135 408
136 42
136 160
136 224
136 310
136 446
137 13
137 34
137 90
137 138
137 140
138 13
138 34
138 137
138 140
138 460
139 42
139 143
139 160
139 385
139 386
140 13
140 137
140 138
140 331
140 409
141 219
141 331
141 439
141 461
141 495
142 144
142 145
142 185
142 204
142 331
143 42
143 139
143 160
143 451
143 473
144 142
144 145
144 147
144 185
144 204
145 142
145 144
145 147
145 185
145 204
146 149
146 150
146 204
146 275
146 312
147 144
147 145
147 150
147 204
147 370
148 104
148 106
148 117
148 155
148 443
149 25
149 146
149 150
149 280
149 306
150 25
150 146
150 147
150 149
150 280
151 156
151 163
151 438
151 487
151 496
152 166
152 169
152 170
152 394
152 465
153 157
153 158
153 242
153 375
153 479
154 59
154 64
154 67
154 70
154 85
155 86
155 104
155 106
155 148
155 221
156 151
156 163
156 278
156 449
156 453
157 63
157 153
157 158
157 242
157 383
158 63
158 153
158 157
158 242
158 345
158 434
159 28
159 161
159 164
159 165
159 233
160 136
160 139
160 143
160 163
160 244
161 28
161 159
161 164
161 165
161 233
162 53
162 222
162 228
162 230
162 376
163 151
163 156
163 160
163 170
163 267
164 28
164 159
164 161
164 165
164 233
165 159
165 161
165 164
165 167
165 233
166 152
166 169
166 170
166 456
166 497
167 165
167 233
167 274
167 348
167 422
168 171
168 233
168 297
168 348
168 473
169 152
169 166
169 170
169 483
169 484
170 39
170 152
170 163
170 166
170 169
171 168
171 172
171 186
171 200
171 348
172 171
172 186
172 200
172 348
172 359
173 30
173 178
173 200
173 268
173 344
174 254
174 255
174 269
174 404
174 466
174 489
175 176
175 181
175 397
175 417
175 451
175 474
176 175
176 181
176 182
176 303
176 397
176 403
177 52
177 55
177 335
177 376
177 378
177 473
178 173
178 186
178 188
178 202
178 268
178 402
179 282
179 305
179 334
179 340
179 368
179 492
180 62
180 66
180 72
180 227
180 277
180 423
181 175
181 176
181 393
181 397
181 417
181 451
182 176
182 303
182 341
182 397
182 403
182 434
183 287
183 297
183 300
183 333
183 339
183 367
184 192
184 196
184 201
184 341
184 409
184 425
185 142
185 144
185 145
185 219
185 410
185 468
186 128
186 171
186 172
186 178
186 200
186 277
187 235
187 245
187 270
187 333
187 454
187 456
188 178
188 195
188 202
188 268
188 373
188 458
189 203
189 208
189 211
189 215
189 223
189 225
190 2
190 3
190 6
190 9
190 275
190 352
191 2
191 6
191 312
191 372
191 433
191 450
192 184
192 193
192 196
192 201
192 203
192 207
193 192
193 196
193 203
193 451
193 482
193 486
194 81
194 232
194 235
194 244
194 451
194 462
195 188
195 202
195 206
195 271
195 341
195 488
196 184
196 192
196 193
196 203
196 207
196 425
197 254
197 255
197 265
197 266
197 269
197 387
198 54
198 93
198 94
198 95
198 210
198 216
199 21
199 22
199 31
199 272
199 306
199 408
200 128
200 171
200 172
200 173
200 186
200 348
201 184
201 192
201 203
201 207
201 341
201 425
202 89
202 178
202 188
202 195
202 206
202 481
203 189
203 192
203 193
203 196
203 201
203 207
204 142
204 144
204 145
204 146
204 147
204 431
205 112
205 114
205 115
205 119
205 347
205 402
206 195
206 202
206 209
206 291
206 457
206 500
207 192
207 196
207 201
207 203
207 409
207 488
208 189
208 211
208 215
208 220
208 223
208 225
209 40
209 120
209 206
209 213
209 407
209 416
210 54
210 94
210 95
210 100
210 102
210 198
211 189
211 208
211 215
211 220
211 223
211 500
212 68
212 69
212 73
212 74
212 80
212 291
213 40
213 120
213 209
213 214
213 394
213 396
214 40
214 120
214 213
214 217
214 298
214 415
215 189
215 208
215 211
215 220
215 426
215 463
216 87
216 88
216 91
216 93
216 198
216 412
217 53
217 64
217 120
217 214
217 230
217 455
218 221
218 249
218 250
218 261
218 263
218 283
219 141
219 185
219 331
219 409
219 418
219 459
220 208
220 211
220 215
220 223
220 225
220 226
221 155
221 218
221 249
221 250
221 298
221 487
222 33
222 81
222 162
222 262
222 380
222 407
223 189
223 208
223 211
223 220
223 225
223 226
224 76
224 136
224 258
224 267
224 270
224 304
225 189
225 208
225 220
225 223
225 226
225 488
226 220
226 223
226 225
226 231
226 239
226 432
227 56
227 57
227 61
227 62
227 180
227 473
228 53
228 81
228 162
228 230
228 393
228 492
229 281
229 294
229 313
229 365
229 369
229 415
230 53
230 81
230 162
230 217
230 228
230 359
231 226
231 239
231 241
231 416
231 432
231 477
232 194
232 235
232 244
232 262
232 441
232 481
233 159
233 161
233 164
233 165
233 167
233 168
234 237
234 264
234 306
234 340
234 432
234 485
235 187
235 194
235 232
235 244
235 245
235 267
236 243
236 297
236 327
236 338
236 345
236 425
237 21
237 234
237 264
237 395
237 407
237 493
238 133
238 260
238 263
238 283
238 294
238 388
239 226
239 231
239 241
239 416
239 432
239 443
240 254
240 255
240 265
240 266
240 288
240 462
241 231
241 239
241 247
241 288
241 416
241 432
242 25
242 28
242 153
242 157
242 158
242 408
243 236
243 297
243 300
243 327
243 338
243 345
244 160
244 194
244 232
244 235
244 245
244 262
245 122
245 187
245 235
245 244
245 356
245 408
246 44
246 118
246 119
246 123
246 124
246 126
247 241
247 251
247 288
247 356
247 416
247 499
248 30
248 113
248 128
248 268
248 398
248 444
249 86
249 218
249 221
249 250
249 298
249 407
250 122
250 218
250 221
250 249
250 261
250 298
251 247
251 288
251 356
251 416
251 476
251 479
252 8
252 107
252 259
252 283
252 324
252 394
253 68
253 73
253 277
253 290
253 320
253 394
254 174
254 197
254 240
254 255
254 265
254 269
255 174
255 197
255 240
255 254
255 269
255 356
256 5
256 8
256 11
256 12
256 15
256 326
257 279
257 296
257 299
257 354
257 386
257 486
258 97
258 224
258 267
258 270
258 287
258 304
259 38
259 252
259 281
259 324
259 423
259 499
260 42
260 76
260 238
260 263
260 283
260 479
261 218
261 250
261 263
261 316
261 441
261 495
262 53
262 81
262 222
262 232
262 244
262 392
262 493
263 218
263 238
263 260
263 261
263 283
263 496
264 18
264 234
264 237
264 272
264 306
264 407
265 197
265 240
265 254
265 266
265 356
265 478
266 197
266 240
266 265
266 288
266 356
266 490
267 163
267 224
267 235
267 258
267 304
267 450
268 113
268 173
268 178
268 188
268 248
268 499
269 174
269 197
269 254
269 255
269 271
269 395
270 187
270 224
270 258
270 427
270 428
270 496
271 195
271 269
271 276
271 285
271 309
271 328
271 387
272 21
272 22
272 24
272 199
272 264
272 408
272 500
273 65
273 286
273 290
273 301
273 308
273 350
273 498
274 167
274 278
274 296
274 344
274 354
274 371
274 430
275 7
275 9
275 10
275 16
275 146
275 190
275 477
276 271
276 285
276 309
276 328
276 387
276 414
276 445
277 66
277 69
277 72
277 180
277 186
277 253
277 320
278 156
278 274
278 290
278 293
278 350
278 371
278 436
279 257
279 299
279 329
279 337
279 359
279 396
279 458
280 25
280 63
280 149
280 150
280 348
280 405
280 482
281 229
281 259
281 294
281 313
281 369
281 419
281 423
282 179
282 305
282 340
282 347
282 359
282 471
282 499
283 218
283 238
283 252
283 260
283 263
283 304
283 331
283 365
284 39
284 310
284 322
284 326
284 330
284 365
284 398
285 271
285 276
285 309
285 387
285 420
285 426
285 438
286 273
286 297
286 308
286 327
286 331
286 338
286 345
287 183
287 258
287 313
287 333
287 367
287 415
287 423
288 240
288 241
288 247
288 251
288 266
288 356
288 432
289 43
289 46
289 48
289 49
289 116
289 372
289 396
290 253
290 273
290 278
290 293
290 301
290 350
290 371
291 74
291 77
291 80
291 206
291 212
291 293
291 394
292 384
292 395
292 414
292 450
292 456
292 485
292 496
293 278
293 290
293 291
293 308
293 350
293 390
293 491
294 229
294 238
294 281
294 313
294 365
294 423
294 441
295 307
295 317
295 319
295 391
295 440
295 442
295 467
296 127
296 257
296 274
296 344
296 354
296 371
296 484
297 168
297 183
297 236
297 243
297 286
297 389
297 399
298 116
298 214
298 221
298 249
298 250
298 464
298 487
299 31
299 257
299 279
299 337
299 360
299 371
299 479
300 183
300 243
300 333
300 339
300 367
300 369
300 437
301 108
301 273
301 290
301 338
301 350
301 398
301 500
302 355
302 364
302 373
302 375
302 379
302 443
302 446
303 176
303 182
303 341
303 403
303 409
303 425
303 491
304 76
304 224
304 258
304 267
304 283
304 422
304 423
305 96
305 179
305 282
305 340
305 347
305 396
305 474
306 149
306 199
306 234
306 264
306 330
306 360
306 407
306 479
307 295
307 317
307 319
307 323
307 391
307 440
307 467
308 273
308 286
308 293
308 338
308 345
308 350
308 454
309 121
309 271
309 276
309 285
309 328
309 387
309 428
310 136
310 284
310 322
310 326
310 330
310 392
310 398
310 460
311 357
311 370
311 382
311 383
311 388
311 441
311 444
312 146
312 191
312 329
312 332
312 347
312 372
312 402
312 472
313 229
313 281
313 287
313 294
313 339
313 398
313 423
314 315
314 316
314 318
314 321
314 428
314 459
314 491
315 314
315 316
315 318
315 321
315 326
315 328
315 462
316 261
316 314
316 315
316 318
316 321
316 326
316 428
317 295
317 307
317 319
317 323
317 391
317 467
317 487
318 314
318 315
318 316
318 321
318 326
318 348
318 397
319 295
319 307
319 317
319 323
319 449
319 467
319 493
320 66
320 69
320 72
320 73
320 253
320 277
320 470
321 314
321 315
321 316
321 318
321 326
321 361
321 435
322 86
322 284
322 310
322 330
322 398
322 412
322 425
323 307
323 317
323 319
323 336
323 351
323 449
323 463
324 27
324 64
324 107
324 252
324 259
324 399
324 470
325 349
325 363
325 364
325 373
325 388
325 444
325 496
326 256
326 284
326 310
326 315
326 316
326 318
326 321
327 63
327 236
327 243
327 286
327 367
327 431
327 494
328 271
328 276
328 309
328 315
328 417
328 428
328 490
329 14
329 279
329 312
329 332
329 372
329 402
329 464
330 284
330 306
330 310
330 322
330 365
330 398
330 415
331 13
331 140
331 141
331 142
331 219
331 283
331 286
332 43
332 312
332 329
332 347
332 352
332 402
332 493
333 183
333 187
333 287
333 300
333 339
333 367
333 423
334 179
334 337
334 340
334 359
334 372
334 381
334 396
335 177
335 342
335 377
335 386
335 389
335 412
335 419
335 420
336 323
336 351
336 374
336 380
336 439
336 449
336 466
336 478
337 45
337 279
337 299
337 334
337 344
337 359
337 360
337 396
338 236
338 243
338 286
338 301
338 308
338 339
338 345
338 453
339 32
339 183
339 300
339 313
339 333
339 338
339 342
339 367
340 21
340 179
340 234
340 282
340 305
340 334
340 396
340 402
341 182
341 184
341 195
341 201
341 303
341 397
341 403
341 409
342 335
342 339
342 377
342 386
342 389
342 419
342 420
342 424
343 117
343 355
343 374
343 375
343 379
343 380
343 439
343 466
344 173
344 274
344 296
344 337
344 354
344 371
344 396
344 466
345 11
345 158
345 236
345 243
345 286
345 308
345 338
345 458
346 353
346 354
346 366
346 422
346 454
346 457
346 474
346 477
346 484
347 17
347 205
347 282
347 305
347 312
347 332
347 372
347 402
348 167
348 168
348 171
348 172
348 200
348 280
348 318
348 393
349 325
349 363
349 364
349 373
349 391
349 443
349 444
349 492
350 40
350 84
350 273
350 278
350 290
350 293
350 301
350 308
351 323
351 336
351 374
351 380
351 439
351 449
351 466
351 493
352 1
352 2
352 3
352 6
352 190
352 332
352 475
352 499
353 346
353 366
353 405
353 411
353 422
353 457
353 461
353 473
354 257
354 274
354 296
354 344
354 346
354 360
354 399
354 419
355 126
355 302
355 343
355 375
355 379
355 380
355 443
355 500
356 245
356 247
356 251
356 255
356 265
356 266
356 288
356 435
357 43
357 311
357 382
357 388
357 440
357 441
357 477
357 495
358 78
358 377
358 384
358 412
358 419
358 420
358 456
358 496
359 172
359 230
359 279
359 282
359 334
359 337
359 396
359 401
360 105
360 299
360 306
360 337
360 354
360 385
360 410
360 490
361 321
361 368
361 370
361 383
361 390
361 438
361 439
361 488
362 83
362 368
362 381
362 390
362 404
362 418
362 438
362 453
363 115
363 325
363 349
363 364
363 373
363 382
363 388
363 443
364 118
364 302
364 325
364 349
364 363
364 373
364 443
364 490
365 229
365 283
365 284
365 294
365 330
365 369
365 398
365 500
366 346
366 353
366 405
366 411
366 422
366 457
366 476
366 477
367 106
367 131
367 183
367 287
367 300
367 327
367 333
367 339
368 179
368 361
368 362
368 370
368 383
368 390
368 418
368 438
369 93
369 229
369 281
369 300
369 365
369 415
369 423
369 432
370 36
370 147
370 311
370 361
370 368
370 383
370 390
370 441
370 444
371 74
371 274
371 278
371 290
371 296
371 299
371 344
371 430
372 191
372 289
372 312
372 329
372 334
372 347
372 402
372 481
373 44
373 188
373 302
373 325
373 349
373 363
373 364
373 443
373 483
374 336
374 343
374 351
374 380
374 439
374 449
374 454
374 466
375 153
375 302
375 343
375 355
375 379
375 439
375 466
375 467
376 55
376 56
376 57
376 61
376 109
376 162
376 177
376 378
377 335
377 342
377 358
377 384
377 398
377 412
377 419
377 420
378 51
378 52
378 55
378 92
378 114
378 177
378 376
378 427
379 129
379 302
379 343
379 355
379 375
379 443
379 469
379 492
380 222
380 336
380 343
380 351
380 355
380 374
380 439
380 466
381 334
381 362
381 390
381 404
381 410
381 418
381 427
381 438
381 453
382 24
382 311
382 357
382 363
382 388
382 390
382 436
382 441
382 444
383 1
383 157
383 311
383 361
383 368
383 370
383 390
383 404
383 444
384 3
384 292
384 358
384 377
384 395
384 412
384 414
384 450
384 456
385 139
385 360
385 392
385 399
385 410
385 424
385 427
385 430
385 453
386 139
386 257
386 335
386 342
386 389
386 399
386 419
386 424
386 434
387 197
387 271
387 276
387 285
387 309
387 415
387 428
387 450
387 464
388 110
388 238
388 311
388 325
388 357
388 363
388 382
388 441
388 443
389 47
389 85
389 297
389 335
389 342
389 386
389 399
389 424
389 430
389 437
390 293
390 361
390 362
390 368
390 370
390 381
390 382
390 383
390 441
391 295
391 307
391 317
391 349
391 440
391 442
391 460
391 464
391 467
391 488
392 262
392 310
392 385
392 410
392 418
392 427
392 430
392 453
392 460
393 181
393 228
393 348
393 395
393 414
393 417
393 450
393 451
393 456
394 68
394 69
394 73
394 74
394 152
394 213
394 252
394 253
394 291
395 67
395 237
395 269
395 292
395 384
395 393
395 414
395 450
395 451
395 498
396 213
396 279
396 289
396 305
396 334
396 337
396 340
396 344
396 359
397 175
397 176
397 181
397 182
397 318
397 341
397 409
397 440
397 467
398 248
398 284
398 301
398 310
398 313
398 322
398 330
398 365
398 377
399 297
399 324
399 354
399 385
399 386
399 389
399 424
399 430
399 444
399 468
400 22
400 401
400 405
400 411
400 422
400 433
400 447
400 469
400 473
401 359
401 400
401 431
401 435
401 436
401 447
401 458
401 469
401 480
402 3
402 132
402 178
402 205
402 312
402 329
402 332
402 340
402 347
402 372
403 4
403 133
403 176
403 182
403 303
403 341
403 409
403 425
403 482
404 174
404 362
404 381
404 383
404 410
404 418
404 438
404 466
404 499
405 280
405 353
405 366
405 400
405 411
405 422
405 447
405 473
405 492
406 413
406 446
406 459
406 461
406 463
406 478
406 488
406 490
406 491
407 18
407 209
407 222
407 237
407 249
407 264
407 306
407 408
407 465
408 21
408 22
408 26
408 135
408 199
408 242
408 245
408 272
408 407
409 133
409 140
409 184
409 207
409 219
409 303
409 341
409 397
409 403
409 425
410 185
410 360
410 381
410 385
410 392
410 404
410 427
410 453
410 464
411 84
411 353
411 366
411 400
411 405
411 422
411 433
411 447
411 473
412 92
412 216
412 322
412 335
412 358
412 377
412 384
412 419
412 477
412 482
413 406
413 429
413 454
413 459
413 462
413 474
413 476
413 487
413 498
414 276
414 292
414 384
414 393
414 395
414 420
414 428
414 450
414 456
415 214
415 229
415 287
415 330
415 369
415 387
415 423
415 432
415 485
416 77
416 209
416 231
416 239
416 241
416 247
416 251
416 474
416 485
417 175
417 181
417 328
417 393
417 418
417 432
417 451
417 460
417 462
417 483
418 219
418 362
418 368
418 381
418 392
418 404
418 417
418 427
418 438
418 453
418 489
419 281
419 335
419 342
419 354
419 358
419 377
419 386
419 412
419 420
419 467
420 19
420 285
420 335
420 342
420 358
420 377
420 414
420 419
420 424
420 438
421 424
421 426
421 434
421 437
421 440
421 442
421 460
421 464
421 479
421 497
422 167
422 304
422 346
422 353
422 366
422 400
422 405
422 411
422 447
422 473
423 180
423 259
423 281
423 287
423 294
423 304
423 313
423 333
423 369
423 415
424 28
424 76
424 342
424 385
424 386
424 389
424 399
424 420
424 421
424 430
425 184
425 196
425 201
425 236
425 303
425 322
425 403
425 409
425 491
425 498
426 215
426 285
426 421
426 431
426 434
426 435
426 437
426 458
426 460
426 479
427 270
427 378
427 381
427 385
427 392
427 410
427 418
427 430
427 438
427 453
428 93
428 270
428 309
428 314
428 316
428 328
428 387
428 414
428 453
428 475
429 105
429 413
429 454
429 457
429 459
429 462
429 474
429 476
429 477
429 487
430 47
430 274
430 371
430 385
430 389
430 392
430 399
430 424
430 427
430 453
431 204
431 327
431 401
431 426
431 433
431 435
431 436
431 458
431 469
431 479
432 226
432 231
432 234
432 239
432 241
432 288
432 369
432 415
432 417
432 462
433 70
433 191
433 400
433 411
433 431
433 436
433 447
433 458
433 469
433 473
434 158
434 182
434 386
434 421
434 426
434 435
434 437
434 460
434 464
434 479
434 480
435 321
435 356
435 401
435 426
435 431
435 434
435 436
435 437
435 458
435 479
435 498
436 102
436 278
436 382
436 401
436 431
436 433
436 435
436 458
436 469
436 479
436 497
437 111
437 300
437 389
437 421
437 426
437 434
437 435
437 460
437 464
437 479
437 490
438 119
438 151
438 285
438 361
438 362
438 368
438 381
438 404
438 418
438 420
438 427
438 499
439 141
439 336
439 343
439 351
439 361
439 374
439 375
439 380
439 449
439 466
439 486
440 295
440 307
440 357
440 391
440 397
440 421
440 442
440 450
440 460
440 464
440 467
441 232
441 261
441 294
441 311
441 357
441 370
441 382
441 388
441 390
441 442
441 444
442 107
442 113
442 295
442 391
442 421
442 440
442 441
442 460
442 464
442 467
442 488
443 35
443 148
443 239
443 302
443 349
443 355
443 363
443 364
443 373
443 379
443 388
444 248
444 311
444 325
444 349
444 370
444 382
444 383
444 399
444 441
444 463
444 495
445 276
445 455
445 468
445 470
445 472
445 475
445 481
445 482
445 485
445 492
445 496
446 136
446 302
446 406
446 455
446 461
446 463
446 468
446 478
446 482
446 485
446 488
446 490
447 7
447 109
447 400
447 401
447 405
447 411
447 422
447 433
447 469
447 473
447 496
448 452
448 465
448 471
448 480
448 483
448 484
448 486
448 489
448 491
448 493
448 500
449 45
449 132
449 156
449 319
449 323
449 336
449 351
449 374
449 439
449 466
449 476
450 6
450 191
450 267
450 292
450 384
450 387
450 393
450 395
450 414
450 440
450 456
451 78
451 143
451 175
451 181
451 193
451 194
451 393
451 395
451 417
451 456
451 461
452 117
452 448
452 465
452 471
452 480
452 483
452 484
452 486
452 489
452 491
452 493
452 500
453 123
453 156
453 338
453 362
453 381
453 385
453 392
453 410
453 418
453 427
453 428
453 430
454 187
454 308
454 346
454 374
454 413
454 429
454 457
454 462
454 474
454 476
454 477
454 478
455 217
455 445
455 446
455 463
455 468
455 470
455 472
455 481
455 482
455 485
455 488
455 490
456 4
456 34
456 76
456 166
456 187
456 292
456 358
456 384
456 393
456 414
456 450
456 451
456 476
457 43
457 206
457 346
457 353
457 366
457 429
457 454
457 462
457 473
457 474
457 476
457 477
458 188
458 279
458 345
458 401
458 426
458 431
458 433
458 435
458 436
458 469
458 479
458 494
459 90
459 219
459 314
459 406
459 413
459 429
459 461
459 462
459 474
459 478
459 487
459 488
460 131
460 138
460 310
460 391
460 392
460 417
460 421
460 426
460 434
460 437
460 440
460 442
460 464
461 116
461 141
461 353
461 406
461 446
461 451
461 459
461 463
461 468
461 478
461 481
461 487
461 488
461 490
462 194
462 240
462 315
462 413
462 417
462 429
462 432
462 454
462 457
462 459
462 474
462 476
462 487
462 496
463 215
463 323
463 406
463 444
463 446
463 455
463 461
463 468
463 478
463 482
463 487
463 488
463 490
464 14
464 298
464 329
464 387
464 391
464 410
464 421
464 434
464 437
464 440
464 442
464 460
464 467
465 152
465 407
465 448
465 452
465 480
465 483
465 484
465 486
465 489
465 491
465 493
465 496
465 500
466 74
466 174
466 336
466 343
466 344
466 351
466 374
466 375
466 380
466 404
466 439
466 449
466 490
467 62
467 134
467 295
467 307
467 317
467 319
467 375
467 391
467 397
467 419
467 440
467 442
467 464
468 91
468 185
468 399
468 445
468 446
468 455
468 461
468 463
468 478
468 482
468 485
468 488
468 490
469 60
469 129
469 379
469 400
469 401
469 431
469 433
469 436
469 447
469 458
469 478
469 480
469 486
470 7
470 320
470 324
470 445
470 455
470 472
470 475
470 481
470 482
470 485
470 492
470 493
470 496
471 282
471 448
471 452
471 480
471 484
471 491
471 494
471 495
471 497
471 498
471 499
472 20
472 108
472 312
472 445
472 455
472 470
472 475
472 481
472 482
472 484
472 485
472 492
472 496
473 46
473 54
473 143
473 168
473 177
473 227
473 353
473 400
473 405
473 411
473 422
473 433
473 447
473 457
474 61
474 175
474 305
474 346
474 413
474 416
474 429
474 454
474 457
474 459
474 462
474 476
474 477
475 352
475 428
475 445
475 470
475 472
475 481
475 482
475 483
475 485
475 486
475 489
475 492
475 493
475 496
476 2
476 60
476 251
476 366
476 413
476 429
476 449
476 454
476 456
476 457
476 462
476 474
476 477
476 487
477 118
477 231
477 275
477 346
477 357
477 366
477 412
477 429
477 454
477 457
477 474
477 476
477 489
477 493
478 265
478 336
478 406
478 446
478 454
478 459
478 461
478 463
478 468
478 469
478 487
478 488
478 490
478 494
479 46
479 153
479 251
479 260
479 299
479 306
479 421
479 426
479 431
479 434
479 435
479 436
479 437
479 458
480 64
480 401
480 434
480 448
480 452
480 465
480 469
480 471
480 483
480 484
480 491
480 495
480 497
480 498
480 499
480 500
481 202
481 232
481 372
481 445
481 455
481 461
481 470
481 472
481 475
481 485
481 489
481 492
481 493
481 496
481 498
482 109
482 193
482 280
482 403
482 412
482 445
482 446
482 455
482 463
482 468
482 470
482 472
482 475
482 485
482 490
483 169
483 373
483 417
483 448
483 452
483 465
483 475
483 480
483 484
483 486
483 489
483 491
483 493
483 496
483 500
484 97
484 169
484 296
484 346
484 448
484 452
484 465
484 471
484 472
484 480
484 483
484 486
484 489
484 491
484 498
484 499
484 500
485 30
485 97
485 234
485 292
485 415
485 416
485 445
485 446
485 455
485 468
485 470
485 472
485 475
485 481
485 482
485 492
486 33
486 193
486 257
486 439
486 448
486 452
486 465
486 469
486 475
486 483
486 484
486 489
486 492
486 493
486 496
486 500
487 45
487 151
487 221
487 298
487 317
487 413
487 429
487 459
487 461
487 462
487 463
487 476
487 478
487 488
487 489
487 490
488 36
488 195
488 207
488 225
488 361
488 391
488 406
488 442
488 446
488 455
488 459
488 461
488 463
488 468
488 478
488 487
488 490
489 49
489 174
489 418
489 448
489 452
489 465
489 475
489 477
489 481
489 483
489 484
489 486
489 487
489 492
489 493
489 496
490 54
490 266
490 328
490 360
490 364
490 406
490 437
490 446
490 455
490 461
490 463
490 466
490 468
490 478
490 482
490 487
490 488
491 293
491 303
491 314
491 406
491 425
491 448
491 452
491 465
491 471
491 480
491 483
491 484
491 495
491 497
491 498
491 499
491 500
492 39
492 179
492 228
492 349
492 379
492 405
492 445
492 470
492 472
492 475
492 481
492 485
492 486
492 489
492 493
492 496
492 497
493 237
493 262
493 319
493 332
493 351
493 448
493 452
493 465
493 470
493 475
493 477
493 481
493 483
493 486
493 489
493 492
493 496
494 327
494 458
494 471
494 478
494 495
494 497
494 498
494 499
494 500
495 27
495 141
495 261
495 357
495 444
495 471
495 480
495 491
495 494
495 497
495 498
495 499
495 500
496 36
496 151
496 263
496 270
496 292
496 325
496 358
496 445
496 447
496 462
496 465
496 470
496 472
496 475
496 481
496 483
496 486
496 489
496 492
496 493
497 166
497 421
497 436
497 471
497 480
497 491
497 492
497 494
497 495
497 498
497 499
497 500
498 38
498 273
498 395
498 413
498 425
498 435
498 471
498 480
498 481
498 484
498 491
498 494
498 495
498 497
498 499
498 500
499 56
499 247
499 259
499 268
499 282
499 352
499 404
499 438
499 471
499 480
499 484
499 491
499 494
499 495
499 497
499 498
499 500
500 29
500 32
500 206
500 211
500 272
500 301
500 355
500 365
500 448
500 452
500 465
500 480
500 483
500 484
500 486
500 491
500 494
500 495
500 497
500 498
500 499
