1 10
1 280
1 297
1 307
1 437
2 140
2 165
2 238
2 497
2 500
3 159
3 182
3 195
3 221
3 494
4 8
4 10
4 12
4 184
4 185
5 176
5 180
5 261
5 461
5 472
6 7
6 17
6 49
6 104
6 159
7 6
7 15
7 17
7 84
7 352
8 4
8 12
8 184
8 185
8 460
9 189
9 206
9 208
9 255
9 449
10 1
10 4
10 12
10 185
10 307
11 136
11 137
11 138
11 313
11 435
12 4
12 8
12 10
12 184
12 185
13 14
13 16
13 297
13 365
13 499
14 13
14 16
14 27
14 185
14 365
15 7
15 17
15 19
15 482
15 489
16 13
16 14
16 27
16 294
16 365
17 6
17 7
17 15
17 19
17 329
18 25
18 109
18 173
18 177
18 351
19 15
19 17
19 44
19 87
19 293
20 29
20 35
20 40
20 271
20 386
21 26
21 44
21 323
21 357
21 498
22 125
22 126
22 191
22 274
22 359
23 50
23 234
23 246
23 254
23 350
24 127
24 166
24 167
24 259
24 454
25 18
25 105
25 134
25 173
25 177
26 21
26 37
26 44
26 124
26 173
27 14
27 16
27 35
27 312
27 365
28 61
28 77
28 102
28 103
28 468
29 20
29 35
29 271
29 331
29 467
30 146
30 147
30 188
30 202
30 454
31 36
31 38
31 39
31 40
31 284
32 94
32 149
32 222
32 252
32 498
33 140
33 158
33 161
33 162
33 436
34 37
34 51
34 278
34 288
34 387
35 20
35 27
35 29
35 271
35 365
36 31
36 38
36 330
36 381
36 492
37 26
37 34
37 51
37 54
37 124
38 31
38 36
38 39
38 273
38 330
39 31
39 38
39 40
39 330
39 499
40 20
40 31
40 39
40 271
40 330
41 48
41 54
41 63
41 221
41 463
42 118
42 120
42 247
42 326
42 337
43 45
43 47
43 52
43 53
43 62
44 19
44 21
44 26
44 124
44 497
45 43
45 47
45 52
45 53
45 354
46 194
46 210
46 233
46 234
46 461
47 43
47 45
47 52
47 330
47 342
48 41
48 54
48 124
48 228
48 489
49 6
49 159
49 195
49 276
49 358
50 23
50 234
50 241
50 246
50 254
51 34
51 37
51 54
51 124
51 422
52 43
52 45
52 47
52 53
52 284
53 43
53 45
53 52
53 316
53 395
54 37
54 41
54 48
54 51
54 55
55 54
55 57
55 114
55 195
55 287
56 58
56 114
56 291
56 412
56 461
57 55
57 114
57 253
57 440
57 473
58 56
58 59
58 114
58 253
58 499
59 58
59 63
59 114
59 279
59 348
60 181
60 197
60 198
60 437
60 493
61 28
61 77
61 106
61 110
61 379
62 43
62 67
62 68
62 272
62 455
63 41
63 59
63 65
63 66
63 482
64 150
64 152
64 222
64 252
64 462
65 63
65 66
65 71
65 156
65 239
66 63
66 65
66 71
66 156
66 461
67 62
67 68
67 272
67 278
67 439
68 62
68 67
68 272
68 278
68 437
69 72
69 73
69 75
69 278
69 287
70 166
70 167
70 238
70 286
70 488
71 65
71 66
71 78
71 156
71 183
72 69
72 73
72 75
72 272
72 287
73 69
73 72
73 75
73 287
73 450
74 84
74 163
74 302
74 404
74 492
75 69
75 72
75 73
75 196
75 287
76 165
76 166
76 238
76 301
76 485
77 28
77 61
77 102
77 103
77 430
78 71
78 84
78 136
78 156
78 315
79 196
79 287
79 289
79 476
79 491
80 82
80 83
80 196
80 289
80 438
81 86
81 141
81 205
81 436
81 488
82 80
82 83
82 85
82 289
82 484
83 80
83 82
83 85
83 196
83 289
84 7
84 74
84 78
84 91
84 163
85 82
85 83
85 88
85 89
85 90
86 81
86 107
86 205
86 329
86 424
87 19
87 157
87 164
87 168
87 466
88 85
88 89
88 90
88 336
88 478
89 85
89 88
89 90
89 374
89 376
90 85
90 88
90 89
90 93
90 364
91 84
91 163
91 205
91 208
91 482
92 95
92 205
92 310
92 386
92 446
93 90
93 100
93 314
93 420
93 440
94 32
94 149
94 150
94 252
94 497
95 92
95 104
95 107
95 119
95 212
96 245
96 251
96 260
96 279
96 285
97 100
97 101
97 405
97 414
97 492
98 100
98 101
98 308
98 405
98 449
99 195
99 276
99 394
99 422
99 473
100 93
100 97
100 98
100 101
100 405
101 97
101 98
101 100
101 308
101 405
102 28
102 77
102 308
102 414
102 430
103 28
103 77
103 106
103 441
103 460
104 6
104 95
104 107
104 119
104 276
105 25
105 109
105 178
105 182
105 183
106 61
106 103
106 110
106 289
106 379
107 86
107 95
107 104
107 119
107 129
108 175
108 176
108 180
108 181
108 198
109 18
109 105
109 182
109 183
109 458
110 61
110 106
110 111
110 379
110 483
111 110
111 112
111 115
111 116
111 379
112 111
112 115
112 116
112 277
112 479
113 144
113 210
113 233
113 290
113 495
114 55
114 56
114 57
114 58
114 59
115 111
115 112
115 116
115 437
115 457
116 111
116 112
116 115
116 117
116 474
117 116
117 118
117 120
117 352
117 432
118 42
118 117
118 120
118 422
118 499
119 95
119 104
119 107
119 129
119 310
120 42
120 117
120 118
120 326
120 327
121 122
121 123
121 191
121 247
121 344
122 121
122 123
122 191
122 247
122 326
123 121
123 122
123 191
123 326
123 378
124 26
124 37
124 44
124 48
124 51
125 22
125 126
125 336
125 421
125 454
126 22
126 125
126 128
126 191
126 274
127 24
127 169
127 259
127 475
127 498
128 126
128 130
128 132
128 274
128 472
129 107
129 119
129 188
129 492
129 499
130 128
130 132
130 133
130 274
130 424
131 136
131 137
131 139
131 313
131 423
132 128
132 130
132 133
132 135
132 274
133 130
133 132
133 135
133 378
133 489
134 25
134 157
134 164
134 168
134 402
135 132
135 133
135 137
135 391
135 497
136 11
136 78
136 131
136 137
136 313
136 470
137 11
137 131
137 135
137 136
137 313
138 11
138 139
138 142
138 263
138 408
139 131
139 138
139 142
139 143
139 263
140 2
140 33
140 161
140 162
140 475
141 81
141 145
141 148
141 374
141 450
142 138
142 139
142 143
142 263
142 463
143 139
143 142
143 252
143 263
143 313
144 113
144 224
144 228
144 302
144 460
145 141
145 146
145 148
145 188
145 331
146 30
146 145
146 147
146 148
146 177
147 30
147 146
147 148
147 188
147 262
148 141
148 145
148 146
148 147
148 351
149 32
149 94
149 252
149 263
149 499
150 64
150 94
150 151
150 152
150 222
151 150
151 152
151 153
151 222
151 405
152 64
152 150
152 151
152 153
152 222
153 151
153 152
153 187
153 222
153 479
154 155
154 158
154 187
154 311
154 480
155 154
155 158
155 161
155 187
155 467
156 65
156 66
156 71
156 78
156 163
157 87
157 134
157 168
157 173
157 284
158 33
158 154
158 155
158 161
158 187
159 3
159 6
159 49
159 221
159 376
160 208
160 209
160 255
160 256
160 371
161 33
161 140
161 155
161 158
161 187
162 33
162 140
162 165
162 238
162 360
163 74
163 84
163 91
163 156
163 205
164 87
164 134
164 168
164 245
164 496
165 2
165 76
165 162
165 238
165 301
166 24
166 70
166 76
166 167
166 248
167 24
167 70
167 166
167 248
167 259
168 87
168 134
168 157
168 164
168 276
169 127
169 170
169 172
169 360
169 470
170 169
170 171
170 172
170 174
170 214
171 170
171 174
171 214
171 423
171 464
172 169
172 170
172 174
172 259
172 493
173 18
173 25
173 26
173 157
173 177
174 170
174 171
174 172
174 214
174 261
175 108
175 176
175 261
175 322
175 379
176 5
176 108
176 175
176 180
176 478
177 18
177 25
177 146
177 173
177 188
178 105
178 183
178 251
178 301
178 438
179 182
179 197
179 253
179 298
179 451
180 5
180 108
180 176
180 198
180 261
181 60
181 108
181 192
181 197
181 200
182 3
182 105
182 109
182 179
182 253
183 71
183 105
183 109
183 178
183 253
184 4
184 8
184 12
184 185
184 386
184 487
185 4
185 8
185 10
185 12
185 14
185 184
186 190
186 193
186 291
186 408
186 425
186 489
187 153
187 154
187 155
187 158
187 161
187 481
188 30
188 129
188 145
188 147
188 177
188 405
189 9
189 208
189 209
189 215
189 255
189 256
190 186
190 193
190 199
190 203
190 291
190 408
191 22
191 121
191 122
191 123
191 126
191 247
192 181
192 197
192 200
192 202
192 318
192 416
193 186
193 190
193 199
193 203
193 291
193 469
194 46
194 210
194 234
194 254
194 340
194 469
195 3
195 49
195 55
195 99
195 276
195 407
196 75
196 79
196 80
196 83
196 289
196 399
197 60
197 179
197 181
197 192
197 200
197 202
198 60
198 108
198 180
198 214
198 261
198 484
199 190
199 193
199 203
199 204
199 207
199 291
200 181
200 192
200 197
200 202
200 471
200 492
201 286
201 311
201 322
201 355
201 359
201 360
202 30
202 192
202 197
202 200
202 206
202 468
203 190
203 193
203 199
203 207
203 213
203 291
204 199
204 207
204 213
204 288
204 291
204 425
205 81
205 86
205 91
205 92
205 163
205 250
206 9
206 202
206 208
206 282
206 355
206 471
207 199
207 203
207 204
207 213
207 288
207 434
208 9
208 91
208 160
208 189
208 206
208 492
209 160
209 189
209 255
209 256
209 415
209 431
210 46
210 113
210 194
210 228
210 233
210 500
211 218
211 225
211 288
211 340
211 403
211 491
212 95
212 215
212 216
212 256
212 295
212 349
213 203
213 204
213 207
213 288
213 340
213 446
214 170
214 171
214 174
214 198
214 261
214 330
215 189
215 212
215 216
215 235
215 295
215 299
216 212
216 215
216 290
216 295
216 407
216 429
217 258
217 305
217 309
217 314
217 427
217 436
218 211
218 220
218 225
218 226
218 340
218 487
219 245
219 260
219 279
219 324
219 343
219 455
220 218
220 225
220 226
220 227
220 340
220 406
221 3
221 41
221 159
221 276
221 305
221 495
222 32
222 64
222 150
222 151
222 152
222 153
223 292
223 294
223 297
223 298
223 437
223 500
224 144
224 228
224 277
224 290
224 302
224 362
225 211
225 218
225 220
225 226
225 227
225 288
226 218
226 220
226 225
226 227
226 230
226 492
227 220
227 225
227 226
227 230
227 231
227 237
228 48
228 144
228 210
228 224
228 302
228 426
229 236
229 327
229 332
229 337
229 338
229 359
230 226
230 227
230 231
230 237
230 380
230 475
231 227
231 230
231 235
231 237
231 240
231 243
232 240
232 242
232 243
232 244
232 268
232 432
233 46
233 113
233 210
233 302
233 338
233 467
234 23
234 46
234 50
234 194
234 321
234 452
235 215
235 231
235 240
235 242
235 243
235 389
235 461
236 229
236 327
236 332
236 338
236 352
236 497
237 227
237 230
237 231
237 243
237 412
237 426
238 2
238 70
238 76
238 162
238 165
238 301
239 65
239 241
239 246
239 250
239 262
239 381
240 231
240 232
240 235
240 242
240 243
240 450
241 50
241 239
241 246
241 250
241 262
241 303
242 232
242 235
242 240
242 244
242 375
242 496
243 231
243 232
243 235
243 237
243 240
243 244
244 232
244 242
244 243
244 257
244 267
244 268
245 96
245 164
245 219
245 260
245 266
245 324
246 23
246 50
246 239
246 241
246 395
246 469
247 42
247 121
247 122
247 191
247 326
247 471
248 166
248 167
248 285
248 301
248 330
248 490
248 494
249 257
249 267
249 268
249 317
249 339
249 479
250 205
250 239
250 241
250 254
250 262
250 379
251 96
251 178
251 266
251 285
251 351
251 420
252 32
252 64
252 94
252 143
252 149
252 487
253 57
253 58
253 179
253 182
253 183
253 332
254 23
254 50
254 194
254 250
254 362
254 409
255 9
255 160
255 189
255 209
255 256
255 357
256 160
256 189
256 209
256 212
256 255
256 299
257 244
257 249
257 267
257 268
257 317
257 401
258 217
258 305
258 336
258 374
258 386
258 454
259 24
259 127
259 167
259 172
259 398
259 481
260 96
260 219
260 245
260 324
260 347
260 401
261 5
261 174
261 175
261 180
261 198
261 214
262 147
262 239
262 241
262 250
262 334
262 377
263 138
263 139
263 142
263 143
263 149
263 436
264 265
264 269
264 303
264 376
264 445
264 457
265 264
265 280
265 303
265 324
265 449
265 451
266 245
266 251
266 285
266 351
266 353
266 496
267 244
267 249
267 257
267 268
267 317
267 401
267 496
268 232
268 244
268 249
268 257
268 267
268 333
268 401
269 264
269 275
269 283
269 300
269 317
269 401
269 442
270 281
270 304
270 319
270 325
270 383
270 411
270 460
271 20
271 29
271 35
271 40
271 365
271 369
271 392
272 62
272 67
272 68
272 72
272 278
272 335
272 384
273 38
273 316
273 331
273 342
273 344
273 349
273 407
274 22
274 126
274 128
274 130
274 132
274 419
274 473
275 269
275 282
275 283
275 296
275 300
275 320
275 437
276 49
276 99
276 104
276 168
276 195
276 221
276 351
276 382
277 112
277 224
277 309
277 352
277 364
277 418
277 420
277 492
278 34
278 67
278 68
278 69
278 272
278 287
278 405
278 486
279 59
279 96
279 219
279 299
279 303
279 351
279 390
280 1
280 265
280 294
280 297
280 298
280 307
280 437
281 270
281 304
281 319
281 325
281 383
281 411
281 460
282 206
282 275
282 296
282 300
282 317
282 320
282 494
283 269
283 275
283 300
283 317
283 401
283 443
283 452
284 31
284 52
284 157
284 330
284 407
284 469
284 495
285 96
285 248
285 251
285 266
285 351
285 418
285 488
286 70
286 201
286 311
286 337
286 359
286 360
286 419
287 55
287 69
287 72
287 73
287 75
287 79
287 278
288 34
288 204
288 207
288 211
288 213
288 225
288 340
288 441
289 79
289 80
289 82
289 83
289 106
289 196
289 345
290 113
290 216
290 224
290 295
290 302
290 365
290 449
291 56
291 186
291 190
291 193
291 199
291 203
291 204
291 479
292 223
292 294
292 297
292 335
292 437
292 462
292 477
293 19
293 306
293 315
293 334
293 353
293 362
293 495
294 16
294 223
294 280
294 292
294 298
294 312
294 437
295 212
295 215
295 216
295 290
295 299
295 302
295 420
296 275
296 282
296 300
296 312
296 320
296 363
296 401
297 1
297 13
297 223
297 280
297 292
297 307
297 382
298 179
298 223
298 280
298 294
298 435
298 437
298 485
299 215
299 256
299 279
299 295
299 359
299 397
299 432
300 269
300 275
300 282
300 283
300 296
300 320
300 324
301 76
301 165
301 178
301 238
301 248
301 307
301 477
302 74
302 144
302 224
302 228
302 233
302 290
302 295
303 241
303 264
303 265
303 279
303 320
303 324
303 368
304 270
304 281
304 319
304 325
304 341
304 383
304 411
305 217
305 221
305 258
305 309
305 314
305 374
305 436
306 293
306 315
306 357
306 362
306 424
306 484
307 1
307 10
307 280
307 297
307 301
307 435
307 437
308 98
308 101
308 102
308 309
308 337
308 405
308 425
309 217
309 277
309 305
309 308
309 314
309 364
309 420
310 92
310 119
310 315
310 323
310 329
310 333
310 353
310 424
311 154
311 201
311 286
311 322
311 337
311 355
311 357
312 27
312 294
312 296
312 331
312 349
312 407
312 434
312 448
313 11
313 131
313 136
313 137
313 143
313 412
313 441
314 93
314 217
314 305
314 309
314 336
314 364
314 436
315 78
315 293
315 306
315 310
315 334
315 353
315 362
316 53
316 273
316 344
316 349
316 354
316 386
316 474
317 249
317 257
317 267
317 269
317 282
317 283
317 401
318 192
318 350
318 368
318 377
318 390
318 392
318 394
318 483
319 270
319 281
319 304
319 325
319 341
319 348
319 411
320 275
320 282
320 296
320 300
320 303
320 333
320 385
321 234
321 323
321 333
321 424
321 441
321 472
321 473
322 175
322 201
322 311
322 355
322 357
322 444
322 500
323 21
323 310
323 321
323 329
323 333
323 353
323 424
324 219
324 245
324 260
324 265
324 300
324 303
324 334
325 270
325 281
325 304
325 319
325 341
325 348
325 411
326 42
326 120
326 122
326 123
326 247
326 436
326 491
327 120
327 229
327 236
327 332
327 338
327 352
327 418
328 341
328 348
328 387
328 417
328 419
328 426
328 430
328 485
329 17
329 86
329 310
329 323
329 353
329 424
329 471
329 499
330 36
330 38
330 39
330 40
330 47
330 214
330 248
330 284
331 29
331 145
331 273
331 312
331 342
331 384
331 404
331 407
332 229
332 236
332 253
332 327
332 337
332 338
332 344
332 427
333 268
333 310
333 320
333 321
333 323
333 334
333 424
333 430
334 262
334 293
334 315
334 324
334 333
334 362
334 424
334 499
335 272
335 292
335 336
335 343
335 354
335 374
335 376
335 386
336 88
336 125
336 258
336 314
336 335
336 374
336 376
336 436
337 42
337 229
337 286
337 308
337 311
337 332
337 359
337 360
338 229
338 233
338 236
338 327
338 332
338 409
338 418
338 475
339 249
339 363
339 373
339 381
339 382
339 384
339 385
339 432
340 194
340 211
340 213
340 218
340 220
340 288
340 490
340 497
341 304
341 319
341 325
341 328
341 348
341 387
341 411
341 460
342 47
342 273
342 331
342 344
342 349
342 377
342 407
342 472
343 219
343 335
343 354
343 376
343 418
343 436
343 443
343 452
344 121
344 273
344 316
344 332
344 342
344 349
344 354
344 407
345 289
345 378
345 391
345 400
345 404
345 414
345 422
345 423
346 347
346 361
346 428
346 448
346 455
346 458
346 462
346 471
347 260
347 346
347 356
347 361
347 428
347 448
347 458
347 462
347 471
348 59
348 319
348 325
348 328
348 341
348 387
348 426
348 430
349 212
349 273
349 312
349 316
349 342
349 344
349 354
349 407
350 23
350 318
350 371
350 377
350 391
350 392
350 397
350 422
351 18
351 148
351 251
351 266
351 276
351 279
351 285
351 431
352 7
352 117
352 236
352 277
352 327
352 364
352 418
352 420
353 266
353 293
353 310
353 315
353 323
353 329
353 424
353 484
354 45
354 316
354 335
354 343
354 344
354 349
354 386
354 480
355 201
355 206
355 311
355 322
355 357
355 362
355 365
355 470
356 347
356 361
356 372
356 402
356 421
356 449
356 471
356 479
357 21
357 255
357 306
357 311
357 322
357 355
357 362
357 499
358 49
358 377
358 390
358 394
358 440
358 450
358 467
358 474
359 22
359 201
359 229
359 286
359 299
359 337
359 360
359 465
360 162
360 169
360 201
360 286
360 337
360 359
360 373
360 439
361 346
361 347
361 356
361 372
361 402
361 421
361 457
361 471
362 224
362 254
362 293
362 306
362 315
362 334
362 355
362 357
363 296
363 339
363 373
363 381
363 384
363 385
363 395
363 432
364 90
364 277
364 309
364 314
364 352
364 418
364 420
364 434
365 13
365 14
365 16
365 27
365 35
365 271
365 290
365 355
366 367
366 369
366 387
366 400
366 413
366 419
366 426
366 430
367 366
367 369
367 370
367 413
367 430
367 440
367 446
367 450
368 303
368 318
368 377
368 390
368 392
368 394
368 440
368 470
369 271
369 366
369 367
369 370
369 413
369 419
369 440
369 450
370 367
370 369
370 413
370 430
370 440
370 450
370 491
370 494
371 160
371 350
371 378
371 391
371 397
371 414
371 422
371 453
372 356
372 361
372 398
372 402
372 421
372 449
372 457
372 463
373 339
373 360
373 363
373 384
373 385
373 404
373 432
373 435
374 89
374 141
374 258
374 305
374 335
374 336
374 376
374 458
375 242
375 380
375 389
375 408
375 409
375 412
375 425
375 441
376 89
376 159
376 264
376 335
376 336
376 343
376 374
376 380
376 386
377 262
377 318
377 342
377 350
377 358
377 368
377 390
377 392
377 394
378 123
378 133
378 345
378 371
378 391
378 392
378 397
378 414
378 422
379 61
379 106
379 110
379 111
379 175
379 250
379 433
379 438
379 464
380 230
380 375
380 376
380 389
380 409
380 412
380 425
380 441
380 483
380 484
381 36
381 239
381 339
381 363
381 382
381 384
381 385
381 395
381 435
382 276
382 297
382 339
382 381
382 400
382 404
382 423
382 435
382 465
383 270
383 281
383 304
383 411
383 426
383 433
383 460
383 472
383 492
384 272
384 331
384 339
384 363
384 373
384 381
384 385
384 395
384 411
385 320
385 339
385 363
385 373
385 381
385 384
385 395
385 432
385 460
386 20
386 92
386 184
386 258
386 316
386 335
386 354
386 376
386 472
386 492
387 34
387 328
387 341
387 348
387 366
387 413
387 419
387 430
387 450
388 393
388 396
388 416
388 444
388 467
388 473
388 475
388 479
388 489
389 235
389 375
389 380
389 408
389 409
389 410
389 412
389 425
389 441
390 279
390 318
390 358
390 368
390 377
390 392
390 394
390 408
390 489
391 135
391 345
391 350
391 371
391 378
391 397
391 414
391 422
391 435
392 271
392 318
392 350
392 368
392 377
392 378
392 390
392 394
392 397
393 388
393 396
393 416
393 442
393 444
393 473
393 475
393 479
393 489
394 99
394 318
394 358
394 368
394 377
394 390
394 392
394 445
394 450
395 53
395 246
395 363
395 381
395 384
395 385
395 423
395 435
395 455
396 388
396 393
396 416
396 428
396 442
396 444
396 475
396 479
396 489
397 299
397 350
397 371
397 378
397 391
397 392
397 422
397 428
397 465
398 259
398 372
398 402
398 410
398 421
398 438
398 449
398 456
398 457
398 463
399 196
399 410
399 427
399 438
399 452
399 454
399 456
399 457
399 470
400 345
400 366
400 382
400 404
400 423
400 435
400 472
400 476
400 498
401 257
401 260
401 267
401 268
401 269
401 283
401 296
401 317
401 469
402 134
402 356
402 361
402 372
402 398
402 449
402 457
402 463
402 471
403 211
403 406
403 415
403 431
403 434
403 444
403 446
403 461
403 469
404 74
404 331
404 345
404 373
404 382
404 400
404 414
404 423
404 499
405 97
405 98
405 100
405 101
405 151
405 188
405 278
405 308
405 497
406 220
406 403
406 415
406 431
406 434
406 439
406 443
406 461
406 469
407 195
407 216
407 273
407 284
407 312
407 331
407 342
407 344
407 349
408 138
408 186
408 190
408 375
408 389
408 390
408 409
408 425
408 495
408 498
409 254
409 338
409 375
409 380
409 389
409 408
409 412
409 432
409 441
409 480
410 389
410 398
410 399
410 427
410 438
410 452
410 454
410 456
410 463
410 490
411 270
411 281
411 304
411 319
411 325
411 341
411 383
411 384
411 460
411 490
412 56
412 237
412 313
412 375
412 380
412 389
412 409
412 425
412 441
412 446
413 366
413 367
413 369
413 370
413 387
413 414
413 419
413 426
413 459
413 479
414 97
414 102
414 345
414 371
414 378
414 391
414 404
414 413
414 421
414 422
415 209
415 403
415 406
415 431
415 434
415 446
415 460
415 469
415 472
415 494
416 192
416 388
416 393
416 396
416 428
416 442
416 448
416 455
416 475
416 489
417 328
417 431
417 433
417 434
417 446
417 460
417 469
417 472
417 480
417 492
418 277
418 285
418 327
418 338
418 343
418 352
418 364
418 420
418 468
418 480
419 274
419 286
419 328
419 366
419 369
419 387
419 413
419 426
419 430
419 433
420 93
420 251
420 277
420 295
420 309
420 352
420 364
420 418
420 436
420 489
421 125
421 356
421 361
421 372
421 398
421 414
421 449
421 457
421 463
421 471
422 51
422 99
422 118
422 345
422 350
422 371
422 378
422 391
422 397
422 414
423 131
423 171
423 345
423 382
423 395
423 400
423 404
423 435
423 458
423 492
424 86
424 130
424 306
424 310
424 321
424 323
424 329
424 333
424 334
424 353
425 186
425 204
425 308
425 375
425 380
425 389
425 408
425 412
425 441
425 486
426 228
426 237
426 328
426 348
426 366
426 383
426 413
426 419
426 430
426 450
427 217
427 332
427 399
427 410
427 431
427 443
427 452
427 454
427 456
427 470
428 346
428 347
428 396
428 397
428 416
428 442
428 443
428 448
428 455
428 458
428 462
429 216
429 445
429 447
429 451
429 453
429 459
429 465
429 481
429 487
429 495
429 499
430 77
430 102
430 328
430 333
430 348
430 366
430 367
430 370
430 387
430 419
430 426
431 209
431 351
431 403
431 406
431 415
431 417
431 427
431 439
431 443
431 461
431 469
432 117
432 232
432 299
432 339
432 363
432 373
432 385
432 409
432 441
432 448
432 470
433 379
433 383
433 417
433 419
433 434
433 446
433 452
433 456
433 472
433 484
433 492
434 207
434 312
434 364
434 403
434 406
434 415
434 417
434 433
434 446
434 469
434 472
435 11
435 298
435 307
435 373
435 381
435 382
435 391
435 395
435 400
435 423
435 487
436 33
436 81
436 217
436 263
436 305
436 314
436 326
436 336
436 343
436 420
436 481
437 1
437 60
437 68
437 115
437 223
437 275
437 280
437 292
437 294
437 298
437 307
438 80
438 178
438 379
438 398
438 399
438 410
438 452
438 454
438 456
438 457
438 463
439 67
439 360
439 406
439 431
439 443
439 456
439 461
439 463
439 469
439 482
439 485
440 57
440 93
440 358
440 367
440 368
440 369
440 370
440 450
440 453
440 492
440 498
441 103
441 288
441 313
441 321
441 375
441 380
441 389
441 409
441 412
441 425
441 432
442 269
442 393
442 396
442 416
442 428
442 448
442 455
442 458
442 462
442 475
442 487
443 283
443 343
443 406
443 427
443 428
443 431
443 439
443 454
443 461
443 469
443 470
444 322
444 388
444 393
444 396
444 403
444 445
444 453
444 467
444 473
444 479
444 489
444 499
445 264
445 394
445 429
445 444
445 451
445 453
445 459
445 465
445 467
445 473
445 481
445 487
445 499
446 92
446 213
446 367
446 403
446 412
446 415
446 417
446 433
446 434
446 472
446 492
446 497
447 429
447 459
447 461
447 468
447 474
447 476
447 478
447 480
447 481
447 484
447 487
447 497
448 312
448 346
448 347
448 416
448 428
448 432
448 442
448 455
448 458
448 462
448 470
448 482
449 9
449 98
449 265
449 290
449 356
449 372
449 398
449 402
449 421
449 457
449 463
449 471
450 73
450 141
450 240
450 358
450 367
450 369
450 370
450 387
450 394
450 426
450 440
450 472
451 179
451 265
451 429
451 445
451 453
451 459
451 465
451 467
451 473
451 481
451 487
451 499
452 234
452 283
452 343
452 399
452 410
452 427
452 433
452 438
452 454
452 456
452 462
452 470
453 371
453 429
453 440
453 444
453 445
453 451
453 465
453 467
453 473
453 479
453 489
453 499
454 24
454 30
454 125
454 258
454 399
454 410
454 427
454 438
454 443
454 452
454 456
454 470
454 475
455 62
455 219
455 346
455 395
455 416
455 428
455 442
455 448
455 458
455 462
455 475
455 489
456 398
456 399
456 410
456 427
456 433
456 438
456 439
456 452
456 454
456 460
456 470
456 499
457 115
457 264
457 361
457 372
457 398
457 399
457 402
457 421
457 438
457 449
457 463
457 476
458 109
458 346
458 347
458 374
458 423
458 428
458 442
458 448
458 455
458 462
458 470
458 471
458 478
459 413
459 429
459 445
459 447
459 451
459 465
459 475
459 478
459 480
459 481
459 487
459 497
459 499
460 8
460 103
460 144
460 270
460 281
460 341
460 383
460 385
460 411
460 415
460 417
460 456
460 472
461 5
461 46
461 56
461 66
461 235
461 403
461 406
461 431
461 439
461 443
461 447
461 469
461 470
462 64
462 292
462 346
462 347
462 428
462 442
462 448
462 452
462 455
462 458
462 463
462 471
462 487
463 41
463 142
463 372
463 398
463 402
463 410
463 421
463 438
463 439
463 449
463 457
463 462
463 489
464 171
464 379
464 466
464 468
464 474
464 476
464 477
464 478
464 480
464 483
464 484
464 495
464 497
465 359
465 382
465 397
465 429
465 445
465 451
465 453
465 459
465 467
465 473
465 481
465 483
465 499
466 87
466 464
466 468
466 474
466 476
466 477
466 482
466 483
466 484
466 485
466 488
466 494
466 495
467 29
467 155
467 233
467 358
467 388
467 444
467 445
467 451
467 453
467 465
467 473
467 479
467 489
467 499
468 28
468 202
468 418
468 447
468 464
468 466
468 474
468 476
468 477
468 478
468 480
468 483
468 484
468 497
469 193
469 194
469 246
469 284
469 401
469 403
469 406
469 415
469 417
469 431
469 434
469 439
469 443
469 461
470 136
470 169
470 355
470 368
470 399
470 427
470 432
470 443
470 448
470 452
470 454
470 456
470 458
470 461
471 200
471 206
471 247
471 329
471 346
471 347
471 356
471 361
471 402
471 421
471 449
471 458
471 462
471 492
472 5
472 128
472 321
472 342
472 383
472 386
472 400
472 415
472 417
472 433
472 434
472 446
472 450
472 460
472 492
473 57
473 99
473 274
473 321
473 388
473 393
473 444
473 445
473 451
473 453
473 465
473 467
473 479
473 489
473 499
474 116
474 316
474 358
474 447
474 464
474 466
474 468
474 476
474 477
474 478
474 480
474 483
474 484
474 495
474 497
475 127
475 140
475 230
475 338
475 388
475 393
475 396
475 416
475 442
475 454
475 455
475 459
475 479
475 481
475 489
476 79
476 400
476 447
476 457
476 464
476 466
476 468
476 474
476 478
476 480
476 481
476 484
476 487
476 492
476 497
477 292
477 301
477 464
477 466
477 468
477 474
477 478
477 482
477 483
477 484
477 485
477 488
477 494
477 495
477 496
478 88
478 176
478 447
478 458
478 459
478 464
478 468
478 474
478 476
478 477
478 480
478 481
478 484
478 487
478 497
478 498
479 112
479 153
479 249
479 291
479 356
479 388
479 393
479 396
479 413
479 444
479 453
479 467
479 473
479 475
479 489
479 499
480 154
480 354
480 409
480 417
480 418
480 447
480 459
480 464
480 468
480 474
480 476
480 478
480 481
480 484
480 487
480 497
481 187
481 259
481 429
481 436
481 445
481 447
481 451
481 459
481 465
481 475
481 476
481 478
481 480
481 487
481 496
481 497
482 15
482 63
482 91
482 439
482 448
482 466
482 477
482 483
482 485
482 486
482 488
482 490
482 491
482 494
482 495
482 496
482 498
483 110
483 318
483 380
483 464
483 465
483 466
483 468
483 474
483 477
483 482
483 485
483 488
483 490
483 494
483 495
483 496
483 498
484 82
484 198
484 306
484 353
484 380
484 433
484 447
484 464
484 466
484 468
484 474
484 476
484 477
484 478
484 480
484 487
484 497
485 76
485 298
485 328
485 439
485 466
485 477
485 482
485 483
485 488
485 490
485 491
485 493
485 494
485 495
485 496
485 498
485 500
486 278
486 425
486 482
486 488
486 490
486 491
486 493
486 494
486 496
486 498
486 500
487 184
487 218
487 252
487 429
487 435
487 442
487 445
487 447
487 451
487 459
487 462
487 476
487 478
487 480
487 481
487 484
487 497
488 70
488 81
488 285
488 466
488 477
488 482
488 483
488 485
488 486
488 490
488 491
488 492
488 493
488 494
488 495
488 496
488 498
489 15
489 48
489 133
489 186
489 388
489 390
489 393
489 396
489 416
489 420
489 444
489 453
489 455
489 463
489 467
489 473
489 475
489 479
490 248
490 340
490 410
490 411
490 482
490 483
490 485
490 486
490 488
490 491
490 493
490 494
490 495
490 496
490 498
490 500
491 79
491 211
491 326
491 370
491 482
491 485
491 486
491 488
491 490
491 493
491 494
491 496
491 498
491 500
492 36
492 74
492 97
492 129
492 200
492 208
492 226
492 277
492 383
492 386
492 417
492 423
492 433
492 440
492 446
492 471
492 472
492 476
492 488
493 60
493 172
493 485
493 486
493 488
493 490
493 491
493 494
493 495
493 496
493 498
493 500
494 3
494 248
494 282
494 370
494 415
494 466
494 477
494 482
494 483
494 485
494 486
494 488
494 490
494 491
494 493
494 495
494 496
494 498
494 500
495 113
495 221
495 284
495 293
495 408
495 429
495 464
495 466
495 474
495 477
495 482
495 483
495 485
495 488
495 490
495 493
495 494
495 496
495 498
496 164
496 242
496 266
496 267
496 477
496 481
496 482
496 483
496 485
496 486
496 488
496 490
496 491
496 493
496 494
496 495
496 498
496 500
497 2
497 44
497 94
497 135
497 236
497 340
497 405
497 446
497 447
497 459
497 464
497 468
497 474
497 476
497 478
497 480
497 481
497 484
497 487
498 21
498 32
498 127
498 400
498 408
498 440
498 478
498 482
498 483
498 485
498 486
498 488
498 490
498 491
498 493
498 494
498 495
498 496
498 500
499 13
499 39
499 58
499 118
499 129
499 149
499 329
499 334
499 357
499 404
499 429
499 444
499 445
499 451
499 453
499 456
499 459
499 465
499 467
499 473
499 479
500 2
500 210
500 223
500 322
500 485
500 486
500 490
500 491
500 493
500 494
500 496
500 498
