1 24
1 118
1 291
1 345
1 442
2 171
2 349
2 450
2 462
2 480
3 158
3 197
3 465
3 480
3 486
4 238
4 314
4 423
4 447
4 494
5 168
5 186
5 352
5 378
5 480
6 81
6 187
6 397
6 410
6 476
7 29
7 41
7 181
7 319
7 454
8 23
8 326
8 375
8 395
8 468
9 90
9 325
9 423
9 485
9 499
10 28
10 315
10 409
10 488
10 499
11 321
11 423
11 445
11 461
11 489
12 185
12 258
12 324
12 439
12 466
13 208
13 228
13 236
13 273
13 454
14 83
14 377
14 415
14 420
14 493
15 210
15 211
15 276
15 362
15 369
16 21
16 234
16 253
16 418
16 452
17 216
17 219
17 290
17 434
17 456
18 52
18 95
18 111
18 383
18 471
19 105
19 395
19 433
19 440
19 463
20 189
20 202
20 470
20 478
20 493
21 16
21 246
21 293
21 489
21 490
22 79
22 182
22 339
22 428
22 448
23 8
23 47
23 276
23 433
23 490
24 1
24 56
24 133
24 228
24 341
25 241
25 300
25 349
25 475
25 500
26 93
26 143
26 197
26 381
26 390
27 155
27 338
27 356
27 429
27 494
28 10
28 251
28 432
28 441
28 452
29 7
29 241
29 390
29 432
29 481
30 336
30 401
30 408
30 434
30 500
31 190
31 254
31 390
31 433
31 446
32 173
32 339
32 429
32 449
32 493
33 203
33 363
33 366
33 432
33 436
34 94
34 158
34 237
34 317
34 423
35 122
35 233
35 296
35 329
35 343
36 256
36 274
36 370
36 488
36 497
37 140
37 386
37 410
37 422
37 425
38 230
38 250
38 278
38 326
38 401
39 217
39 349
39 355
39 402
39 480
40 117
40 214
40 238
40 353
40 428
41 7
41 129
41 140
41 172
41 373
42 192
42 199
42 208
42 336
42 363
43 129
43 225
43 296
43 297
43 403
44 306
44 334
44 409
44 411
44 458
45 122
45 144
45 319
45 492
45 495
46 164
46 271
46 353
46 396
46 453
47 23
47 203
47 321
47 412
47 484
48 217
48 337
48 437
48 447
48 499
49 226
49 240
49 286
49 310
49 410
50 118
50 297
50 332
50 417
50 429
51 301
51 374
51 450
51 461
51 475
52 18
52 59
52 332
52 373
52 396
53 109
53 152
53 316
53 404
53 491
54 132
54 196
54 382
54 454
54 494
55 300
55 380
55 446
55 449
55 478
56 24
56 150
56 274
56 291
56 455
57 247
57 455
57 462
57 493
57 498
58 80
58 143
58 233
58 425
58 479
59 52
59 199
59 347
59 352
59 429
60 82
60 190
60 210
60 318
60 358
61 127
61 205
61 243
61 363
61 423
62 368
62 375
62 392
62 423
62 426
63 93
63 318
63 340
63 391
63 395
64 66
64 164
64 295
64 458
64 487
65 305
65 318
65 424
65 494
65 499
66 64
66 257
66 330
66 420
66 486
67 108
67 202
67 220
67 399
67 474
68 100
68 286
68 490
68 493
68 500
69 144
69 352
69 367
69 479
69 499
70 200
70 234
70 268
70 292
70 427
71 242
71 299
71 342
71 369
71 472
72 116
72 254
72 309
72 320
72 485
73 195
73 245
73 387
73 471
73 473
74 83
74 96
74 106
74 354
74 483
75 121
75 206
75 285
75 477
75 489
76 97
76 331
76 403
76 421
76 500
77 233
77 321
77 346
77 404
77 465
78 149
78 169
78 242
78 421
78 436
79 22
79 290
79 365
79 416
79 482
80 58
80 125
80 258
80 354
80 453
81 6
81 300
81 378
81 397
81 499
82 60
82 144
82 309
82 423
82 486
83 14
83 74
83 127
83 364
83 445
84 169
84 216
84 456
84 472
84 483
85 293
85 428
85 467
85 468
85 490
86 148
86 363
86 393
86 467
86 500
87 212
87 259
87 328
87 407
87 423
88 178
88 454
88 461
88 474
88 500
89 98
89 172
89 187
89 337
89 456
90 9
90 161
90 213
90 311
90 445
91 300
91 336
91 385
91 398
91 442
92 106
92 287
92 424
92 478
92 479
93 26
93 63
93 194
93 386
93 408
94 34
94 188
94 275
94 290
94 321
95 18
95 153
95 287
95 394
95 468
96 74
96 356
96 412
96 471
96 481
97 76
97 154
97 173
97 405
97 458
98 89
98 304
98 385
98 425
98 468
99 316
99 327
99 367
99 387
99 481
100 68
100 244
100 264
100 392
100 465
101 114
101 368
101 377
101 408
101 481
102 290
102 384
102 418
102 482
102 497
103 289
103 291
103 350
103 466
103 476
104 305
104 383
104 455
104 472
104 491
105 19
105 468
105 473
105 480
105 489
106 74
106 92
106 406
106 426
106 479
107 327
107 328
107 356
107 371
107 473
108 67
108 262
108 414
108 440
108 451
109 53
109 388
109 421
109 484
109 494
110 321
110 358
110 383
110 398
110 481
111 18
111 137
111 150
111 252
111 489
112 185
112 301
112 348
112 490
112 497
113 231
113 237
113 382
113 418
113 477
114 101
114 119
114 160
114 398
114 472
115 347
115 358
115 476
115 478
115 499
116 72
116 119
116 214
116 425
116 461
117 40
117 316
117 345
117 459
117 495
118 1
118 50
118 223
118 231
118 498
119 114
119 116
119 339
119 415
119 485
120 308
120 376
120 425
120 448
120 468
121 75
121 291
121 341
121 402
121 456
122 35
122 45
122 227
122 239
122 407
123 189
123 316
123 360
123 389
123 499
124 149
124 235
124 361
124 364
124 439
125 80
125 218
125 439
125 464
125 480
126 342
126 348
126 363
126 419
126 492
127 61
127 83
127 272
127 313
127 440
128 135
128 239
128 374
128 484
128 500
129 41
129 43
129 292
129 325
129 373
130 207
130 380
130 385
130 466
130 481
131 135
131 204
131 462
131 486
131 492
132 54
132 248
132 387
132 466
132 495
133 24
133 229
133 273
133 404
133 495
134 249
134 284
134 313
134 335
134 474
135 128
135 131
135 208
135 209
135 448
136 206
136 304
136 348
136 413
136 452
137 111
137 215
137 324
137 378
137 388
138 214
138 257
138 350
138 405
138 436
139 154
139 251
139 366
139 378
139 422
140 37
140 41
140 272
140 394
140 427
141 360
141 448
141 463
141 472
141 478
142 146
142 389
142 429
142 431
142 449
143 26
143 58
143 250
143 360
143 470
144 45
144 69
144 82
144 151
144 229
145 253
145 356
145 385
145 448
145 500
146 142
146 173
146 195
146 217
146 496
147 203
147 235
147 313
147 349
147 469
148 86
148 384
148 403
148 419
148 498
149 78
149 124
149 350
149 414
149 486
150 56
150 111
150 269
150 401
150 494
151 144
151 158
151 194
151 428
151 443
152 53
152 365
152 371
152 437
152 443
153 95
153 191
153 217
153 274
153 489
154 97
154 139
154 336
154 337
154 493
155 27
155 190
155 401
155 469
155 477
156 264
156 268
156 283
156 415
156 457
157 277
157 304
157 305
157 329
157 479
158 3
158 34
158 151
158 186
158 471
159 371
159 377
159 392
159 403
159 450
160 114
160 189
160 208
160 457
160 480
161 90
161 321
161 355
161 471
161 496
162 299
162 404
162 440
162 451
162 483
163 241
163 399
163 426
163 451
163 490
164 46
164 64
164 397
164 417
164 476
165 244
165 370
165 455
165 495
165 498
166 273
166 362
166 390
166 457
166 460
167 223
167 228
167 393
167 472
167 487
168 5
168 309
168 344
168 381
168 464
169 78
169 84
169 225
169 387
169 490
170 189
170 379
170 454
170 466
170 495
171 2
171 298
171 378
171 418
171 473
172 41
172 89
172 179
172 343
172 482
173 32
173 97
173 146
173 456
173 466
174 247
174 415
174 441
174 460
174 470
175 404
175 408
175 424
175 465
175 496
176 246
176 330
176 346
176 353
176 434
177 335
177 406
177 418
177 463
177 476
178 88
178 192
178 242
178 249
178 472
179 172
179 322
179 376
179 429
179 463
180 411
180 418
180 458
180 478
180 492
181 7
181 366
181 421
181 438
181 460
182 22
182 267
182 379
182 476
182 500
183 188
183 294
183 361
183 427
183 435
184 386
184 389
184 401
184 404
184 496
185 12
185 112
185 433
185 484
185 487
186 5
186 158
186 332
186 430
186 480
187 6
187 89
187 334
187 339
187 352
187 370
188 94
188 183
188 250
188 307
188 327
188 484
189 20
189 123
189 160
189 170
189 277
189 493
190 31
190 60
190 155
190 416
190 458
190 489
191 153
191 325
191 368
191 374
191 407
191 498
192 42
192 178
192 215
192 238
192 314
192 357
193 278
193 306
193 307
193 341
193 380
193 498
194 93
194 151
194 198
194 368
194 424
194 435
195 73
195 146
195 324
195 342
195 378
195 497
196 54
196 334
196 351
196 393
196 438
196 460
197 3
197 26
197 226
197 243
197 406
197 473
198 194
198 228
198 308
198 315
198 398
198 457
199 42
199 59
199 219
199 259
199 435
199 485
200 70
200 201
200 248
200 259
200 325
200 464
201 200
201 318
201 368
201 432
201 474
201 493
202 20
202 67
202 257
202 375
202 459
202 461
203 33
203 47
203 147
203 471
203 495
203 496
204 131
204 287
204 410
204 452
204 483
204 500
205 61
205 258
205 379
205 420
205 484
205 486
206 75
206 136
206 306
206 315
206 439
206 441
207 130
207 209
207 270
207 351
207 361
207 494
208 13
208 42
208 135
208 160
208 297
208 380
209 135
209 207
209 375
209 378
209 464
209 474
210 15
210 60
210 290
210 338
210 362
210 451
211 15
211 284
211 377
211 432
211 488
211 494
212 87
212 217
212 372
212 411
212 473
212 475
213 90
213 217
213 304
213 314
213 416
213 449
214 40
214 116
214 138
214 364
214 465
214 490
215 137
215 192
215 347
215 365
215 379
215 456
216 17
216 84
216 294
216 322
216 400
216 453
217 39
217 48
217 146
217 153
217 212
217 213
218 125
218 237
218 310
218 345
218 359
218 402
219 17
219 199
219 367
219 442
219 458
219 484
220 67
220 221
220 271
220 282
220 387
220 495
221 220
221 407
221 427
221 432
221 469
221 478
222 317
222 327
222 369
222 381
222 424
222 477
223 118
223 167
223 412
223 434
223 463
223 469
224 284
224 312
224 320
224 415
224 452
224 462
225 43
225 169
225 397
225 419
225 451
225 493
226 49
226 197
226 241
226 325
226 336
226 388
227 122
227 302
227 308
227 329
227 340
227 428
228 13
228 24
228 167
228 198
228 281
228 390
229 133
229 144
229 237
229 338
229 354
229 491
230 38
230 288
230 323
230 436
230 438
230 475
231 113
231 118
231 372
231 470
231 488
231 491
232 349
232 391
232 396
232 412
232 414
232 430
233 35
233 58
233 77
233 295
233 298
233 460
234 16
234 70
234 302
234 360
234 418
234 436
235 124
235 147
235 431
235 488
235 489
235 494
236 13
236 353
236 404
236 406
236 441
236 477
237 34
237 113
237 218
237 229
237 443
237 473
238 4
238 40
238 192
238 240
238 346
238 424
239 122
239 128
239 267
239 340
239 396
239 401
240 49
240 238
240 295
240 357
240 442
240 479
241 25
241 29
241 163
241 226
241 245
241 350
242 71
242 78
242 178
242 327
242 444
242 497
243 61
243 197
243 369
243 473
243 478
243 480
244 100
244 165
244 248
244 323
244 449
244 495
245 73
245 241
245 265
245 318
245 390
245 462
246 21
246 176
246 338
246 341
246 450
246 492
247 57
247 174
247 329
247 393
247 440
247 459
248 132
248 200
248 244
248 374
248 467
248 489
249 134
249 178
249 254
249 303
249 428
249 439
250 38
250 143
250 188
250 300
250 429
250 461
251 28
251 139
251 283
251 347
251 399
251 455
252 111
252 295
252 331
252 384
252 391
252 397
253 16
253 145
253 365
253 408
253 430
253 436
254 31
254 72
254 249
254 299
254 330
254 432
255 280
255 383
255 385
255 405
255 473
255 478
256 36
256 315
256 347
256 399
256 455
256 497
257 66
257 138
257 202
257 431
257 437
257 494
258 12
258 80
258 205
258 408
258 449
258 495
259 87
259 199
259 200
259 376
259 435
259 466
260 264
260 394
260 469
260 490
260 491
260 497
261 264
261 292
261 396
261 449
261 488
261 495
262 108
262 286
262 288
262 293
262 414
262 461
263 326
263 371
263 460
263 480
263 488
263 500
264 100
264 156
264 260
264 261
264 360
264 406
265 245
265 301
265 443
265 447
265 467
265 492
266 269
266 303
266 361
266 390
266 470
266 483
267 182
267 239
267 412
267 416
267 433
267 496
268 70
268 156
268 274
268 480
268 483
268 494
269 150
269 266
269 306
269 337
269 446
269 483
270 207
270 333
270 334
270 356
270 425
270 493
271 46
271 220
271 346
271 366
271 397
271 399
272 127
272 140
272 408
272 442
272 452
272 483
273 13
273 133
273 166
273 333
273 390
273 497
274 36
274 56
274 153
274 268
274 358
274 494
275 94
275 376
275 395
275 400
275 463
275 496
276 15
276 23
276 288
276 338
276 396
276 460
277 157
277 189
277 319
277 381
277 392
277 434
278 38
278 193
278 395
278 415
278 463
278 486
279 308
279 323
279 335
279 376
279 383
279 454
280 255
280 302
280 353
280 409
280 457
280 470
281 228
281 297
281 400
281 409
281 471
281 496
282 220
282 334
282 370
282 461
282 467
282 485
283 156
283 251
283 328
283 364
283 400
283 477
284 134
284 211
284 224
284 329
284 467
284 483
285 75
285 389
285 402
285 454
285 474
285 497
286 49
286 68
286 262
286 323
286 333
286 404
286 425
287 92
287 95
287 204
287 290
287 336
287 397
287 414
288 230
288 262
288 276
288 355
288 357
288 467
288 477
289 103
289 303
289 306
289 409
289 421
289 476
289 485
290 17
290 79
290 94
290 102
290 210
290 287
290 481
291 1
291 56
291 103
291 121
291 367
291 466
291 468
292 70
292 129
292 261
292 309
292 380
292 412
292 493
293 21
293 85
293 262
293 366
293 394
293 400
293 480
294 183
294 216
294 361
294 401
294 427
294 467
294 491
295 64
295 233
295 240
295 252
295 363
295 387
295 464
296 35
296 43
296 330
296 400
296 416
296 447
296 469
297 43
297 50
297 208
297 281
297 318
297 346
297 431
298 171
298 233
298 328
298 355
298 401
298 461
298 469
299 71
299 162
299 254
299 314
299 399
299 445
299 487
300 25
300 55
300 81
300 91
300 250
300 450
300 479
301 51
301 112
301 265
301 303
301 304
301 447
301 485
302 227
302 234
302 280
302 305
302 345
302 370
302 488
303 249
303 266
303 289
303 301
303 444
303 453
303 500
304 98
304 136
304 157
304 213
304 301
304 344
304 476
305 65
305 104
305 157
305 302
305 312
305 417
305 458
306 44
306 193
306 206
306 269
306 289
306 400
306 494
307 188
307 193
307 311
307 398
307 426
307 458
307 498
308 120
308 198
308 227
308 279
308 349
308 488
308 498
309 72
309 82
309 168
309 292
309 447
309 456
309 474
310 49
310 218
310 367
310 467
310 472
310 475
310 482
311 90
311 307
311 337
311 396
311 413
311 422
311 488
312 224
312 305
312 462
312 465
312 489
312 492
312 500
313 127
313 134
313 147
313 392
313 435
313 481
313 493
314 4
314 192
314 213
314 299
314 419
314 421
314 442
315 10
315 198
315 206
315 256
315 375
315 459
315 500
316 53
316 99
316 117
316 123
316 357
316 383
316 385
317 34
317 222
317 341
317 456
317 472
317 484
317 491
318 60
318 63
318 65
318 201
318 245
318 297
318 377
319 7
319 45
319 277
319 408
319 419
319 483
319 500
320 72
320 224
320 416
320 430
320 434
320 438
320 455
321 11
321 47
321 77
321 94
321 110
321 161
321 377
322 179
322 216
322 413
322 473
322 476
322 488
322 490
323 230
323 244
323 279
323 286
323 354
323 460
323 463
324 12
324 137
324 195
324 339
324 478
324 485
324 490
325 9
325 129
325 191
325 200
325 226
325 340
325 499
326 8
326 38
326 263
326 332
326 358
326 429
326 479
327 99
327 107
327 188
327 222
327 242
327 383
327 481
328 87
328 107
328 283
328 298
328 352
328 420
328 426
329 35
329 157
329 227
329 247
329 284
329 342
329 379
330 66
330 176
330 254
330 296
330 359
330 454
330 492
331 76
331 252
331 422
331 436
331 445
331 466
331 475
332 50
332 52
332 186
332 326
332 444
332 449
332 496
333 270
333 273
333 286
333 391
333 441
333 462
333 469
334 44
334 187
334 196
334 270
334 282
334 341
334 441
334 445
335 134
335 177
335 279
335 365
335 454
335 470
335 478
335 497
336 30
336 42
336 91
336 154
336 226
336 287
336 362
336 486
337 48
337 89
337 154
337 269
337 311
337 350
337 450
337 483
338 27
338 210
338 229
338 246
338 276
338 439
338 465
338 477
339 22
339 32
339 119
339 187
339 324
339 394
339 410
339 479
340 63
340 227
340 239
340 325
340 411
340 457
340 458
340 497
341 24
341 121
341 193
341 246
341 317
341 334
341 355
341 484
342 71
342 126
342 195
342 329
342 382
342 426
342 438
342 494
343 35
343 172
343 369
343 389
343 414
343 444
343 482
343 495
344 168
344 304
344 369
344 383
344 425
344 481
344 483
344 495
345 1
345 117
345 218
345 302
345 420
345 435
345 470
345 478
346 77
346 176
346 238
346 271
346 297
346 361
346 417
346 465
347 59
347 115
347 215
347 251
347 256
347 371
347 493
347 500
348 112
348 126
348 136
348 392
348 395
348 418
348 475
348 497
349 2
349 25
349 39
349 147
349 232
349 308
349 438
349 498
350 103
350 138
350 149
350 241
350 337
350 417
350 432
350 458
351 196
351 207
351 388
351 403
351 415
351 422
351 453
351 498
352 5
352 59
352 69
352 187
352 328
352 400
352 478
352 490
353 40
353 46
353 176
353 236
353 280
353 415
353 456
353 466
354 74
354 80
354 229
354 323
354 357
354 364
354 373
354 471
355 39
355 161
355 288
355 298
355 341
355 403
355 443
355 464
356 27
356 96
356 107
356 145
356 270
356 412
356 433
356 493
357 192
357 240
357 288
357 316
357 354
357 362
357 365
357 477
358 60
358 110
358 115
358 274
358 326
358 372
358 394
358 450
359 218
359 330
359 421
359 434
359 455
359 465
359 486
359 492
360 123
360 141
360 143
360 234
360 264
360 454
360 463
360 493
361 124
361 183
361 207
361 266
361 294
361 346
361 471
361 498
362 15
362 166
362 210
362 336
362 357
362 382
362 436
362 496
363 33
363 42
363 61
363 86
363 126
363 295
363 455
363 484
364 83
364 124
364 214
364 283
364 354
364 421
364 468
364 489
365 79
365 152
365 215
365 253
365 335
365 357
365 388
365 446
366 33
366 139
366 181
366 271
366 293
366 372
366 380
366 427
367 69
367 99
367 219
367 291
367 310
367 386
367 479
367 489
368 62
368 101
368 191
368 194
368 201
368 417
368 474
368 493
369 15
369 71
369 222
369 243
369 343
369 344
369 433
369 472
370 36
370 165
370 187
370 282
370 302
370 406
370 451
370 498
371 107
371 152
371 159
371 263
371 347
371 420
371 436
371 439
372 212
372 231
372 358
372 366
372 386
372 411
372 416
372 475
373 41
373 52
373 129
373 354
373 462
373 463
373 470
373 489
374 51
374 128
374 191
374 248
374 379
374 410
374 459
374 463
375 8
375 62
375 202
375 209
375 315
375 394
375 438
375 480
376 120
376 179
376 259
376 275
376 279
376 381
376 424
376 449
376 463
377 14
377 101
377 159
377 211
377 318
377 321
377 468
377 485
377 491
378 5
378 81
378 137
378 139
378 171
378 195
378 209
378 386
378 494
379 170
379 182
379 205
379 215
379 329
379 374
379 462
379 484
379 498
380 55
380 130
380 193
380 208
380 292
380 366
380 456
380 482
380 488
381 26
381 168
381 222
381 277
381 376
381 392
381 395
381 447
381 489
382 54
382 113
382 342
382 362
382 397
382 399
382 406
382 443
382 494
383 18
383 104
383 110
383 255
383 279
383 316
383 327
383 344
383 438
384 102
384 148
384 252
384 406
384 413
384 453
384 483
384 496
384 498
385 91
385 98
385 130
385 145
385 255
385 316
385 420
385 427
385 435
386 37
386 93
386 184
386 367
386 372
386 378
386 410
386 479
386 498
387 73
387 99
387 132
387 169
387 220
387 295
387 401
387 405
387 420
388 109
388 137
388 226
388 351
388 365
388 416
388 419
388 430
388 459
389 123
389 142
389 184
389 285
389 343
389 396
389 405
389 425
389 442
390 26
390 29
390 31
390 166
390 228
390 245
390 266
390 273
390 446
391 63
391 232
391 252
391 333
391 403
391 428
391 442
391 455
391 497
392 62
392 100
392 159
392 277
392 313
392 348
392 381
392 413
392 422
393 86
393 167
393 196
393 247
393 427
393 438
393 448
393 467
393 478
394 95
394 140
394 260
394 293
394 339
394 358
394 375
394 419
394 461
395 8
395 19
395 63
395 275
395 278
395 348
395 381
395 400
395 470
396 46
396 52
396 232
396 239
396 261
396 276
396 311
396 389
396 405
397 6
397 81
397 164
397 225
397 252
397 271
397 287
397 382
397 452
398 91
398 110
398 114
398 198
398 307
398 481
398 482
398 496
398 500
399 67
399 163
399 251
399 256
399 271
399 299
399 382
399 419
399 440
400 216
400 275
400 281
400 283
400 293
400 296
400 306
400 352
400 395
400 466
401 30
401 38
401 150
401 155
401 184
401 239
401 294
401 298
401 387
401 403
402 39
402 121
402 218
402 285
402 403
402 426
402 429
402 451
402 486
402 487
403 43
403 76
403 148
403 159
403 351
403 355
403 391
403 401
403 402
403 448
404 53
404 77
404 133
404 162
404 175
404 184
404 236
404 286
404 417
404 468
405 97
405 138
405 255
405 387
405 389
405 396
405 414
405 415
405 428
405 464
406 106
406 177
406 197
406 236
406 264
406 370
406 382
406 384
406 485
406 498
407 87
407 122
407 191
407 221
407 416
407 432
407 441
407 448
407 484
407 486
408 30
408 93
408 101
408 175
408 253
408 258
408 272
408 319
408 477
408 483
409 10
409 44
409 280
409 281
409 289
409 413
409 431
409 433
409 451
409 457
410 6
410 37
410 49
410 204
410 339
410 374
410 386
410 418
410 474
410 496
411 44
411 180
411 212
411 340
411 372
411 413
411 442
411 458
411 461
411 468
412 47
412 96
412 223
412 232
412 267
412 292
412 356
412 432
412 433
412 444
413 136
413 311
413 322
413 384
413 392
413 409
413 411
413 470
413 471
413 482
414 108
414 149
414 232
414 262
414 287
414 343
414 405
414 453
414 487
414 496
415 14
415 119
415 156
415 174
415 224
415 278
415 351
415 353
415 405
415 490
416 79
416 190
416 213
416 267
416 296
416 320
416 372
416 388
416 407
416 430
417 50
417 164
417 305
417 346
417 350
417 368
417 404
417 440
417 490
417 491
418 16
418 102
418 113
418 171
418 177
418 180
418 234
418 348
418 410
418 447
419 126
419 148
419 225
419 314
419 319
419 388
419 394
419 399
419 443
419 485
420 14
420 66
420 205
420 328
420 345
420 371
420 385
420 387
420 423
420 486
421 76
421 78
421 109
421 181
421 289
421 314
421 359
421 364
421 457
421 490
422 37
422 139
422 311
422 331
422 351
422 392
422 430
422 436
422 469
422 485
423 4
423 9
423 11
423 34
423 61
423 62
423 82
423 87
423 420
423 437
424 65
424 92
424 175
424 194
424 222
424 238
424 376
424 452
424 465
424 498
425 37
425 58
425 98
425 116
425 120
425 270
425 286
425 344
425 389
425 487
426 62
426 106
426 163
426 307
426 328
426 342
426 402
426 428
426 434
426 495
427 70
427 140
427 183
427 221
427 294
427 366
427 385
427 393
427 434
427 467
428 22
428 40
428 85
428 151
428 227
428 249
428 391
428 405
428 426
428 433
428 491
429 27
429 32
429 50
429 59
429 142
429 179
429 250
429 326
429 402
429 466
429 499
430 186
430 232
430 253
430 320
430 388
430 416
430 422
430 433
430 437
430 443
430 486
431 142
431 235
431 257
431 297
431 409
431 446
431 453
431 457
431 460
431 465
431 490
432 28
432 29
432 33
432 201
432 211
432 221
432 254
432 350
432 407
432 412
432 488
433 19
433 23
433 31
433 185
433 267
433 356
433 369
433 409
433 412
433 428
433 430
434 17
434 30
434 176
434 223
434 277
434 320
434 359
434 426
434 427
434 455
434 471
435 183
435 194
435 199
435 259
435 313
435 345
435 385
435 464
435 470
435 475
435 485
436 33
436 78
436 138
436 230
436 234
436 253
436 331
436 362
436 371
436 422
436 453
437 48
437 152
437 257
437 423
437 430
437 452
437 457
437 473
437 483
437 494
437 497
438 181
438 196
438 230
438 320
438 342
438 349
438 375
438 383
438 393
438 443
438 444
439 12
439 124
439 125
439 206
439 249
439 338
439 371
439 441
439 458
439 477
439 499
440 19
440 108
440 127
440 162
440 247
440 399
440 417
440 443
440 452
440 482
440 492
441 28
441 174
441 206
441 236
441 333
441 334
441 407
441 439
441 477
441 492
441 500
442 1
442 91
442 219
442 240
442 272
442 314
442 389
442 391
442 411
442 486
442 495
443 151
443 152
443 237
443 265
443 355
443 382
443 419
443 430
443 438
443 440
443 457
444 242
444 303
444 332
444 343
444 412
444 438
444 446
444 452
444 457
444 491
444 498
445 11
445 83
445 90
445 299
445 331
445 334
445 448
445 449
445 459
445 479
445 491
446 31
446 55
446 269
446 365
446 390
446 431
446 444
446 460
446 468
446 490
446 491
447 4
447 48
447 265
447 296
447 301
447 309
447 381
447 418
447 448
447 470
447 492
448 22
448 120
448 135
448 141
448 145
448 393
448 403
448 407
448 445
448 447
448 471
448 479
449 32
449 55
449 142
449 213
449 244
449 258
449 261
449 332
449 376
449 445
449 469
449 495
450 2
450 51
450 159
450 246
450 300
450 337
450 358
450 459
450 475
450 487
450 496
450 497
451 108
451 162
451 163
451 210
451 225
451 370
451 402
451 409
451 455
451 469
451 485
451 499
452 16
452 28
452 136
452 204
452 224
452 272
452 397
452 424
452 437
452 440
452 444
452 491
453 46
453 80
453 216
453 303
453 351
453 384
453 414
453 431
453 436
453 477
453 487
453 492
454 7
454 13
454 54
454 88
454 170
454 279
454 285
454 330
454 335
454 360
454 464
454 474
455 56
455 57
455 104
455 165
455 251
455 256
455 320
455 359
455 363
455 391
455 434
455 451
456 17
456 84
456 89
456 121
456 173
456 215
456 309
456 317
456 353
456 380
456 460
456 489
457 156
457 160
457 166
457 198
457 280
457 340
457 409
457 421
457 431
457 437
457 443
457 444
458 44
458 64
458 97
458 180
458 190
458 219
458 305
458 307
458 340
458 350
458 411
458 439
458 495
459 117
459 202
459 247
459 315
459 374
459 388
459 445
459 450
459 469
459 476
459 487
459 491
459 499
460 166
460 174
460 181
460 196
460 233
460 263
460 276
460 323
460 431
460 446
460 456
460 475
460 481
461 11
461 51
461 88
461 116
461 202
461 250
461 262
461 282
461 298
461 394
461 411
461 464
461 496
462 2
462 57
462 131
462 224
462 245
462 312
462 333
462 373
462 379
462 482
462 488
462 492
462 493
463 19
463 141
463 177
463 179
463 223
463 275
463 278
463 323
463 360
463 373
463 374
463 376
463 475
464 125
464 168
464 200
464 209
464 295
464 355
464 405
464 435
464 454
464 461
464 474
465 3
465 77
465 100
465 175
465 214
465 312
465 338
465 346
465 359
465 424
465 431
465 496
465 498
466 12
466 103
466 130
466 132
466 170
466 173
466 259
466 291
466 331
466 353
466 400
466 429
466 492
467 85
467 86
467 248
467 265
467 282
467 284
467 288
467 294
467 310
467 393
467 427
467 476
467 484
468 8
468 85
468 95
468 98
468 105
468 120
468 291
468 364
468 377
468 404
468 411
468 446
468 489
469 147
469 155
469 221
469 223
469 260
469 296
469 298
469 333
469 422
469 449
469 451
469 459
469 487
469 499
470 20
470 143
470 174
470 231
470 266
470 280
470 335
470 345
470 373
470 395
470 413
470 435
470 447
470 472
471 18
471 73
471 96
471 158
471 161
471 203
471 281
471 354
471 361
471 413
471 434
471 448
471 474
471 496
472 71
472 84
472 104
472 114
472 141
472 167
472 178
472 310
472 317
472 369
472 470
472 476
472 482
472 487
473 73
473 105
473 107
473 171
473 197
473 212
473 237
473 243
473 255
473 322
473 437
473 475
473 481
473 487
474 67
474 88
474 134
474 201
474 209
474 285
474 309
474 368
474 410
474 454
474 464
474 471
474 485
474 497
475 25
475 51
475 212
475 230
475 310
475 331
475 348
475 372
475 435
475 450
475 460
475 463
475 473
475 480
476 6
476 103
476 115
476 164
476 177
476 182
476 289
476 304
476 322
476 459
476 467
476 472
476 477
476 500
477 75
477 113
477 155
477 222
477 236
477 283
477 288
477 338
477 357
477 408
477 439
477 441
477 453
477 476
478 20
478 55
478 92
478 115
478 141
478 180
478 221
478 243
478 255
478 324
478 335
478 345
478 352
478 393
479 58
479 69
479 92
479 106
479 157
479 240
479 300
479 326
479 339
479 367
479 386
479 445
479 448
479 486
480 2
480 3
480 5
480 39
480 105
480 125
480 160
480 186
480 243
480 263
480 268
480 293
480 375
480 475
480 486
481 29
481 96
481 99
481 101
481 110
481 130
481 290
481 313
481 327
481 344
481 398
481 460
481 473
481 485
481 495
482 79
482 102
482 172
482 310
482 343
482 380
482 398
482 413
482 440
482 462
482 472
482 488
482 494
482 497
482 498
483 74
483 84
483 162
483 204
483 266
483 268
483 269
483 272
483 284
483 319
483 337
483 344
483 384
483 408
483 437
484 47
484 109
484 128
484 185
484 188
484 205
484 219
484 317
484 341
484 363
484 379
484 407
484 467
484 492
484 495
484 500
485 9
485 72
485 119
485 199
485 282
485 289
485 301
485 324
485 377
485 406
485 419
485 422
485 435
485 451
485 474
485 481
486 3
486 66
486 82
486 131
486 149
486 205
486 278
486 336
486 359
486 402
486 407
486 420
486 430
486 442
486 479
486 480
487 64
487 167
487 185
487 299
487 402
487 414
487 425
487 450
487 453
487 459
487 469
487 472
487 473
487 493
487 497
487 499
488 10
488 36
488 211
488 231
488 235
488 261
488 263
488 302
488 308
488 311
488 322
488 380
488 432
488 462
488 482
488 497
489 11
489 21
489 75
489 105
489 111
489 153
489 190
489 235
489 248
489 312
489 364
489 367
489 373
489 381
489 456
489 468
489 491
489 500
490 21
490 23
490 68
490 85
490 112
490 163
490 169
490 214
490 260
490 322
490 324
490 352
490 415
490 417
490 421
490 431
490 446
490 491
491 53
491 104
491 229
491 231
491 260
491 294
491 317
491 377
491 417
491 428
491 444
491 445
491 446
491 452
491 459
491 489
491 490
491 499
492 45
492 126
492 131
492 180
492 246
492 265
492 312
492 330
492 359
492 440
492 441
492 447
492 453
492 462
492 466
492 484
492 494
492 499
493 14
493 20
493 32
493 57
493 68
493 154
493 189
493 201
493 225
493 270
493 292
493 313
493 347
493 356
493 360
493 368
493 462
493 487
493 499
494 4
494 27
494 54
494 65
494 109
494 150
494 207
494 211
494 235
494 257
494 268
494 274
494 306
494 342
494 378
494 382
494 437
494 482
494 492
495 45
495 117
495 132
495 133
495 165
495 170
495 203
495 220
495 244
495 258
495 261
495 343
495 344
495 426
495 442
495 449
495 458
495 481
495 484
496 146
496 161
496 175
496 184
496 203
496 267
496 275
496 281
496 332
496 362
496 384
496 398
496 410
496 414
496 450
496 461
496 465
496 471
496 499
497 36
497 102
497 112
497 195
497 242
497 256
497 260
497 273
497 285
497 335
497 340
497 348
497 391
497 437
497 450
497 474
497 482
497 487
497 488
497 499
498 57
498 118
498 148
498 165
498 191
498 193
498 307
498 308
498 349
498 351
498 361
498 370
498 379
498 384
498 386
498 406
498 424
498 444
498 465
498 482
499 9
499 10
499 48
499 65
499 69
499 81
499 115
499 123
499 325
499 429
499 439
499 451
499 459
499 469
499 487
499 491
499 492
499 493
499 496
499 497
500 25
500 30
500 68
500 76
500 86
500 88
500 128
500 145
500 182
500 204
500 263
500 303
500 312
500 315
500 319
500 347
500 398
500 441
500 476
500 484
500 489
