1 3
1 51
1 128
1 269
1 343
2 7
2 191
2 413
2 448
2 457
3 1
3 7
3 37
3 79
3 413
4 6
4 10
4 199
4 361
4 454
5 8
5 13
5 57
5 454
5 465
6 4
6 10
6 59
6 153
6 467
7 2
7 3
7 10
7 221
7 432
8 5
8 57
8 107
8 452
8 454
9 264
9 358
9 406
9 441
9 479
10 4
10 6
10 7
10 222
10 300
11 15
11 17
11 251
11 355
11 495
12 86
12 158
12 229
12 239
12 280
13 5
13 31
13 123
13 279
13 322
14 134
14 135
14 200
14 209
14 218
15 11
15 17
15 18
15 328
15 359
16 33
16 40
16 163
16 417
16 430
16 473
17 11
17 15
17 18
17 150
17 500
18 15
18 17
18 31
18 188
18 425
19 124
19 125
19 135
19 294
19 429
20 21
20 22
20 153
20 185
20 497
21 20
21 22
21 23
21 468
21 497
22 20
22 21
22 23
22 34
22 435
23 21
23 22
23 27
23 192
23 230
24 95
24 131
24 133
24 278
24 454
25 26
25 154
25 184
25 343
25 466
26 25
26 27
26 159
26 169
26 184
27 23
27 26
27 184
27 494
27 496
28 30
28 35
28 226
28 393
28 470
29 35
29 36
29 71
29 251
29 264
30 28
30 184
30 226
30 473
30 490
31 13
31 18
31 119
31 269
31 463
32 35
32 154
32 226
32 343
32 424
33 16
33 163
33 417
33 430
33 499
34 22
34 117
34 265
34 307
34 435
35 28
35 29
35 32
35 36
35 470
36 29
36 35
36 264
36 401
36 466
37 3
37 79
37 264
37 358
37 376
38 162
38 319
38 336
38 358
38 481
39 162
39 179
39 187
39 246
39 319
40 16
40 42
40 43
40 118
40 271
41 103
41 169
41 245
41 403
41 413
42 40
42 43
42 230
42 262
42 393
43 40
43 42
43 230
43 399
43 491
44 45
44 46
44 119
44 165
44 416
45 44
45 46
45 47
45 85
45 148
46 44
46 45
46 47
47 45
47 46
47 49
47 112
47 288
48 49
48 50
48 135
48 429
48 458
49 47
49 48
49 50
49 247
49 450
50 48
50 49
50 53
50 471
50 494
51 1
51 53
51 54
51 56
51 257
52 92
52 93
52 177
52 215
52 450
53 50
53 51
53 54
53 163
53 413
54 51
54 53
54 56
54 443
54 497
55 82
55 123
55 210
55 216
55 288
56 51
56 54
56 242
56 266
56 411
57 5
57 8
57 60
57 63
57 491
58 59
58 61
58 171
58 339
58 474
59 6
59 58
59 61
59 174
59 424
60 57
60 63
60 74
60 223
60 339
61 58
61 59
61 483
62 64
62 66
62 67
62 225
62 483
63 57
63 60
63 68
63 339
63 438
64 62
64 66
64 67
64 109
64 484
65 219
65 222
65 229
65 464
65 480
66 62
66 64
66 67
66 365
66 436
67 62
67 64
67 66
67 143
67 292
68 63
68 74
68 90
68 329
68 339
69 70
69 286
69 355
69 419
69 442
70 69
70 71
70 73
70 494
70 496
71 29
71 70
71 73
71 397
71 442
72 107
72 152
72 169
72 170
72 480
73 70
73 71
73 197
73 329
73 350
74 60
74 68
74 90
74 339
74 499
75 113
75 114
75 115
75 357
75 495
76 77
76 78
76 191
76 410
76 448
77 76
77 79
77 166
77 184
77 458
78 76
78 79
78 338
78 350
78 412
79 3
79 37
79 77
79 78
79 424
80 81
80 82
80 84
80 194
80 498
81 80
81 82
81 84
81 197
81 329
82 55
82 80
82 81
82 84
82 85
83 118
83 194
83 216
83 312
83 420
84 80
84 81
84 82
84 85
84 493
85 45
85 82
85 84
85 86
85 89
86 12
86 85
86 87
86 134
86 202
87 86
87 89
87 397
87 456
87 499
88 89
88 91
88 296
88 421
88 452
89 85
89 87
89 88
89 91
89 138
90 68
90 74
90 457
90 481
90 483
91 88
91 89
91 103
91 215
91 227
92 52
92 93
92 199
92 214
92 386
93 52
93 92
93 134
93 172
93 214
94 96
94 97
94 168
94 215
94 350
95 24
95 131
95 133
95 157
95 293
96 94
96 97
96 137
96 214
96 498
97 94
97 96
97 98
97 430
97 458
98 97
98 99
98 281
98 456
98 478
99 98
99 104
99 117
99 281
99 350
100 141
100 142
100 203
100 471
100 494
101 102
101 281
101 374
101 472
101 477
102 101
102 103
102 464
102 469
102 480
103 41
103 91
103 102
103 169
103 327
104 99
104 107
104 108
104 124
104 359
105 342
105 366
105 374
105 490
105 495
106 119
106 120
106 383
106 393
106 398
107 8
107 72
107 104
107 108
107 442
108 104
108 107
108 169
108 495
108 500
109 64
109 136
109 137
109 227
109 484
110 112
110 197
110 442
111 161
111 170
111 442
111 495
111 500
112 47
112 110
112 152
112 288
112 332
113 75
113 114
113 180
113 489
113 493
114 75
114 113
114 115
114 201
114 255
115 75
115 114
115 194
115 415
115 457
116 121
116 123
116 294
116 317
116 492
117 34
117 99
117 124
117 138
117 265
118 40
118 83
118 194
118 279
118 363
119 31
119 44
119 106
119 122
119 217
120 106
120 322
120 396
120 444
120 488
121 116
121 246
121 322
121 473
121 488
122 119
122 279
122 322
122 394
122 492
123 13
123 55
123 116
123 124
123 159
124 19
124 104
124 117
124 123
124 294
125 19
125 127
125 182
125 470
125 493
126 173
126 175
126 452
126 460
126 479
127 125
127 128
127 295
127 328
127 425
128 1
128 127
128 129
128 257
128 358
129 128
129 130
129 295
129 441
129 479
130 129
130 132
130 218
130 406
130 492
131 24
131 95
131 133
131 157
131 435
132 130
132 149
132 189
132 218
132 295
133 24
133 95
133 131
133 157
133 496
134 14
134 86
134 93
134 135
134 218
135 14
135 19
135 48
135 134
135 136
136 109
136 135
136 227
136 464
136 480
137 96
137 109
137 139
137 140
137 498
138 89
138 117
138 161
138 259
138 261
139 137
139 140
139 227
139 453
139 475
140 137
140 139
140 141
140 363
141 100
141 140
141 142
141 472
141 495
142 100
142 141
142 203
142 430
142 458
143 67
143 144
143 203
143 271
143 452
144 143
144 145
144 203
144 363
144 448
145 144
145 146
145 203
145 464
145 480
146 145
146 148
146 276
146 344
146 418
147 148
147 149
147 232
147 485
147 498
148 45
148 146
148 147
148 232
148 318
149 132
149 147
149 232
149 263
149 343
150 17
150 232
150 292
150 481
150 500
151 153
151 292
151 379
151 386
151 497
152 72
152 112
152 170
152 326
152 458
153 6
153 20
153 151
153 292
153 438
154 25
154 32
154 256
154 258
154 261
155 156
155 292
155 333
155 359
155 446
156 155
156 161
156 386
156 395
156 414
157 95
157 131
157 133
157 158
157 315
158 12
158 157
158 166
158 171
158 196
158 492
159 26
159 123
159 310
159 371
159 392
159 401
160 223
160 284
160 287
160 289
160 446
160 458
161 111
161 138
161 156
161 167
161 454
161 460
162 38
162 39
162 319
162 358
162 446
162 458
163 16
163 33
163 53
163 267
163 417
163 430
164 242
164 273
164 294
164 330
164 359
164 384
165 44
165 180
165 181
165 193
165 217
165 447
166 77
166 158
166 168
166 171
166 172
166 412
167 161
167 170
167 177
167 351
167 356
167 392
168 94
168 166
168 171
168 172
168 453
168 466
169 26
169 41
169 72
169 103
169 108
169 409
170 72
170 111
170 152
170 167
170 177
170 326
171 58
171 158
171 166
171 168
171 172
171 484
172 93
172 166
172 168
172 171
172 173
172 196
173 126
173 172
173 175
173 178
173 255
173 411
174 59
174 243
174 250
174 293
174 311
174 315
175 126
175 173
175 176
175 178
175 308
175 478
176 175
176 178
176 183
176 299
176 449
176 475
177 52
177 167
177 170
177 408
177 445
177 450
178 173
178 175
178 176
178 183
178 254
178 455
179 39
179 182
179 309
179 313
179 349
179 492
180 113
180 165
180 193
180 398
180 417
180 477
181 165
181 191
181 248
181 268
181 463
181 493
182 125
182 179
182 190
182 306
182 309
182 487
183 176
183 178
183 186
183 345
183 398
183 489
184 25
184 26
184 27
184 30
184 77
184 213
185 20
185 311
185 325
185 328
185 331
185 462
186 183
186 187
186 235
186 335
186 345
186 357
187 39
187 186
187 188
187 345
187 357
187 400
188 18
188 187
188 189
188 335
188 345
188 423
189 132
189 188
189 192
189 263
189 407
189 408
190 182
190 305
190 306
190 308
190 460
190 480
191 2
191 76
191 181
191 248
191 448
191 497
192 23
192 189
192 196
192 201
192 222
192 408
193 165
193 180
193 248
193 276
193 295
193 407
194 80
194 83
194 115
194 118
194 279
194 498
195 197
195 205
195 249
195 284
195 454
195 482
196 158
196 172
196 192
196 201
196 240
196 408
197 73
197 81
197 110
197 195
197 205
197 207
198 264
198 282
198 352
198 353
198 393
198 420
199 4
199 92
199 254
199 260
199 432
199 484
200 14
200 257
200 286
200 294
200 369
200 397
201 114
201 192
201 196
201 240
201 416
201 474
202 86
202 312
202 340
202 343
202 381
202 389
203 100
203 142
203 143
203 144
203 145
203 448
204 206
204 240
204 291
204 490
204 494
204 496
205 195
205 197
205 207
205 316
205 375
205 491
206 204
206 208
206 209
206 291
206 334
206 432
207 197
207 205
207 210
207 289
207 378
207 451
208 206
208 209
208 211
208 224
208 291
208 378
209 14
209 206
209 208
209 211
209 291
209 413
210 55
210 207
210 396
210 428
210 444
210 486
211 208
211 209
211 212
211 249
211 267
211 392
212 211
212 213
212 277
212 318
212 373
212 392
213 184
213 212
213 256
213 277
213 348
213 392
214 92
214 93
214 96
214 215
214 495
214 500
215 52
215 91
215 94
215 214
215 272
215 342
216 55
216 83
216 288
216 419
216 443
216 487
217 119
217 165
217 220
217 225
217 228
217 420
218 14
218 130
218 132
218 134
218 340
218 351
219 65
219 222
219 288
219 352
219 423
219 469
220 217
220 277
220 348
220 399
220 420
220 491
221 7
221 260
221 268
221 272
221 432
221 445
222 10
222 65
222 192
222 219
222 229
222 248
223 60
223 160
223 224
223 290
223 298
223 493
224 208
224 223
224 287
224 290
224 298
224 378
225 62
225 217
225 228
225 348
225 420
225 474
226 28
226 30
226 32
226 373
227 91
227 109
227 136
227 139
227 327
227 372
228 217
228 225
228 253
228 392
228 420
228 451
229 12
229 65
229 222
229 479
230 23
230 42
230 43
230 246
230 300
230 385
231 234
231 235
231 237
231 423
231 469
231 475
232 147
232 148
232 149
232 150
232 410
232 439
233 236
233 280
233 319
233 384
233 401
233 426
234 231
234 235
234 237
234 261
234 466
234 485
235 186
235 231
235 234
235 237
235 269
235 420
236 233
236 240
236 242
236 244
236 245
236 463
237 231
237 234
237 235
237 238
237 291
237 437
238 237
238 241
238 250
238 370
238 484
238 489
239 12
239 280
239 296
239 463
239 493
239 497
240 196
240 201
240 204
240 236
240 291
240 408
241 238
241 250
241 293
241 334
241 432
241 467
242 56
242 164
242 236
242 247
242 266
242 310
243 174
243 250
243 293
243 405
243 409
243 498
244 236
244 245
244 247
244 284
244 373
244 482
245 41
245 236
245 244
245 247
245 285
245 403
246 39
246 121
246 230
246 319
246 366
246 488
247 49
247 242
247 244
247 245
247 270
247 445
248 181
248 191
248 193
248 222
248 249
248 250
249 195
249 211
249 248
249 275
249 405
249 468
250 174
250 238
250 241
250 243
250 248
250 417
251 11
251 29
251 252
251 293
251 315
251 489
252 251
252 254
252 315
252 432
252 494
252 496
253 228
253 254
253 315
253 432
253 451
253 490
254 178
254 199
254 252
254 253
254 432
254 455
255 114
255 173
255 299
255 331
255 347
255 405
256 154
256 213
256 258
256 338
256 412
256 453
257 51
257 128
257 200
257 369
257 397
257 458
258 154
258 256
258 259
258 303
258 353
258 436
259 138
259 258
259 261
259 279
259 421
259 426
260 199
260 221
260 432
260 445
260 472
260 495
261 138
261 154
261 234
261 259
261 467
261 485
262 42
262 340
262 369
262 389
262 393
262 410
263 149
263 189
263 329
263 333
263 344
263 378
264 9
264 29
264 36
264 37
264 198
264 420
265 34
265 117
265 352
265 419
265 426
265 452
266 56
266 242
266 268
266 272
266 336
266 413
266 445
267 163
267 211
267 274
267 303
267 391
267 417
267 430
268 181
268 221
268 266
268 336
268 445
268 463
268 493
269 1
269 31
269 235
269 335
269 343
269 364
269 413
270 247
270 275
270 326
270 445
270 450
270 479
270 486
271 40
271 143
271 286
271 358
271 366
271 412
271 458
272 215
272 221
272 266
272 336
272 362
272 440
272 465
273 164
273 292
273 330
273 358
273 372
273 384
273 455
274 267
274 297
274 303
274 372
274 418
274 426
274 436
275 249
275 270
275 276
275 326
275 362
275 365
275 440
276 146
276 193
276 275
276 289
276 344
276 365
276 432
277 212
277 213
277 220
277 348
277 392
277 461
277 462
278 24
278 310
278 363
278 371
278 390
278 401
278 440
279 13
279 118
279 122
279 194
279 259
279 319
279 486
280 12
280 233
280 239
280 337
280 346
280 390
280 422
281 98
281 99
281 101
281 330
281 390
281 473
281 490
282 198
282 352
282 353
282 364
282 393
282 396
282 444
283 323
283 332
283 337
283 338
283 441
283 467
283 479
284 160
284 195
284 244
284 287
284 289
284 477
284 482
285 245
285 297
285 360
285 363
285 372
285 382
285 403
286 69
286 200
286 271
286 354
286 397
286 407
286 458
287 160
287 224
287 284
287 301
287 325
287 365
287 416
288 47
288 55
288 112
288 216
288 219
288 332
288 389
289 160
289 207
289 276
289 284
289 365
289 378
289 451
290 223
290 224
290 300
290 301
290 388
290 467
290 498
291 204
291 206
291 208
291 209
291 237
291 240
291 437
292 67
292 150
292 151
292 153
292 155
292 273
292 455
293 95
293 174
293 241
293 243
293 251
293 417
293 495
294 19
294 116
294 124
294 164
294 200
294 295
294 413
295 127
295 129
295 132
295 193
295 294
295 344
295 364
296 88
296 239
296 312
296 340
296 359
296 409
296 434
297 274
297 285
297 303
297 403
297 426
297 436
297 485
298 223
298 224
298 300
298 301
298 312
298 384
298 486
299 176
299 255
299 309
299 324
299 328
299 331
299 497
300 10
300 230
300 290
300 298
300 301
300 302
300 417
301 287
301 290
301 298
301 300
301 302
301 325
301 350
302 300
302 301
302 304
302 305
302 443
302 468
302 497
303 258
303 267
303 274
303 297
303 365
303 426
303 451
304 302
304 305
304 347
304 462
304 468
304 495
304 500
305 190
305 302
305 304
305 306
305 322
305 454
305 460
306 182
306 190
306 305
306 349
306 400
306 427
306 482
307 34
307 311
307 435
307 467
307 473
307 499
307 500
308 175
308 190
308 309
308 313
308 314
308 323
308 404
309 179
309 182
309 299
309 308
309 314
309 317
309 434
310 159
310 242
310 278
310 390
310 401
310 494
310 496
311 174
311 185
311 307
311 334
311 426
311 436
311 467
312 83
312 202
312 296
312 298
312 340
312 359
312 486
313 179
313 308
313 314
313 395
313 414
313 467
313 485
314 308
314 309
314 313
314 354
314 377
314 402
314 499
315 157
315 174
315 251
315 252
315 253
315 395
315 488
316 205
316 317
316 354
316 375
316 489
316 491
316 496
317 116
317 309
317 316
317 318
317 354
317 482
317 492
318 148
318 212
318 317
318 320
318 321
318 354
318 482
319 38
319 39
319 162
319 233
319 246
319 279
319 452
320 318
320 321
320 324
320 341
320 404
320 474
320 481
321 318
321 320
321 324
321 354
321 390
321 473
321 490
322 13
322 120
322 121
322 122
322 305
322 460
322 482
323 283
323 308
323 332
323 334
323 337
323 467
323 478
324 299
324 320
324 321
324 383
324 464
324 477
324 488
325 185
325 287
325 301
325 327
325 350
325 405
325 463
326 152
326 170
326 270
326 275
326 336
326 365
326 445
327 103
327 227
327 325
327 328
327 329
327 347
327 363
328 15
328 127
328 185
328 299
328 327
328 329
328 333
329 68
329 73
329 81
329 263
329 327
329 328
329 344
330 164
330 273
330 281
330 384
330 471
330 487
331 185
331 255
331 299
331 347
331 405
331 415
331 457
332 112
332 283
332 288
332 323
332 334
332 337
332 467
333 155
333 263
333 328
333 367
333 425
333 474
333 476
334 206
334 241
334 311
334 323
334 332
334 337
334 467
335 186
335 188
335 269
335 381
335 388
335 404
335 411
335 442
336 38
336 266
336 268
336 272
336 326
336 449
336 474
336 481
337 280
337 283
337 323
337 332
337 334
337 338
337 346
337 422
338 78
338 256
338 283
338 337
338 346
338 351
338 412
338 444
339 58
339 60
339 63
339 68
339 74
339 349
339 461
339 484
340 202
340 218
340 262
340 296
340 312
340 356
340 389
340 462
341 320
341 368
341 370
341 377
341 379
341 446
341 474
341 483
342 105
342 215
342 345
342 362
342 366
342 374
342 376
342 424
343 1
343 25
343 32
343 149
343 202
343 269
343 364
343 436
344 146
344 263
344 276
344 295
344 329
344 347
344 367
344 445
345 183
345 186
345 187
345 188
345 342
345 357
345 391
345 440
346 280
346 337
346 338
346 349
346 351
346 355
346 453
346 496
347 255
347 304
347 327
347 331
347 344
347 376
347 405
347 472
348 213
348 220
348 225
348 277
348 392
348 404
348 456
348 478
349 179
349 306
349 339
349 346
349 351
349 355
349 469
349 486
350 73
350 78
350 94
350 99
350 301
350 325
350 369
350 387
351 167
351 218
351 338
351 346
351 349
351 355
351 361
351 462
352 198
352 219
352 265
352 282
352 364
352 381
352 413
352 469
353 198
353 258
353 282
353 365
353 373
353 393
353 424
353 436
354 286
354 314
354 316
354 317
354 318
354 321
354 364
354 461
355 11
355 69
355 346
355 349
355 351
355 356
355 361
355 442
356 167
356 340
356 355
356 361
356 362
356 368
356 379
356 462
357 75
357 186
357 187
357 345
357 454
357 457
357 472
357 500
358 9
358 37
358 38
358 128
358 162
358 271
358 273
358 455
359 15
359 104
359 155
359 164
359 296
359 312
359 420
359 479
360 285
360 363
360 371
360 372
360 382
360 404
360 456
360 478
361 4
361 351
361 355
361 356
361 368
361 379
361 386
361 395
362 272
362 275
362 342
362 356
362 368
362 379
362 436
362 446
363 118
363 140
363 144
363 278
363 285
363 327
363 360
363 382
364 269
364 282
364 295
364 343
364 352
364 354
364 413
364 461
365 66
365 275
365 276
365 287
365 289
365 303
365 326
365 353
366 105
366 246
366 271
366 342
366 389
366 431
366 458
366 474
367 333
367 344
367 371
367 377
367 378
367 398
367 476
367 499
368 341
368 356
368 361
368 362
368 443
368 446
368 468
368 497
369 200
369 257
369 262
369 350
369 390
369 397
369 447
370 238
370 341
370 375
370 383
370 396
370 446
370 481
370 488
371 159
371 278
371 360
371 367
371 377
371 386
371 398
371 499
372 227
372 273
372 274
372 285
372 360
372 382
372 408
372 418
373 212
373 226
373 244
373 353
373 374
373 393
373 482
373 492
374 101
374 105
374 342
374 373
374 376
374 424
374 488
374 489
375 205
375 316
375 370
375 377
375 379
375 396
375 400
375 491
376 37
376 342
376 347
376 374
376 385
376 424
376 472
376 482
377 314
377 341
377 367
377 371
377 375
377 396
377 400
377 446
378 207
378 208
378 224
378 263
378 289
378 367
378 398
378 421
379 151
379 341
379 356
379 361
379 362
379 375
379 424
379 446
379 497
380 383
380 397
380 402
380 410
380 412
380 414
380 438
380 439
380 453
381 202
381 335
381 352
381 388
381 411
381 423
381 442
381 469
381 494
382 285
382 360
382 363
382 372
382 384
382 431
382 433
382 474
382 483
383 106
383 324
383 370
383 380
383 388
383 421
383 453
383 465
383 477
384 164
384 233
384 273
384 298
384 330
384 382
384 452
384 457
384 486
385 230
385 376
385 416
385 422
385 425
385 427
385 443
385 451
385 500
386 92
386 151
386 156
386 361
386 371
386 390
386 398
386 477
386 485
387 350
387 406
387 419
387 430
387 438
387 447
387 461
388 290
388 335
388 381
388 383
388 421
388 467
388 485
388 495
388 498
389 202
389 262
389 288
389 340
389 366
389 410
389 429
389 431
389 483
390 278
390 280
390 281
390 310
390 321
390 369
390 386
390 401
390 447
391 267
391 345
391 429
391 431
391 437
391 440
391 450
391 471
391 487
392 159
392 167
392 211
392 212
392 213
392 228
392 277
392 348
392 462
393 28
393 42
393 106
393 198
393 262
393 282
393 353
393 373
393 461
394 122
394 399
394 433
394 434
394 440
394 448
394 449
394 471
394 481
395 156
395 313
395 315
395 361
395 402
395 404
395 442
395 449
395 474
396 120
396 210
396 282
396 370
396 375
396 377
396 400
396 428
396 472
397 71
397 87
397 200
397 257
397 286
397 369
397 380
397 476
397 499
398 106
398 180
398 183
398 367
398 371
398 378
398 386
398 477
398 488
399 43
399 220
399 394
399 433
399 440
399 448
399 481
399 487
399 491
400 187
400 306
400 375
400 377
400 396
400 403
400 427
400 438
400 484
401 36
401 159
401 233
401 278
401 310
401 390
401 411
401 459
401 466
402 314
402 380
402 395
402 404
402 405
402 411
402 441
402 474
402 476
403 41
403 245
403 285
403 297
403 400
403 409
403 418
403 438
403 471
404 308
404 320
404 335
404 348
404 360
404 395
404 402
404 423
404 474
405 243
405 249
405 255
405 325
405 331
405 347
405 402
405 409
405 493
406 9
406 130
406 387
406 414
406 419
406 434
406 461
406 465
406 492
407 189
407 193
407 286
407 423
407 449
407 457
407 461
407 474
407 482
408 177
408 189
408 192
408 196
408 240
408 372
408 418
408 464
408 483
409 169
409 243
409 296
409 403
409 405
409 418
409 438
409 447
409 473
410 76
410 232
410 262
410 380
410 389
410 427
410 439
410 465
410 475
411 56
411 173
411 335
411 381
411 401
411 402
411 421
411 442
411 459
411 466
412 78
412 166
412 256
412 271
412 338
412 380
412 414
412 453
412 464
412 465
413 2
413 3
413 41
413 53
413 209
413 266
413 269
413 294
413 352
413 364
414 156
414 313
414 380
414 406
414 412
414 461
414 465
414 467
414 485
414 498
415 115
415 331
415 428
415 456
415 457
415 478
415 480
415 484
415 485
415 496
416 44
416 201
416 287
416 385
416 422
416 425
416 443
416 451
416 459
416 481
417 16
417 33
417 163
417 180
417 250
417 267
417 293
417 300
417 430
417 473
418 146
418 274
418 372
418 403
418 408
418 409
418 419
418 438
418 447
418 480
419 69
419 216
419 265
419 387
419 406
419 418
419 447
419 461
419 486
419 487
420 83
420 198
420 217
420 220
420 225
420 228
420 235
420 264
420 359
420 425
421 88
421 259
421 378
421 383
421 388
421 411
421 453
421 465
421 470
421 487
422 280
422 337
422 385
422 416
422 425
422 427
422 434
422 451
422 465
422 475
423 188
423 219
423 231
423 381
423 404
423 407
423 449
423 457
423 461
423 469
424 32
424 59
424 79
424 342
424 353
424 374
424 376
424 379
424 443
424 468
425 18
425 127
425 333
425 385
425 416
425 420
425 422
425 443
425 451
425 481
426 233
426 259
426 265
426 274
426 297
426 303
426 311
426 436
426 487
426 491
427 306
427 385
427 400
427 410
427 422
427 434
427 451
427 462
427 463
427 484
428 210
428 396
428 415
428 444
428 456
428 478
428 480
428 484
428 485
428 496
429 19
429 48
429 389
429 391
429 437
429 450
429 471
429 481
429 487
429 488
430 16
430 33
430 97
430 142
430 163
430 267
430 387
430 417
430 436
430 446
431 366
431 382
431 389
431 391
431 433
431 437
431 450
431 471
431 487
431 488
432 7
432 199
432 206
432 221
432 241
432 252
432 253
432 254
432 260
432 276
433 382
433 394
433 399
433 431
433 437
433 440
433 448
433 450
433 481
433 483
434 296
434 309
434 394
434 406
434 422
434 427
434 449
434 451
434 460
434 462
434 463
435 22
435 34
435 131
435 307
435 439
435 455
435 468
435 482
435 487
435 496
435 497
436 66
436 258
436 274
436 297
436 311
436 343
436 353
436 362
436 426
436 430
436 470
437 237
437 291
437 391
437 429
437 431
437 433
437 440
437 450
437 465
437 475
437 487
438 63
438 153
438 380
438 387
438 400
438 403
438 409
438 418
438 447
438 476
438 499
439 232
439 380
439 410
439 435
439 444
439 464
439 465
439 468
439 469
439 475
439 495
440 272
440 275
440 278
440 345
440 391
440 394
440 399
440 433
440 437
440 448
440 481
441 9
441 129
441 283
441 402
441 455
441 460
441 466
441 477
441 479
441 482
441 500
442 69
442 71
442 107
442 110
442 111
442 335
442 355
442 381
442 395
442 411
442 453
443 54
443 216
443 302
443 368
443 385
443 416
443 424
443 425
443 448
443 451
443 481
444 120
444 210
444 282
444 338
444 428
444 439
444 464
444 468
444 469
444 473
444 495
445 177
445 221
445 247
445 260
445 266
445 268
445 270
445 326
445 344
445 450
445 495
446 155
446 160
446 162
446 341
446 362
446 368
446 370
446 377
446 379
446 430
446 458
447 165
447 369
447 387
447 390
447 409
447 418
447 419
447 438
447 473
447 490
448 2
448 76
448 144
448 191
448 203
448 394
448 399
448 433
448 440
448 443
448 481
449 176
449 336
449 394
449 395
449 407
449 423
449 434
449 452
449 457
449 474
449 492
450 49
450 52
450 177
450 270
450 391
450 429
450 431
450 433
450 437
450 445
450 478
450 488
451 207
451 228
451 253
451 289
451 303
451 385
451 416
451 422
451 425
451 427
451 434
451 443
452 8
452 88
452 126
452 143
452 265
452 319
452 384
452 449
452 454
452 457
452 470
452 477
453 139
453 168
453 256
453 346
453 380
453 383
453 412
453 421
453 442
453 465
453 475
453 490
454 4
454 5
454 8
454 24
454 161
454 195
454 305
454 357
454 452
454 457
454 460
454 489
455 178
455 254
455 273
455 292
455 358
455 435
455 441
455 464
455 468
455 473
455 482
455 495
456 87
456 98
456 348
456 360
456 415
456 428
456 478
456 480
456 484
456 485
456 486
456 496
457 2
457 90
457 115
457 331
457 357
457 384
457 407
457 415
457 423
457 449
457 452
457 454
458 48
458 77
458 97
458 142
458 152
458 160
458 162
458 257
458 271
458 286
458 366
458 446
459 401
459 411
459 416
459 466
459 476
459 478
459 484
459 489
459 492
459 493
459 496
459 498
460 126
460 161
460 190
460 305
460 322
460 434
460 441
460 454
460 462
460 463
460 466
460 477
461 277
461 339
461 354
461 364
461 387
461 393
461 406
461 407
461 414
461 419
461 423
461 465
461 490
462 185
462 277
462 304
462 340
462 351
462 356
462 392
462 427
462 434
462 460
462 463
462 466
462 477
463 31
463 181
463 236
463 239
463 268
463 325
463 427
463 434
463 460
463 462
463 466
463 477
463 493
464 65
464 102
464 136
464 145
464 324
464 408
464 412
464 439
464 444
464 455
464 469
464 473
464 495
465 5
465 272
465 383
465 406
465 410
465 412
465 414
465 421
465 422
465 437
465 439
465 453
465 461
466 25
466 36
466 168
466 234
466 401
466 411
466 441
466 459
466 460
466 462
466 463
466 477
466 482
467 6
467 241
467 261
467 283
467 290
467 307
467 311
467 313
467 323
467 332
467 334
467 388
467 414
468 21
468 249
468 302
468 304
468 368
468 424
468 435
468 439
468 444
468 455
468 469
468 495
468 497
469 102
469 219
469 231
469 349
469 352
469 381
469 423
469 439
469 444
469 464
469 468
469 473
469 495
470 28
470 35
470 125
470 421
470 436
470 452
470 472
470 475
470 479
470 483
470 487
470 488
470 490
470 497
471 50
471 100
471 330
471 391
471 394
471 403
471 429
471 431
471 487
471 488
471 496
471 497
471 500
472 101
472 141
472 260
472 347
472 357
472 376
472 396
472 470
472 475
472 479
472 483
472 485
472 490
472 497
473 16
473 30
473 121
473 281
473 307
473 321
473 409
473 417
473 444
473 447
473 455
473 464
473 469
473 490
474 58
474 201
474 225
474 320
474 333
474 336
474 341
474 366
474 382
474 395
474 402
474 404
474 407
474 449
475 139
475 176
475 231
475 410
475 422
475 437
475 439
475 453
475 470
475 472
475 479
475 480
475 483
475 486
475 490
476 333
476 367
476 397
476 402
476 438
476 459
476 491
476 492
476 493
476 494
476 498
476 499
476 500
477 101
477 180
477 284
477 324
477 383
477 386
477 398
477 441
477 452
477 460
477 462
477 463
477 466
477 482
477 489
478 98
478 175
478 323
478 348
478 360
478 415
478 428
478 450
478 456
478 459
478 480
478 484
478 489
478 496
478 498
479 9
479 126
479 129
479 229
479 270
479 283
479 359
479 441
479 470
479 472
479 475
479 483
479 485
479 486
479 490
480 65
480 72
480 102
480 136
480 145
480 190
480 415
480 418
480 428
480 456
480 475
480 478
480 484
480 485
480 489
480 496
481 38
481 90
481 150
481 320
481 336
481 370
481 394
481 399
481 416
481 425
481 429
481 433
481 440
481 443
481 448
481 483
482 195
482 244
482 284
482 306
482 317
482 318
482 322
482 373
482 376
482 407
482 435
482 441
482 455
482 466
482 477
482 498
483 61
483 62
483 90
483 341
483 382
483 389
483 408
483 433
483 470
483 472
483 475
483 479
483 481
483 485
483 486
483 490
484 64
484 109
484 171
484 199
484 238
484 339
484 400
484 415
484 427
484 428
484 456
484 459
484 478
484 480
484 489
484 496
484 498
485 147
485 234
485 261
485 297
485 313
485 386
485 388
485 414
485 415
485 428
485 456
485 472
485 479
485 480
485 483
485 486
485 498
486 210
486 270
486 279
486 298
486 312
486 349
486 384
486 419
486 456
486 475
486 479
486 483
486 485
486 487
486 488
486 490
486 497
487 182
487 216
487 330
487 391
487 399
487 419
487 421
487 426
487 429
487 431
487 435
487 437
487 470
487 471
487 486
487 488
487 497
488 120
488 121
488 246
488 315
488 324
488 370
488 374
488 398
488 429
488 431
488 450
488 470
488 471
488 486
488 487
488 489
488 497
489 113
489 183
489 238
489 251
489 316
489 374
489 454
489 459
489 477
489 478
489 480
489 484
489 488
489 492
489 496
489 498
489 499
490 30
490 105
490 204
490 253
490 281
490 321
490 447
490 453
490 461
490 470
490 472
490 473
490 475
490 479
490 483
490 486
490 497
491 43
491 57
491 205
491 220
491 316
491 375
491 399
491 426
491 476
491 492
491 493
491 494
491 499
491 500
492 116
492 122
492 130
492 158
492 179
492 317
492 373
492 406
492 449
492 459
492 476
492 489
492 491
492 493
492 494
492 498
492 499
492 500
493 84
493 113
493 125
493 181
493 223
493 239
493 268
493 405
493 459
493 463
493 476
493 491
493 492
493 494
493 498
493 499
493 500
494 27
494 50
494 70
494 100
494 204
494 252
494 310
494 381
494 476
494 491
494 492
494 493
494 499
494 500
495 11
495 75
495 105
495 108
495 111
495 141
495 214
495 260
495 293
495 304
495 388
495 439
495 444
495 445
495 455
495 464
495 468
495 469
496 27
496 70
496 133
496 204
496 252
496 310
496 316
496 346
496 415
496 428
496 435
496 456
496 459
496 471
496 478
496 480
496 484
496 489
497 20
497 21
497 54
497 151
497 191
497 239
497 299
497 302
497 368
497 379
497 435
497 468
497 470
497 471
497 472
497 486
497 487
497 488
497 490
498 80
498 96
498 137
498 147
498 194
498 243
498 290
498 388
498 414
498 459
498 476
498 478
498 482
498 484
498 485
498 489
498 492
498 493
498 499
498 500
499 33
499 74
499 87
499 307
499 314
499 367
499 371
499 397
499 438
499 476
499 489
499 491
499 492
499 493
499 494
499 498
499 500
500 17
500 108
500 111
500 150
500 214
500 304
500 307
500 357
500 385
500 441
500 471
500 476
500 491
500 492
500 493
500 494
500 498
500 499
