1 4
1 5
1 291
1 341
1 442
2 9
2 409
2 434
2 450
2 462
3 155
3 158
3 392
3 480
3 486
4 1
4 5
4 314
4 330
4 447
5 1
5 4
5 186
5 352
5 480
6 8
6 10
6 378
6 386
6 476
7 25
7 32
7 41
7 135
7 140
8 6
8 10
8 14
8 101
8 468
9 2
9 12
9 17
9 90
9 434
10 6
10 8
10 212
10 236
10 499
11 67
11 300
11 307
11 321
11 489
12 9
12 17
12 19
12 72
12 343
13 83
13 94
13 236
13 246
13 454
14 8
14 16
14 83
14 415
14 420
15 145
15 231
15 246
15 362
15 369
16 14
16 21
16 22
16 234
16 253
17 9
17 12
17 19
17 351
17 434
18 21
18 22
18 150
18 253
18 332
19 12
19 17
19 27
19 343
19 463
20 23
20 147
20 395
20 478
20 493
21 16
21 18
21 246
21 253
21 489
22 16
22 18
22 23
22 339
22 479
23 20
23 22
23 24
23 47
23 201
24 23
24 25
24 26
24 121
24 341
25 7
25 24
25 26
25 29
25 475
26 24
26 25
26 100
26 390
26 392
27 19
27 35
27 38
27 343
27 494
28 29
28 432
28 441
28 446
28 490
29 25
29 28
29 241
29 272
29 432
30 91
30 140
30 272
30 336
30 401
31 190
31 191
31 266
31 368
31 446
32 7
32 59
32 339
32 466
32 493
33 133
33 135
33 203
33 214
33 366
34 94
34 129
34 158
34 237
34 423
35 27
35 38
35 39
35 297
35 343
36 37
36 41
36 43
36 256
36 497
37 36
37 43
37 140
37 386
37 410
38 27
38 35
38 39
38 40
38 218
39 35
39 38
39 40
39 48
39 480
40 38
40 39
40 44
40 48
40 156
41 7
41 36
41 43
41 129
41 292
42 93
42 165
42 192
42 199
42 357
43 36
43 37
43 41
43 296
43 297
44 40
44 48
44 51
44 306
44 409
45 122
45 245
45 260
45 262
45 495
46 47
46 164
46 225
46 353
46 453
47 23
47 46
47 59
47 321
47 484
48 39
48 40
48 44
48 51
48 437
49 52
49 151
49 230
49 288
49 410
50 150
50 278
50 297
50 417
50 429
51 44
51 48
51 53
51 57
51 450
52 49
52 111
52 151
52 332
52 396
53 51
53 187
53 316
53 370
53 404
54 55
54 61
54 295
54 382
54 466
55 54
55 57
55 61
55 295
55 440
56 111
56 251
56 281
56 291
56 347
57 51
57 55
57 61
57 462
57 498
58 61
58 64
58 65
58 80
58 295
59 32
59 47
59 151
59 347
59 466
60 82
60 124
60 190
60 326
60 358
61 54
61 55
61 57
61 58
61 295
62 66
62 87
62 144
62 392
62 402
63 302
63 303
63 308
63 312
63 318
64 58
64 65
64 295
64 342
64 458
65 58
65 64
65 68
65 342
65 499
66 62
66 144
66 330
66 420
66 486
67 11
67 68
67 268
67 342
67 399
68 65
68 67
68 268
68 326
68 342
69 74
69 144
69 334
69 352
69 479
70 71
70 72
70 75
70 129
70 268
71 70
71 72
71 75
71 170
71 342
72 12
72 70
72 71
72 75
72 268
73 161
73 163
73 195
73 387
73 473
74 69
74 80
74 125
74 208
74 229
75 70
75 71
75 72
75 174
75 305
76 97
76 164
76 195
76 421
76 500
77 79
77 81
77 346
77 404
77 465
78 139
78 143
78 147
78 149
78 242
79 77
79 81
79 290
79 416
79 430
80 58
80 74
80 81
80 125
80 216
81 77
81 79
81 80
81 386
81 410
82 60
82 115
82 124
82 326
82 350
83 13
83 14
83 84
83 127
83 259
84 83
84 88
84 259
84 317
84 472
85 96
85 102
85 104
85 400
85 468
86 138
86 148
86 203
86 393
86 467
87 62
87 90
87 259
87 328
87 469
88 84
88 90
88 259
88 454
88 474
89 92
89 94
89 98
89 317
89 337
90 9
90 87
90 88
90 190
90 311
91 30
91 94
91 219
91 300
91 385
92 89
92 106
92 287
92 478
92 479
93 42
93 249
93 254
93 255
93 408
94 13
94 34
94 89
94 91
94 321
95 98
95 99
95 100
95 105
95 323
96 85
96 102
96 104
96 471
96 481
97 76
97 154
97 169
97 173
97 405
98 89
98 95
98 100
98 120
98 385
99 95
99 100
99 367
99 398
99 481
100 26
100 95
100 98
100 99
100 392
101 8
101 108
101 347
101 408
101 481
102 85
102 96
102 104
102 305
102 482
103 284
103 289
103 291
103 432
103 466
104 85
104 96
104 102
104 305
104 472
105 95
105 108
105 468
105 473
105 480
106 92
106 109
106 198
106 406
106 426
107 114
107 115
107 116
107 356
107 473
108 101
108 105
108 109
108 262
108 414
109 106
109 108
109 110
109 421
109 484
110 109
110 252
110 358
111 52
111 56
111 112
111 118
111 252
112 111
112 113
112 118
112 309
112 348
113 112
113 118
113 120
113 121
113 210
114 107
114 115
114 116
114 472
114 481
115 82
115 107
115 114
115 116
115 476
116 107
116 114
116 115
116 127
116 452
117 126
117 127
117 136
117 141
117 250
118 111
118 112
118 113
118 121
118 210
119 159
119 218
119 324
119 330
119 339
120 98
120 113
120 121
120 130
120 448
121 24
121 113
121 118
121 120
121 291
122 45
122 239
122 263
122 265
122 432
123 189
123 316
123 360
123 389
123 499
124 60
124 82
124 326
124 364
124 432
125 74
125 80
125 218
125 464
125 480
126 117
126 127
126 136
126 419
126 492
127 83
127 116
127 117
127 126
127 136
128 348
128 349
128 374
128 389
128 422
129 34
129 41
129 70
129 186
129 373
130 120
130 131
130 132
130 255
130 380
131 130
131 132
131 135
131 176
131 330
132 130
132 131
132 133
132 173
132 259
133 33
133 132
133 135
133 286
133 404
134 136
134 251
134 283
134 284
134 291
135 7
135 33
135 131
135 133
135 375
136 117
136 126
136 127
136 134
136 422
137 218
137 290
137 324
137 378
137 388
138 86
138 184
138 214
138 239
138 350
139 78
139 143
139 154
139 366
139 422
140 7
140 30
140 37
140 272
140 394
141 117
141 422
141 448
141 472
141 478
142 155
142 348
142 389
142 431
142 449
143 78
143 139
143 250
143 381
143 392
144 62
144 66
144 69
144 151
144 237
145 15
145 246
145 253
145 356
145 500
146 169
146 173
146 195
146 217
146 496
147 20
147 78
147 148
147 203
147 435
148 86
148 147
148 370
148 403
148 406
149 78
149 150
149 153
149 350
149 407
150 18
150 50
150 149
150 152
150 153
151 49
151 52
151 59
151 144
151 267
152 150
152 153
152 184
152 331
152 371
153 149
153 150
153 152
153 354
153 489
154 97
154 139
154 336
154 337
154 493
155 3
155 142
155 156
155 213
155 392
156 40
156 155
156 158
156 159
156 309
157 161
157 163
157 182
157 312
157 479
158 3
158 34
158 156
158 159
158 309
159 119
159 156
159 158
159 309
159 392
160 170
160 189
160 208
160 457
160 480
161 73
161 157
161 163
161 471
161 496
162 166
162 167
162 333
162 451
162 483
163 73
163 157
163 161
163 247
163 487
164 46
164 76
164 195
164 397
164 476
165 42
165 192
165 237
165 244
165 357
165 473
166 162
166 167
166 168
166 171
166 460
167 162
167 166
167 171
167 472
167 487
168 166
168 171
168 264
168 309
168 344
169 97
169 146
169 173
169 387
169 397
170 71
170 160
170 189
170 208
170 271
171 166
171 167
171 168
171 172
171 473
172 171
172 174
172 335
172 414
172 482
173 97
173 132
173 146
173 169
173 429
174 75
174 172
174 185
174 335
174 441
175 176
175 404
175 408
175 424
175 465
176 131
176 175
176 178
176 346
176 492
177 193
177 335
177 418
177 463
177 476
178 176
178 179
178 224
178 254
178 472
179 178
179 180
179 181
179 376
179 463
180 179
180 181
180 182
180 411
181 179
181 180
181 182
181 209
181 375
182 157
182 180
182 181
182 304
182 379
183 185
183 193
183 335
183 390
183 427
184 138
184 152
184 186
184 386
184 496
185 174
185 183
185 193
185 335
185 484
186 5
186 129
186 184
186 332
186 480
187 53
187 339
187 352
187 370
187 404
187 479
188 212
188 250
188 327
188 332
188 345
188 455
189 123
189 160
189 170
189 275
189 277
189 345
190 31
190 60
190 90
190 191
190 194
190 406
191 31
191 190
191 200
191 248
191 368
191 406
192 42
192 165
192 215
192 238
192 249
192 357
193 177
193 183
193 185
193 307
193 368
193 498
194 190
194 198
194 228
194 368
194 406
194 435
195 73
195 76
195 146
195 164
195 324
195 335
196 334
196 340
196 393
196 405
196 438
196 453
197 198
197 200
197 243
197 329
197 406
197 473
198 106
198 194
198 197
198 200
198 329
198 398
199 42
199 219
199 237
199 357
199 429
199 466
200 191
200 197
200 198
200 201
200 329
200 374
201 23
201 200
201 202
201 329
201 347
201 474
202 201
202 298
202 306
202 375
202 379
202 461
203 33
203 86
203 147
203 214
203 471
203 496
204 227
204 242
204 268
204 431
204 435
204 463
205 206
205 306
205 379
205 420
205 484
205 486
206 205
206 207
206 209
206 306
206 441
206 477
207 206
207 209
207 210
207 255
207 344
207 494
208 74
208 160
208 170
208 228
208 270
208 271
209 181
209 206
209 207
209 210
209 438
209 464
210 113
210 118
210 207
210 209
210 211
210 213
211 210
211 213
211 216
211 221
211 284
211 492
212 10
212 188
212 217
212 332
212 345
212 475
213 155
213 210
213 211
213 216
213 217
213 221
214 33
214 138
214 203
214 364
214 490
214 491
215 192
215 279
215 280
215 297
215 347
215 379
216 80
216 211
216 213
216 221
216 390
216 453
217 146
217 212
217 213
217 250
217 346
217 350
218 38
218 119
218 125
218 137
218 290
218 359
219 91
219 199
219 237
219 320
219 367
219 458
220 282
220 415
220 421
220 443
220 454
220 495
221 211
221 213
221 216
221 350
221 390
221 407
222 224
222 228
222 288
222 390
222 456
222 472
223 382
223 399
223 409
223 417
223 434
223 469
224 178
224 222
224 228
224 249
224 276
224 288
225 46
225 229
225 230
225 271
225 276
225 396
226 338
226 349
226 351
226 458
226 465
226 467
226 481
227 204
227 233
227 235
227 242
227 274
227 428
228 194
228 208
228 222
228 224
228 276
228 390
229 74
229 225
229 230
229 290
229 310
229 396
230 49
230 225
230 229
230 240
230 436
230 438
231 15
231 232
231 234
231 310
231 362
231 367
232 231
232 234
232 356
232 367
232 396
232 412
233 227
233 235
233 242
233 274
233 412
233 461
234 16
234 231
234 232
234 310
234 367
234 371
235 227
235 233
235 274
235 412
235 431
235 488
236 10
236 13
236 353
236 404
236 441
236 477
237 34
237 144
237 165
237 199
237 219
237 443
238 192
238 240
238 241
238 243
238 424
238 465
239 122
239 138
239 264
239 267
239 340
239 405
240 230
240 238
240 241
240 244
240 300
240 479
241 29
241 238
241 240
241 243
241 244
241 438
242 78
242 204
242 227
242 233
242 274
242 412
243 197
243 238
243 241
243 244
243 480
244 165
244 240
244 241
244 243
244 449
244 495
245 45
245 260
245 262
245 265
245 318
245 462
246 13
246 15
246 21
246 145
246 265
246 494
247 163
247 248
247 249
247 254
247 393
247 487
248 191
248 247
248 249
248 254
248 325
248 489
249 93
249 192
249 224
249 247
249 248
249 439
250 117
250 143
250 188
250 217
250 346
250 350
251 56
251 134
251 283
251 347
251 490
251 491
252 110
252 111
252 271
252 295
252 384
252 391
253 16
253 18
253 21
253 145
253 388
253 430
254 93
254 178
254 247
254 248
254 255
254 379
255 93
255 130
255 207
255 254
255 405
255 408
256 36
256 261
256 323
256 399
256 408
256 497
257 258
257 261
257 286
257 323
257 431
257 457
258 257
258 286
258 323
258 408
258 449
258 495
259 83
259 84
259 87
259 88
259 132
259 429
260 45
260 245
260 262
260 394
260 490
260 491
261 256
261 257
261 286
261 323
261 449
261 495
262 45
262 108
262 245
262 260
262 286
262 343
263 122
263 371
263 460
263 488
263 493
263 500
264 168
264 239
264 266
264 267
264 381
264 406
265 122
265 245
265 246
265 266
265 443
265 494
266 31
266 264
266 265
266 267
266 269
266 361
267 151
267 239
267 264
267 266
267 269
267 433
268 67
268 68
268 70
268 72
268 204
268 483
269 266
269 267
269 270
269 319
269 446
269 483
270 208
270 269
270 271
270 308
270 334
270 425
271 170
271 208
271 225
271 252
271 270
271 366
272 29
272 30
272 140
272 408
272 452
272 483
273 275
273 277
273 286
273 390
273 404
273 497
274 227
274 233
274 235
274 242
274 372
274 412
275 189
275 273
275 277
275 376
275 463
275 496
276 224
276 225
276 228
276 288
276 396
276 460
277 189
277 273
277 275
277 278
277 360
277 381
278 50
278 277
278 302
278 415
278 463
278 470
279 215
279 280
279 297
279 383
279 425
279 454
280 215
280 279
280 297
280 409
280 457
280 470
281 56
281 297
281 347
281 409
281 471
281 496
282 220
282 334
282 366
282 438
282 454
282 498
283 134
283 251
283 284
283 291
283 293
283 352
284 103
284 134
284 211
284 283
284 291
284 494
285 289
285 317
285 327
285 454
285 474
285 497
286 133
286 257
286 258
286 261
286 262
286 273
286 323
287 92
287 290
287 365
287 381
287 386
287 397
287 414
288 49
288 222
288 224
288 276
288 300
288 390
288 467
289 103
289 285
289 303
289 327
289 421
289 476
289 500
290 79
290 137
290 218
290 229
290 287
290 328
290 359
291 1
291 56
291 103
291 121
291 134
291 283
291 284
292 41
292 293
292 294
292 373
292 412
292 416
292 457
293 283
293 292
293 294
293 400
293 416
293 444
293 457
294 292
294 293
294 416
294 427
294 444
294 457
294 467
295 54
295 55
295 58
295 61
295 64
295 252
295 397
296 43
296 301
296 302
296 308
296 318
296 416
296 447
297 35
297 43
297 50
297 215
297 279
297 280
297 281
298 202
298 300
298 311
298 321
298 328
298 355
298 461
299 314
299 316
299 353
299 356
299 370
299 487
299 488
300 11
300 91
300 240
300 288
300 298
300 307
300 321
301 296
301 302
301 303
301 308
301 401
301 444
301 485
302 63
302 278
302 296
302 301
302 303
302 308
302 470
303 63
303 289
303 301
303 302
303 308
303 444
303 500
304 182
304 305
304 333
304 344
304 391
304 398
304 446
305 75
305 102
305 104
305 304
305 417
305 458
305 476
306 44
306 202
306 205
306 206
306 379
306 494
306 500
307 11
307 193
307 300
307 311
307 337
307 426
307 498
308 63
308 270
308 296
308 301
308 302
308 303
308 425
309 112
309 156
309 158
309 159
309 168
309 324
309 474
310 229
310 231
310 234
310 357
310 367
310 396
310 450
311 90
311 298
311 307
311 321
311 322
311 422
311 462
312 63
312 157
312 313
312 318
312 319
312 476
312 492
313 312
313 318
313 319
313 435
313 470
313 481
313 493
314 4
314 299
314 352
314 353
314 363
314 404
314 442
315 340
315 375
315 393
315 405
315 426
315 479
315 487
316 53
316 123
316 299
316 356
316 358
316 370
316 475
317 84
317 89
317 285
317 327
317 341
317 369
317 491
318 63
318 245
318 296
318 312
318 313
318 319
318 320
319 269
319 312
319 313
319 318
319 320
319 322
319 483
320 219
320 318
320 319
320 322
320 325
320 336
320 416
321 11
321 47
321 94
321 298
321 300
321 311
321 493
322 311
322 319
322 320
322 325
322 362
322 414
322 462
323 95
323 256
323 257
323 258
323 261
323 286
323 364
324 119
324 137
324 195
324 309
324 330
324 339
324 497
325 248
325 320
325 322
325 362
325 374
325 414
325 499
326 60
326 68
326 82
326 124
326 358
326 479
326 493
327 188
327 285
327 289
327 317
327 345
327 398
327 481
328 87
328 290
328 298
328 352
328 359
328 400
328 426
329 197
329 198
329 200
329 201
329 342
329 379
329 492
330 4
330 66
330 119
330 131
330 324
330 339
330 454
331 152
331 362
331 365
331 381
331 405
331 445
331 466
332 18
332 52
332 186
332 188
332 212
332 346
332 449
333 162
333 304
333 391
333 398
333 404
333 441
333 446
334 69
334 196
334 270
334 282
334 340
334 366
334 438
334 479
335 172
335 174
335 177
335 183
335 185
335 195
335 478
335 497
336 30
336 154
336 320
336 371
336 384
336 386
336 397
336 413
337 89
337 154
337 307
337 358
337 364
337 408
337 426
337 483
338 226
338 349
338 351
338 354
338 441
338 465
338 477
338 481
339 22
339 32
339 119
339 187
339 324
339 330
339 356
339 445
340 196
340 239
340 315
340 334
340 405
340 411
340 457
340 458
341 1
341 24
341 317
341 355
341 388
341 420
341 421
341 443
342 64
342 65
342 67
342 68
342 71
342 329
342 426
342 492
343 12
343 19
343 27
343 35
343 262
343 389
343 414
343 444
344 168
344 207
344 304
344 383
344 399
344 417
344 441
344 483
345 188
345 189
345 212
345 327
345 395
345 420
345 435
345 470
346 77
346 176
346 217
346 250
346 332
346 350
346 424
346 465
347 56
347 59
347 101
347 201
347 215
347 251
347 281
347 500
348 112
348 128
348 142
348 389
348 392
348 422
348 478
348 497
349 128
349 226
349 338
349 351
349 354
349 438
349 467
349 481
350 82
350 138
350 149
350 217
350 221
350 250
350 346
350 407
351 17
351 226
351 338
351 349
351 354
351 361
351 363
351 453
352 5
352 69
352 187
352 283
352 314
352 328
352 353
352 490
353 46
353 236
353 299
353 314
353 352
353 404
353 456
353 488
354 153
354 338
354 349
354 351
354 361
354 363
354 376
354 489
355 298
355 341
355 360
355 369
355 388
355 389
355 420
355 422
356 107
356 145
356 232
356 299
356 316
356 339
356 370
356 428
357 42
357 165
357 192
357 199
357 310
357 450
357 475
357 477
358 60
358 110
358 316
358 326
358 337
358 364
358 450
358 475
359 218
359 290
359 328
359 421
359 434
359 455
359 465
359 492
360 123
360 277
360 355
360 369
360 381
360 385
360 388
360 423
361 266
361 351
361 354
361 363
361 372
361 376
361 390
361 471
362 15
362 231
362 322
362 325
362 331
362 365
362 382
362 414
363 314
363 351
363 354
363 361
363 372
363 376
363 377
363 442
364 124
364 214
364 323
364 337
364 358
364 426
364 468
364 489
365 287
365 331
365 362
365 381
365 388
365 414
365 416
365 430
366 33
366 139
366 271
366 282
366 334
366 415
366 438
366 454
367 99
367 219
367 231
367 232
367 234
367 310
367 445
367 448
368 31
368 191
368 193
368 194
368 377
368 418
368 474
368 493
369 15
369 317
369 355
369 360
369 385
369 388
369 423
369 456
370 53
370 148
370 187
370 299
370 316
370 356
370 384
370 498
371 152
371 234
371 263
371 336
371 384
371 386
371 397
371 413
372 274
372 361
372 363
372 376
372 377
372 378
372 383
372 475
373 129
373 292
373 418
373 448
373 460
373 462
373 463
373 472
374 128
374 200
374 325
374 382
374 399
374 417
374 459
374 463
375 135
375 181
375 202
375 315
375 391
375 393
375 398
375 479
376 179
376 275
376 354
376 361
376 363
376 372
376 377
376 383
376 463
377 363
377 368
377 372
377 376
377 378
377 383
377 418
377 456
377 493
378 6
378 137
378 372
378 377
378 383
378 387
378 410
378 456
378 494
379 182
379 202
379 205
379 215
379 254
379 306
379 329
379 482
379 498
380 130
380 401
380 410
380 419
380 425
380 456
380 458
380 482
380 488
381 143
381 264
381 277
381 287
381 331
381 360
381 365
381 447
381 489
382 54
382 223
382 362
382 374
382 399
382 406
382 409
382 417
382 434
383 279
383 344
383 372
383 376
383 377
383 378
383 385
383 387
383 456
384 252
384 336
384 370
384 371
384 406
384 413
384 423
384 496
384 498
385 91
385 98
385 360
385 369
385 383
385 420
385 423
385 425
385 435
386 6
386 37
386 81
386 184
386 287
386 336
386 371
386 397
386 413
387 73
387 169
387 378
387 383
387 397
387 401
387 419
387 425
387 456
388 137
388 253
388 341
388 355
388 360
388 365
388 369
388 416
388 420
389 123
389 128
389 142
389 343
389 348
389 355
389 422
389 436
389 442
390 26
390 183
390 216
390 221
390 222
390 228
390 273
390 288
390 361
391 252
391 304
391 333
391 375
391 398
391 412
391 433
391 446
391 479
392 3
392 26
392 62
392 100
392 143
392 155
392 159
392 348
392 422
393 86
393 196
393 247
393 315
393 375
393 427
393 438
393 467
393 479
394 140
394 260
394 411
394 419
394 427
394 432
394 439
394 458
394 461
395 20
395 345
395 400
395 407
395 424
395 471
395 484
395 487
395 492
396 52
396 225
396 229
396 232
396 276
396 310
396 401
396 403
396 419
397 164
397 169
397 287
397 295
397 336
397 371
397 386
397 387
397 413
398 99
398 198
398 304
398 327
398 333
398 375
398 391
398 446
398 481
399 67
399 223
399 256
399 344
399 374
399 382
399 441
399 446
399 491
400 85
400 293
400 328
400 395
400 407
400 424
400 455
400 484
400 487
400 492
401 30
401 301
401 380
401 387
401 396
401 410
401 425
401 432
401 443
401 458
402 62
402 407
402 424
402 429
402 433
402 436
402 452
402 455
402 459
402 469
403 148
403 396
403 411
403 427
403 436
403 442
403 448
403 449
403 476
403 485
404 53
404 77
404 133
404 175
404 187
404 236
404 273
404 314
404 333
404 353
405 97
405 196
405 239
405 255
405 315
405 331
405 340
405 414
405 443
405 479
406 106
406 148
406 190
406 191
406 194
406 197
406 264
406 382
406 384
406 498
407 149
407 221
407 350
407 395
407 400
407 402
407 424
407 452
407 455
407 487
408 93
408 101
408 175
408 255
408 256
408 258
408 272
408 337
408 477
408 483
409 2
409 44
409 223
409 280
409 281
409 382
409 413
409 431
409 434
409 437
410 37
410 49
410 81
410 378
410 380
410 401
410 419
410 425
410 432
410 458
411 180
411 340
411 394
411 403
411 427
411 439
411 442
411 449
411 458
411 461
412 232
412 233
412 235
412 242
412 274
412 292
412 391
412 428
412 433
412 457
413 336
413 371
413 384
413 386
413 397
413 409
413 415
413 462
413 470
413 482
414 108
414 172
414 287
414 322
414 325
414 343
414 362
414 365
414 405
414 453
415 14
415 220
415 278
415 366
415 413
415 421
415 443
415 454
415 462
415 488
416 79
416 292
416 293
416 294
416 296
416 320
416 365
416 388
416 444
416 457
417 50
417 223
417 305
417 344
417 374
417 382
417 441
417 444
417 446
417 452
418 177
418 368
418 373
418 377
418 442
418 447
418 448
418 460
418 472
418 476
419 126
419 380
419 387
419 394
419 396
419 410
419 425
419 432
419 443
419 458
420 14
420 66
420 205
420 341
420 345
420 355
420 385
420 388
420 423
420 486
421 76
421 109
421 220
421 289
421 341
421 359
421 415
421 434
421 443
421 490
422 128
422 136
422 139
422 141
422 311
422 348
422 355
422 389
422 392
422 485
423 34
423 360
423 369
423 384
423 385
423 420
423 437
423 451
423 459
423 469
424 175
424 238
424 346
424 395
424 400
424 402
424 407
424 433
424 452
424 455
425 270
425 279
425 308
425 380
425 385
425 387
425 401
425 410
425 419
425 456
426 106
426 307
426 315
426 328
426 337
426 342
426 364
426 434
426 459
426 499
427 183
427 294
427 393
427 394
427 403
427 411
427 439
427 442
427 449
427 467
428 227
428 356
428 412
428 433
428 445
428 453
428 465
428 466
428 467
428 470
428 475
429 50
429 173
429 199
429 259
429 402
429 433
429 436
429 451
429 464
429 480
429 499
430 79
430 253
430 365
430 440
430 469
430 478
430 482
430 488
430 491
430 494
430 499
431 142
431 204
431 235
431 257
431 409
431 435
431 457
431 460
431 462
431 463
431 465
432 28
432 29
432 103
432 122
432 124
432 394
432 401
432 410
432 419
432 439
432 458
433 267
433 391
433 402
433 412
433 424
433 428
433 429
433 436
433 452
433 455
433 464
434 2
434 9
434 17
434 223
434 359
434 382
434 409
434 421
434 426
434 455
434 484
435 147
435 194
435 204
435 313
435 345
435 385
435 431
435 447
435 462
435 463
435 475
436 230
436 389
436 402
436 403
436 429
436 433
436 451
436 452
436 464
436 480
436 485
437 48
437 409
437 423
437 445
437 457
437 459
437 466
437 473
437 475
437 477
437 483
438 196
438 209
438 230
438 241
438 282
438 334
438 349
438 366
438 393
438 443
438 444
439 249
439 394
439 411
439 427
439 432
439 441
439 449
439 458
439 477
440 55
440 430
440 446
440 461
440 469
440 478
440 482
440 488
440 491
440 493
440 499
441 28
441 174
441 206
441 236
441 333
441 338
441 344
441 399
441 417
441 439
441 500
442 1
442 314
442 363
442 389
442 403
442 411
442 418
442 427
442 449
442 476
442 484
443 220
443 237
443 265
443 341
443 401
443 405
443 415
443 419
443 421
443 438
443 454
444 293
444 294
444 301
444 303
444 343
444 416
444 417
444 438
444 452
444 457
444 490
445 331
445 339
445 367
445 428
445 437
445 448
445 453
445 466
445 475
445 477
445 483
446 28
446 31
446 269
446 304
446 333
446 391
446 398
446 399
446 417
446 440
446 460
447 4
447 296
447 381
447 418
447 435
447 448
447 462
447 463
447 470
447 492
447 494
448 120
448 141
448 367
448 373
448 403
448 418
448 445
448 447
448 460
448 472
448 476
448 479
449 142
449 244
449 258
449 261
449 332
449 403
449 411
449 427
449 439
449 442
449 469
449 495
450 2
450 51
450 310
450 357
450 358
450 459
450 468
450 473
450 474
450 477
450 480
450 483
451 162
451 423
451 429
451 436
451 455
451 459
451 464
451 468
451 469
451 474
451 480
451 499
452 116
452 272
452 402
452 407
452 417
452 424
452 433
452 436
452 444
452 455
452 464
452 491
453 46
453 196
453 216
453 351
453 414
453 428
453 445
453 466
453 470
453 475
453 477
453 492
454 13
454 88
454 220
454 279
454 282
454 285
454 330
454 366
454 415
454 443
454 464
454 474
455 188
455 359
455 400
455 402
455 407
455 424
455 433
455 434
455 451
455 452
455 464
455 484
456 222
456 353
456 369
456 377
456 378
456 380
456 383
456 387
456 425
456 460
456 472
456 489
457 160
457 257
457 280
457 292
457 293
457 294
457 340
457 412
457 416
457 431
457 437
457 444
458 64
458 219
458 226
458 305
458 340
458 380
458 394
458 401
458 410
458 411
458 419
458 432
458 439
459 374
459 402
459 423
459 426
459 437
459 450
459 451
459 468
459 473
459 477
459 483
459 491
459 499
460 166
460 263
460 276
460 373
460 418
460 431
460 446
460 448
460 456
460 468
460 472
460 481
460 489
461 202
461 233
461 298
461 394
461 411
461 440
461 469
461 471
461 478
461 484
461 489
461 492
461 493
462 2
462 57
462 245
462 311
462 322
462 373
462 413
462 415
462 431
462 435
462 447
462 463
462 493
463 19
463 177
463 179
463 204
463 275
463 278
463 373
463 374
463 376
463 431
463 435
463 447
463 462
464 125
464 209
464 429
464 433
464 436
464 451
464 452
464 454
464 455
464 474
464 480
465 77
465 175
465 226
465 238
465 338
465 346
465 359
465 428
465 431
465 467
465 470
465 475
465 481
466 32
466 54
466 59
466 103
466 199
466 331
466 428
466 437
466 445
466 453
466 470
466 475
466 483
467 86
467 226
467 288
467 294
467 349
467 393
467 427
467 428
467 465
467 470
467 476
467 481
467 484
468 8
468 85
468 105
468 364
468 450
468 451
468 459
468 460
468 473
468 474
468 477
468 480
468 489
469 87
469 223
469 402
469 423
469 430
469 440
469 449
469 451
469 461
469 471
469 478
469 488
469 489
469 493
470 278
470 280
470 302
470 313
470 345
470 413
470 428
470 447
470 453
470 465
470 466
470 467
470 475
470 481
471 96
471 161
471 203
471 281
471 361
471 395
471 461
471 469
471 484
471 487
471 489
471 492
471 493
471 496
472 84
472 104
472 114
472 141
472 167
472 178
472 222
472 373
472 418
472 448
472 456
472 460
472 476
472 487
473 73
473 105
473 107
473 165
473 171
473 197
473 437
473 450
473 459
473 468
473 474
473 477
473 483
473 487
474 88
474 201
474 285
474 309
474 368
474 450
474 451
474 454
474 464
474 468
474 473
474 480
474 485
474 497
475 25
475 212
475 316
475 357
475 358
475 372
475 428
475 435
475 437
475 445
475 453
475 465
475 466
475 470
476 6
476 115
476 164
476 177
476 289
476 305
476 312
476 403
476 418
476 442
476 448
476 467
476 472
476 500
477 206
477 236
477 338
477 357
477 408
477 437
477 439
477 445
477 450
477 453
477 459
477 468
477 473
477 483
478 20
478 92
478 141
478 335
478 348
478 430
478 440
478 461
478 469
478 488
478 489
478 493
478 497
478 499
479 22
479 69
479 92
479 157
479 187
479 240
479 315
479 326
479 334
479 375
479 391
479 393
479 405
479 448
480 3
480 5
480 39
480 105
480 125
480 160
480 186
480 243
480 429
480 436
480 450
480 451
480 464
480 468
480 474
481 96
481 99
481 101
481 114
481 226
481 313
481 327
481 338
481 349
481 398
481 460
481 465
481 467
481 470
481 495
482 102
482 172
482 379
482 380
482 413
482 430
482 440
482 485
482 488
482 490
482 491
482 494
482 496
482 497
482 499
483 162
483 268
483 269
483 272
483 319
483 337
483 344
483 408
483 437
483 445
483 450
483 459
483 466
483 473
483 477
484 47
484 109
484 185
484 205
484 395
484 400
484 434
484 442
484 455
484 461
484 467
484 471
484 487
484 489
484 492
484 493
485 301
485 403
485 422
485 436
485 474
485 482
485 488
485 490
485 491
485 494
485 495
485 496
485 497
485 498
485 499
485 500
486 3
486 66
486 205
486 420
486 490
486 495
486 496
486 497
486 498
486 500
487 163
487 167
487 247
487 299
487 315
487 395
487 400
487 407
487 471
487 472
487 473
487 484
487 489
487 492
487 493
487 499
488 235
488 263
488 299
488 353
488 380
488 415
488 430
488 440
488 469
488 478
488 482
488 485
488 491
488 494
488 497
488 499
489 11
489 21
489 153
489 248
489 354
489 364
489 381
489 456
489 460
489 461
489 468
489 469
489 471
489 478
489 484
489 487
489 492
489 493
490 28
490 214
490 251
490 260
490 352
490 421
490 444
490 482
490 485
490 486
490 494
490 495
490 496
490 497
490 498
490 500
491 214
491 251
491 260
491 317
491 399
491 430
491 440
491 452
491 459
491 482
491 485
491 488
491 494
491 495
491 496
491 497
491 499
491 500
492 126
492 176
492 211
492 312
492 329
492 342
492 359
492 395
492 400
492 447
492 453
492 461
492 471
492 484
492 487
492 489
492 494
492 499
493 20
493 32
493 154
493 263
493 313
493 321
493 326
493 368
493 377
493 440
493 461
493 462
493 469
493 471
493 478
493 484
493 487
493 489
493 499
494 27
494 207
494 246
494 265
494 284
494 306
494 378
494 430
494 447
494 482
494 485
494 488
494 490
494 491
494 492
494 496
494 497
494 499
494 500
495 45
495 220
495 244
495 258
495 261
495 449
495 481
495 485
495 486
495 490
495 491
495 496
495 497
495 498
495 500
496 146
496 161
496 184
496 203
496 275
496 281
496 384
496 471
496 482
496 485
496 486
496 490
496 491
496 494
496 495
496 497
496 498
496 499
496 500
497 36
497 256
497 273
497 285
497 324
497 335
497 348
497 474
497 478
497 482
497 485
497 486
497 488
497 490
497 491
497 494
497 495
497 496
497 498
497 500
498 57
498 193
498 282
498 307
498 370
498 379
498 384
498 406
498 485
498 486
498 490
498 495
498 496
498 497
498 500
499 10
499 65
499 123
499 325
499 426
499 429
499 430
499 440
499 451
499 459
499 478
499 482
499 485
499 487
499 488
499 491
499 492
499 493
499 494
499 496
500 76
500 145
500 263
500 289
500 303
500 306
500 347
500 441
500 476
500 485
500 486
500 490
500 491
500 494
500 495
500 496
500 497
500 498
