1 253
1 304
1 319
1 358
1 463
2 170
2 171
2 173
2 178
2 448
3 5
3 197
3 205
3 255
3 289
4 108
4 115
4 116
4 117
4 343
5 3
5 6
5 197
5 255
5 444
6 5
6 7
6 9
6 20
6 255
7 6
7 8
7 9
7 56
7 379
8 7
8 9
8 10
8 27
8 394
9 6
9 7
9 8
9 10
9 38
10 8
10 9
10 13
10 15
10 61
11 26
11 253
11 304
11 329
11 349
11 473
12 13
12 16
12 23
12 340
12 420
13 10
13 12
13 15
13 16
13 492
14 34
14 40
14 58
14 224
14 375
15 10
15 13
15 16
15 37
15 383
16 12
16 13
16 15
16 82
16 127
17 19
17 20
17 408
17 434
17 489
18 25
18 55
18 131
18 132
18 154
19 17
19 20
19 22
19 82
19 159
20 6
20 17
20 19
20 22
20 468
21 66
21 201
21 278
21 351
21 359
22 19
22 20
22 28
22 82
22 90
23 12
23 27
23 28
23 30
23 366
24 53
24 75
24 203
24 204
24 390
25 18
25 132
25 134
25 138
25 484
26 11
26 35
26 39
26 42
26 350
27 8
27 23
27 30
27 31
27 32
28 22
28 23
28 32
28 459
28 464
29 265
29 266
29 267
29 268
29 414
30 23
30 27
30 31
30 32
30 42
31 27
31 30
31 32
31 303
31 485
32 27
32 28
32 30
32 31
32 485
33 34
33 58
33 224
33 272
33 421
34 14
34 33
34 58
34 224
34 252
35 26
35 39
35 42
35 350
35 424
36 38
36 40
36 167
36 224
36 477
37 15
37 38
37 99
37 187
37 486
38 9
38 36
38 37
38 40
38 99
39 26
39 35
39 42
39 304
39 350
40 14
40 36
40 38
40 99
40 480
41 277
41 279
41 280
41 369
41 393
42 26
42 30
42 35
42 39
42 288
42 350
43 46
43 168
43 177
43 178
43 242
44 45
44 52
44 288
44 363
44 449
44 497
45 44
45 52
45 64
45 288
45 290
46 43
46 49
46 50
46 458
46 493
47 62
47 212
47 215
47 216
47 317
48 49
48 50
48 99
48 187
48 493
49 46
49 48
49 50
49 51
49 429
50 46
50 48
50 49
50 51
50 91
51 49
51 50
51 56
51 235
51 259
52 44
52 45
52 64
52 288
52 290
53 24
53 75
53 203
53 204
53 460
54 88
54 91
54 94
54 95
54 232
55 18
55 56
55 57
55 259
55 420
56 7
56 51
56 55
56 57
56 259
57 55
57 56
57 59
57 254
57 259
58 14
58 33
58 34
58 395
58 482
59 57
59 259
59 372
59 390
59 464
60 61
60 63
60 66
60 69
60 443
61 10
61 60
61 63
61 65
61 493
62 47
62 208
62 212
62 215
62 216
63 60
63 61
63 65
63 69
63 100
64 45
64 52
64 67
64 290
64 428
65 61
65 63
65 69
65 71
65 185
66 21
66 60
66 201
66 284
66 327
67 64
67 73
67 290
67 309
67 477
68 73
68 79
68 309
68 430
68 446
69 60
69 63
69 65
69 71
69 78
70 71
70 83
70 86
70 217
70 494
71 65
71 69
71 70
71 83
71 500
72 144
72 145
72 147
72 222
72 283
73 67
73 68
73 79
73 80
73 309
74 76
74 78
74 84
74 248
74 463
75 24
75 53
75 203
75 204
75 420
76 74
76 78
76 84
76 97
76 217
77 158
77 162
77 183
77 450
77 455
78 69
78 74
78 76
78 84
78 352
79 68
79 73
79 80
79 290
79 309
80 73
80 79
80 93
80 102
80 309
81 139
81 278
81 327
81 373
81 439
82 16
82 19
82 22
82 464
82 500
83 70
83 71
83 84
83 211
83 217
84 74
84 76
84 78
84 83
84 221
85 87
85 91
85 137
85 232
85 475
86 70
86 87
86 197
86 369
86 479
87 85
87 86
87 88
87 111
87 466
88 54
88 87
88 132
88 232
88 468
89 125
89 136
89 193
89 272
89 454
90 22
90 164
90 169
90 282
90 456
91 50
91 54
91 85
91 205
91 224
92 146
92 147
92 148
92 150
92 283
93 80
93 102
93 111
93 294
93 309
94 54
94 95
94 96
94 220
94 476
95 54
95 94
95 220
95 232
95 482
96 94
96 115
96 220
96 400
96 447
97 76
97 101
97 121
97 220
97 341
98 100
98 103
98 346
98 432
98 493
99 37
99 38
99 40
99 48
99 187
99 497
100 63
100 98
100 103
100 244
100 399
101 97
101 121
101 200
101 220
101 244
102 80
102 93
102 111
102 294
102 464
103 98
103 100
103 121
103 244
103 300
104 109
104 111
104 401
104 455
104 473
105 106
105 108
105 209
105 244
105 457
106 105
106 108
106 115
106 237
106 411
107 119
107 142
107 152
107 172
107 302
108 4
108 105
108 106
108 115
108 271
109 104
109 111
109 294
109 384
109 401
110 195
110 285
110 292
110 326
110 488
111 87
111 93
111 102
111 104
111 109
111 294
112 114
112 117
112 332
112 343
112 451
113 149
113 257
113 374
113 465
113 467
114 112
114 117
114 275
114 343
115 4
115 96
115 106
115 108
115 117
116 4
116 120
116 217
116 343
116 479
117 4
117 112
117 114
117 115
117 343
118 119
118 120
118 384
118 476
118 488
119 107
119 118
119 120
119 124
119 449
120 116
120 118
120 119
120 124
120 186
121 97
121 101
121 103
121 333
121 494
122 129
122 154
122 231
122 262
122 295
123 156
123 172
123 196
123 343
123 456
124 119
124 120
124 130
124 262
124 461
125 89
125 272
125 283
125 395
125 494
126 133
126 141
126 155
126 257
126 374
127 16
127 129
127 130
127 262
127 468
128 170
128 171
128 282
128 403
128 422
129 122
129 127
129 131
129 154
129 234
130 124
130 127
130 131
130 262
130 351
131 18
131 129
131 130
131 154
131 351
132 18
132 25
132 88
132 343
132 424
133 126
133 141
133 155
133 464
133 465
134 25
134 136
134 401
134 409
134 422
135 136
135 137
135 148
135 368
135 400
136 89
136 134
136 135
136 137
136 138
137 85
137 135
137 136
137 138
137 140
138 25
138 136
138 137
138 388
138 484
139 81
139 185
139 243
139 327
139 416
140 137
140 143
140 215
140 283
140 495
141 126
141 133
141 155
141 257
141 374
142 107
142 152
142 223
142 302
142 448
143 140
143 283
143 387
143 399
143 500
144 72
144 145
144 189
144 222
144 379
145 72
145 144
145 164
145 189
145 222
146 92
146 147
146 222
146 425
146 468
147 72
147 92
147 146
147 189
147 278
148 92
148 135
148 150
148 207
148 223
149 113
149 257
149 401
149 473
149 488
150 92
150 148
150 223
150 267
150 499
151 192
151 202
151 301
151 335
151 387
152 107
152 142
152 172
152 247
152 302
153 156
153 160
153 172
153 179
153 345
154 18
154 122
154 129
154 131
154 438
155 126
155 133
155 141
155 441
155 477
156 123
156 153
156 157
156 160
156 385
157 156
157 159
157 218
157 402
157 491
158 77
158 162
158 167
158 183
158 262
158 448
159 19
159 157
159 160
159 161
159 498
160 153
160 156
160 159
160 161
160 276
161 159
161 160
161 164
161 169
161 286
162 77
162 158
162 167
162 415
162 450
163 190
163 196
163 260
163 412
163 467
164 90
164 145
164 161
164 169
164 282
165 270
165 271
165 273
165 383
165 425
166 167
166 176
166 188
166 469
166 472
167 36
167 158
167 162
167 166
167 183
167 188
168 43
168 179
168 180
168 182
168 249
169 90
169 161
169 164
169 270
169 282
170 2
170 128
170 171
170 180
170 282
171 2
171 128
171 170
171 173
172 107
172 123
172 152
172 153
172 332
173 2
173 171
173 210
173 344
173 471
174 177
174 178
174 212
174 403
174 409
175 206
175 209
175 210
175 293
175 400
176 166
176 188
176 430
176 453
176 492
177 43
177 174
177 178
177 242
177 427
178 2
178 43
178 174
178 177
178 405
179 153
179 168
179 180
179 249
179 306
180 168
180 170
180 179
180 411
180 478
181 182
181 184
181 205
181 274
181 500
182 168
182 181
182 184
182 249
182 423
183 77
183 158
183 167
183 188
183 380
184 181
184 182
184 185
184 238
184 274
185 65
185 139
185 184
185 274
185 322
186 120
186 303
186 333
186 351
186 427
186 432
187 37
187 48
187 99
187 312
187 402
187 476
188 166
188 167
188 176
188 183
188 274
188 412
189 144
189 145
189 147
189 242
189 283
189 435
190 163
190 194
190 199
190 251
190 260
190 412
191 211
191 233
191 413
191 445
191 455
191 469
192 151
192 213
192 252
192 301
192 335
192 381
193 89
193 226
193 235
193 243
193 272
193 419
194 190
194 196
194 199
194 200
194 260
194 291
195 110
195 206
195 286
195 429
195 438
195 482
196 123
196 163
196 194
196 199
196 200
196 412
197 3
197 5
197 86
197 205
197 361
197 381
198 240
198 241
198 298
198 332
198 338
198 463
199 190
199 194
199 196
199 200
199 294
199 357
200 101
200 194
200 196
200 199
200 203
200 445
201 21
201 66
201 219
201 235
201 292
201 439
202 151
202 252
202 276
202 324
202 381
202 469
203 24
203 53
203 75
203 200
203 279
203 496
204 24
204 53
204 75
204 206
204 266
204 420
205 3
205 91
205 181
205 197
205 323
205 377
205 409
206 175
206 195
206 204
206 209
206 400
206 420
207 148
207 303
207 306
207 310
207 330
207 351
208 62
208 218
208 272
208 312
208 317
208 408
209 105
209 175
209 206
209 400
209 420
209 485
210 173
210 175
210 248
210 293
210 461
210 482
211 83
211 191
211 233
211 250
211 269
211 455
211 497
212 47
212 62
212 174
212 248
212 293
212 400
213 192
213 277
213 325
213 335
213 369
213 387
214 235
214 240
214 278
214 284
214 327
214 423
215 47
215 62
215 140
215 216
215 218
215 293
216 47
216 62
216 215
216 218
216 228
216 248
217 70
217 76
217 83
217 116
217 378
217 458
218 157
218 208
218 215
218 216
218 312
218 317
219 201
219 227
219 229
219 312
219 317
219 430
220 94
220 95
220 96
220 97
220 101
220 419
221 84
221 275
221 303
221 323
221 332
221 333
222 72
222 144
222 145
222 146
222 297
222 338
223 142
223 148
223 150
223 349
223 433
223 498
224 14
224 33
224 34
224 36
224 91
224 436
225 245
225 403
225 411
225 418
225 452
225 458
226 193
226 227
226 228
226 229
226 312
226 435
227 219
227 226
227 228
227 229
227 230
227 305
228 216
228 226
228 227
228 229
228 230
228 473
229 219
229 226
229 227
229 228
229 230
229 441
230 227
230 228
230 229
230 237
230 339
230 500
231 122
231 237
231 238
231 239
231 476
231 485
232 54
232 85
232 88
232 95
232 409
232 413
233 191
233 211
233 250
233 413
233 445
233 469
234 129
234 280
234 281
234 285
234 326
234 369
235 51
235 193
235 201
235 214
235 243
235 396
236 347
236 355
236 363
236 438
236 449
236 496
237 106
237 230
237 231
237 238
237 239
237 469
238 184
238 231
238 237
238 239
238 298
238 338
239 231
239 237
239 238
239 240
239 420
239 439
240 198
240 214
240 239
240 298
240 338
240 450
241 198
241 244
241 246
241 254
241 338
241 470
242 43
242 177
242 189
242 249
242 376
242 494
243 139
243 193
243 235
243 336
243 431
243 494
244 100
244 101
244 103
244 105
244 241
244 399
245 225
245 398
245 403
245 411
245 418
245 458
246 241
246 247
246 251
246 254
246 288
246 454
247 152
247 246
247 251
247 254
247 404
247 456
248 74
248 210
248 212
248 216
248 293
248 400
248 489
249 168
249 179
249 182
249 242
249 314
249 474
250 211
250 233
250 269
250 287
250 415
250 455
251 190
251 246
251 247
251 254
251 298
251 417
252 34
252 192
252 202
252 276
252 324
252 381
253 1
253 11
253 304
253 319
253 329
253 350
254 57
254 241
254 246
254 247
254 251
254 258
255 3
255 5
255 6
255 323
255 326
255 398
256 258
256 261
256 263
256 414
256 432
256 472
257 113
257 126
257 141
257 149
257 374
257 465
258 254
258 256
258 261
258 263
258 296
258 414
259 51
259 55
259 56
259 57
259 59
259 481
260 163
260 190
260 194
260 401
260 412
260 481
261 256
261 258
261 263
261 293
261 414
261 448
262 122
262 124
262 127
262 130
262 158
262 350
263 256
263 258
263 261
263 265
263 357
263 414
264 314
264 366
264 375
264 382
264 395
264 477
265 29
265 263
265 266
265 267
265 414
265 418
266 29
266 204
266 265
266 267
266 268
266 466
267 29
267 150
267 265
267 266
267 268
267 270
268 29
268 266
268 267
268 270
268 273
268 459
269 211
269 250
269 287
269 289
269 296
269 415
270 165
270 169
270 267
270 268
270 271
270 273
271 108
271 165
271 270
271 273
271 383
271 440
272 33
272 89
272 125
272 193
272 208
272 473
273 165
273 268
273 270
273 271
273 383
273 387
274 181
274 184
274 185
274 188
274 302
274 310
275 114
275 221
275 303
275 332
275 409
275 429
276 160
276 202
276 252
276 362
276 383
276 453
277 41
277 213
277 279
277 324
277 369
277 370
278 21
278 81
278 147
278 214
278 284
278 412
279 41
279 203
279 277
279 325
279 387
279 405
280 41
280 234
280 281
280 285
280 326
280 466
281 234
281 280
281 326
281 333
281 477
281 497
282 90
282 128
282 164
282 169
282 170
282 374
283 72
283 92
283 125
283 140
283 143
283 189
284 66
284 214
284 278
284 292
284 330
284 487
285 110
285 234
285 280
285 418
285 455
285 474
286 161
286 195
286 292
286 315
286 349
286 429
287 250
287 269
287 289
287 296
287 360
287 415
287 455
288 42
288 44
288 45
288 52
288 246
288 290
288 350
289 3
289 269
289 287
289 291
289 296
289 415
289 462
290 45
290 52
290 64
290 67
290 79
290 288
290 323
291 194
291 289
291 296
291 307
291 415
291 416
291 471
292 110
292 201
292 284
292 286
292 315
292 429
292 474
293 175
293 210
293 212
293 215
293 248
293 261
293 441
294 93
294 102
294 109
294 111
294 199
294 389
294 450
295 122
295 322
295 342
295 355
295 365
295 430
295 438
295 444
296 258
296 269
296 287
296 289
296 291
296 307
296 415
297 222
297 362
297 372
297 405
297 419
297 432
297 446
298 198
298 238
298 240
298 251
298 338
298 422
298 442
299 307
299 347
299 416
299 417
299 466
299 470
299 487
300 103
300 388
300 403
300 411
300 434
300 469
300 485
301 151
301 192
301 311
301 325
301 335
301 387
301 414
302 107
302 142
302 152
302 274
302 419
302 467
302 474
303 31
303 186
303 207
303 221
303 275
303 333
303 351
304 1
304 11
304 39
304 253
304 319
304 329
304 359
305 227
305 339
305 348
305 425
305 432
305 439
305 459
306 179
306 207
306 310
306 320
306 330
306 351
306 429
307 291
307 296
307 299
307 347
307 416
307 417
307 495
308 309
308 356
308 372
308 377
308 379
308 382
308 495
309 67
309 68
309 73
309 79
309 80
309 93
309 308
310 207
310 274
310 306
310 315
310 330
310 463
310 476
311 301
311 352
311 375
311 378
311 395
311 402
311 497
312 187
312 208
312 218
312 219
312 226
312 317
312 461
313 316
313 331
313 347
313 404
313 417
313 427
313 476
314 249
314 264
314 340
314 356
314 364
314 366
314 395
315 286
315 292
315 310
315 330
315 349
315 356
315 429
316 313
316 321
316 331
316 347
316 404
316 417
316 479
317 47
317 208
317 218
317 219
317 312
317 389
317 404
318 320
318 321
318 336
318 455
318 469
318 486
318 499
319 1
319 253
319 304
319 358
319 449
319 458
319 463
320 306
320 318
320 321
320 336
320 445
320 490
320 497
321 316
321 318
321 320
321 331
321 336
321 476
321 493
322 185
322 295
322 355
322 389
322 393
322 423
322 492
323 205
323 221
323 255
323 290
323 332
323 409
323 429
324 202
324 252
324 277
324 381
324 412
324 485
324 490
325 213
325 279
325 301
325 335
325 387
325 446
325 496
326 110
326 234
326 255
326 280
326 281
326 349
326 369
327 66
327 81
327 139
327 214
327 387
327 464
327 480
328 365
328 367
328 377
328 423
328 427
328 448
328 450
329 11
329 253
329 304
329 358
329 445
329 463
329 497
330 207
330 284
330 306
330 310
330 315
330 495
330 498
331 313
331 316
331 321
331 336
331 347
331 376
331 404
332 112
332 172
332 198
332 221
332 275
332 323
332 409
332 449
333 121
333 186
333 221
333 281
333 303
333 351
333 409
334 344
334 346
334 352
334 388
334 399
334 434
334 480
335 151
335 192
335 213
335 301
335 325
335 387
335 446
336 243
336 318
336 320
336 321
336 331
336 353
336 417
337 339
337 353
337 354
337 359
337 376
337 436
337 489
338 198
338 222
338 238
338 240
338 241
338 298
338 424
338 499
339 230
339 305
339 337
339 357
339 380
339 390
339 396
339 422
340 12
340 314
340 356
340 364
340 382
340 394
340 449
340 458
341 97
341 371
341 386
341 392
341 406
341 410
341 428
341 485
341 500
342 295
342 360
342 370
342 421
342 437
342 476
342 477
342 496
343 4
343 112
343 114
343 116
343 117
343 123
343 132
343 363
344 173
344 334
344 346
344 352
344 398
344 399
344 403
344 434
345 153
345 359
345 368
345 373
345 376
345 397
345 398
345 436
346 98
346 334
346 344
346 352
346 388
346 399
346 434
346 487
347 236
347 299
347 307
347 313
347 316
347 331
347 404
347 417
348 305
348 357
348 362
348 373
348 425
348 432
348 439
348 489
349 11
349 223
349 286
349 315
349 326
349 429
349 463
349 487
350 26
350 35
350 39
350 42
350 253
350 262
350 288
350 397
351 21
351 130
351 131
351 186
351 207
351 303
351 306
351 333
352 78
352 311
352 334
352 344
352 346
352 365
352 399
352 434
353 336
353 337
353 354
353 359
353 428
353 436
353 457
353 475
354 337
354 353
354 359
354 366
354 373
354 376
354 436
354 456
355 236
355 295
355 322
355 367
355 393
355 412
355 430
355 438
356 308
356 314
356 315
356 340
356 361
356 364
356 382
356 394
357 199
357 263
357 339
357 348
357 380
357 396
357 422
357 485
358 1
358 319
358 329
358 363
358 394
358 424
358 449
358 463
359 21
359 304
359 337
359 345
359 353
359 354
359 373
359 376
360 287
360 342
360 370
360 397
360 421
360 437
360 476
360 477
361 197
361 356
361 372
361 377
361 379
361 382
361 439
361 446
362 276
362 297
362 348
362 419
362 425
362 432
362 439
362 446
363 44
363 236
363 343
363 358
363 393
363 424
363 438
363 463
364 314
364 340
364 356
364 379
364 382
364 394
364 421
364 475
365 295
365 328
365 352
365 367
365 408
365 423
365 427
365 448
366 23
366 264
366 314
366 354
366 375
366 378
366 395
366 402
367 328
367 355
367 365
367 408
367 423
367 427
367 450
367 498
368 135
368 345
368 384
368 398
368 418
368 436
368 440
368 458
369 41
369 86
369 213
369 234
369 277
369 326
369 426
369 495
370 277
370 342
370 360
370 397
370 421
370 437
370 464
370 466
371 341
371 378
371 386
371 392
371 428
371 440
371 453
371 485
372 59
372 297
372 308
372 361
372 377
372 379
372 405
372 446
373 81
373 345
373 348
373 354
373 359
373 376
373 436
373 453
374 113
374 126
374 141
374 257
374 282
374 381
374 401
374 499
375 14
375 264
375 311
375 366
375 378
375 395
375 402
375 497
376 242
376 331
376 337
376 345
376 354
376 359
376 373
376 436
377 205
377 308
377 328
377 361
377 372
377 379
377 446
377 492
378 217
378 311
378 366
378 371
378 375
378 395
378 402
378 469
379 7
379 144
379 308
379 361
379 364
379 372
379 377
379 446
380 183
380 339
380 357
380 390
380 396
380 422
380 465
380 478
381 192
381 197
381 202
381 252
381 324
381 374
381 383
381 485
382 264
382 308
382 340
382 356
382 361
382 364
382 394
382 472
383 15
383 165
383 271
383 273
383 276
383 381
383 426
383 449
384 109
384 118
384 368
384 393
384 408
384 427
384 430
384 450
384 453
385 156
385 391
385 431
385 433
385 452
385 456
385 474
385 475
385 479
386 341
386 371
386 392
386 398
386 440
386 453
386 469
386 479
386 486
387 143
387 151
387 213
387 273
387 279
387 301
387 325
387 327
387 335
388 138
388 300
388 334
388 346
388 403
388 428
388 458
388 474
388 486
389 294
389 317
389 322
389 393
389 408
389 419
389 427
389 430
389 471
390 24
390 59
390 339
390 380
390 396
390 406
390 422
390 466
390 485
391 385
391 407
391 431
391 433
391 452
391 456
391 474
391 475
391 489
392 341
392 371
392 386
392 406
392 428
392 436
392 453
392 465
392 485
393 41
393 322
393 355
393 363
393 384
393 389
393 430
393 438
393 453
394 8
394 340
394 356
394 358
394 364
394 382
394 410
394 473
394 481
395 58
395 125
395 264
395 311
395 314
395 366
395 375
395 378
395 416
396 235
396 339
396 357
396 380
396 390
396 422
396 423
396 425
396 450
397 345
397 350
397 360
397 370
397 421
397 435
397 441
397 464
397 465
398 245
398 255
398 344
398 345
398 368
398 386
398 418
398 458
398 461
399 100
399 143
399 244
399 334
399 344
399 346
399 352
399 411
399 485
400 96
400 135
400 175
400 206
400 209
400 212
400 248
400 402
400 420
401 104
401 109
401 134
401 149
401 260
401 374
401 473
401 489
401 495
402 157
402 187
402 311
402 366
402 375
402 378
402 400
402 478
402 483
403 128
403 174
403 225
403 245
403 300
403 344
403 388
403 411
403 491
404 247
404 313
404 316
404 317
404 331
404 347
404 416
404 417
404 488
405 178
405 279
405 297
405 372
405 419
405 446
405 462
405 487
405 500
406 341
406 390
406 392
406 410
406 426
406 452
406 482
406 485
406 494
407 391
407 431
407 433
407 452
407 456
407 471
407 474
407 475
407 482
408 17
408 208
408 365
408 367
408 384
408 389
408 427
408 450
408 477
409 134
409 174
409 205
409 232
409 275
409 323
409 332
409 333
409 477
410 341
410 394
410 406
410 418
410 426
410 444
410 465
410 473
410 495
411 106
411 180
411 225
411 245
411 300
411 399
411 403
411 458
411 463
412 163
412 188
412 190
412 196
412 260
412 278
412 324
412 355
412 458
413 191
413 232
413 233
413 416
413 440
413 445
413 455
413 469
413 481
414 29
414 256
414 258
414 261
414 263
414 265
414 301
414 451
414 475
415 162
415 250
415 269
415 287
415 289
415 291
415 296
415 416
415 486
416 139
416 291
416 299
416 307
416 395
416 404
416 413
416 415
416 417
417 251
417 299
417 307
417 313
417 316
417 336
417 347
417 404
417 416
417 471
418 225
418 245
418 265
418 285
418 368
418 398
418 410
418 434
418 458
418 500
419 193
419 220
419 297
419 302
419 362
419 389
419 405
419 439
419 478
419 498
420 12
420 55
420 75
420 204
420 206
420 209
420 239
420 400
420 422
420 478
421 33
421 342
421 360
421 364
421 370
421 397
421 435
421 437
421 441
421 464
422 128
422 134
422 298
422 339
422 357
422 380
422 390
422 396
422 420
422 482
423 182
423 214
423 322
423 328
423 365
423 367
423 396
423 427
423 448
423 450
424 35
424 132
424 338
424 358
424 363
424 436
424 437
424 449
424 463
424 489
425 146
425 165
425 305
425 348
425 362
425 396
425 432
425 434
425 439
425 473
426 369
426 383
426 406
426 410
426 428
426 438
426 444
426 473
426 487
426 499
427 177
427 186
427 313
427 328
427 365
427 367
427 384
427 389
427 408
427 423
428 64
428 341
428 353
428 371
428 388
428 392
428 426
428 444
428 475
428 485
429 49
429 195
429 275
429 286
429 292
429 306
429 315
429 323
429 349
429 494
430 68
430 176
430 219
430 295
430 355
430 384
430 389
430 393
430 438
430 478
431 243
431 385
431 391
431 407
431 433
431 452
431 456
431 467
431 474
431 475
432 98
432 186
432 256
432 297
432 305
432 348
432 362
432 425
432 439
432 492
433 223
433 385
433 391
433 407
433 431
433 456
433 466
433 474
433 476
433 477
434 17
434 300
434 334
434 344
434 346
434 352
434 418
434 425
434 486
434 490
435 189
435 226
435 397
435 421
435 441
435 442
435 444
435 464
435 465
435 473
436 224
436 337
436 345
436 353
436 354
436 368
436 373
436 376
436 392
436 424
437 342
437 360
437 370
437 421
437 424
437 453
437 466
437 474
437 476
437 477
438 154
438 195
438 236
438 295
438 355
438 363
438 393
438 426
438 430
438 449
439 81
439 201
439 239
439 305
439 348
439 361
439 362
439 419
439 425
439 432
440 271
440 368
440 371
440 386
440 413
440 445
440 453
440 469
440 490
440 496
441 155
441 229
441 293
441 397
441 421
441 435
441 444
441 464
441 465
441 473
441 496
442 298
442 435
442 443
442 447
442 451
442 454
442 459
442 461
442 462
442 468
442 470
443 60
443 442
443 447
443 461
443 467
443 468
443 471
443 478
443 484
443 490
443 499
444 5
444 295
444 410
444 426
444 428
444 435
444 441
444 448
444 464
444 465
444 473
445 191
445 200
445 233
445 320
445 329
445 413
445 440
445 452
445 453
445 455
445 469
446 68
446 297
446 325
446 335
446 361
446 362
446 372
446 377
446 379
446 405
446 478
447 96
447 442
447 443
447 451
447 461
447 463
447 467
447 468
447 470
447 471
447 478
448 2
448 142
448 158
448 261
448 328
448 365
448 423
448 444
448 450
448 470
448 500
449 44
449 119
449 236
449 319
449 332
449 340
449 358
449 383
449 424
449 438
449 463
450 77
450 162
450 240
450 294
450 328
450 367
450 384
450 396
450 408
450 423
450 448
450 471
451 112
451 414
451 442
451 447
451 454
451 457
451 459
451 461
451 462
451 468
451 470
451 498
452 225
452 385
452 391
452 406
452 407
452 431
452 445
452 467
452 471
452 475
452 478
452 482
453 176
453 276
453 371
453 373
453 384
453 386
453 392
453 393
453 437
453 440
453 445
453 469
454 89
454 246
454 442
454 451
454 457
454 459
454 460
454 462
454 470
454 479
454 492
454 493
455 77
455 104
455 191
455 211
455 250
455 285
455 287
455 318
455 413
455 445
455 491
455 493
456 90
456 123
456 247
456 354
456 385
456 391
456 407
456 431
456 433
456 466
456 474
456 477
457 105
457 353
457 451
457 454
457 459
457 460
457 462
457 470
457 479
457 481
457 492
457 498
458 46
458 217
458 225
458 245
458 319
458 340
458 368
458 388
458 398
458 411
458 412
458 418
459 28
459 268
459 305
459 442
459 451
459 454
459 457
459 460
459 462
459 468
459 470
459 492
459 498
460 53
460 454
460 457
460 459
460 479
460 481
460 487
460 488
460 489
460 492
460 494
460 496
460 498
461 124
461 210
461 312
461 398
461 442
461 443
461 447
461 451
461 467
461 468
461 471
461 478
461 482
462 289
462 405
462 442
462 451
462 454
462 457
462 459
462 468
462 469
462 470
462 479
462 481
462 492
463 1
463 74
463 198
463 310
463 319
463 329
463 349
463 358
463 363
463 411
463 424
463 447
463 449
464 28
464 59
464 82
464 102
464 133
464 327
464 370
464 397
464 421
464 435
464 441
464 444
464 465
465 113
465 133
465 257
465 380
465 392
465 397
465 410
465 435
465 441
465 444
465 464
465 473
465 485
465 488
466 87
466 266
466 280
466 299
466 370
466 390
466 433
466 437
466 456
466 474
466 476
466 477
466 480
466 483
467 113
467 163
467 302
467 431
467 443
467 447
467 452
467 461
467 468
467 471
467 475
467 478
467 482
467 488
468 20
468 88
468 127
468 146
468 442
468 443
468 447
468 451
468 459
468 461
468 462
468 467
468 470
468 496
469 166
469 191
469 202
469 233
469 237
469 300
469 318
469 378
469 386
469 413
469 440
469 445
469 453
469 462
470 241
470 299
470 442
470 447
470 448
470 451
470 454
470 457
470 459
470 462
470 468
470 476
470 479
470 492
471 173
471 291
471 389
471 407
471 417
471 443
471 447
471 450
471 452
471 461
471 467
471 475
471 478
471 482
471 490
472 166
472 256
472 382
472 480
472 483
472 484
472 486
472 491
472 495
472 497
472 499
472 500
473 11
473 104
473 149
473 228
473 272
473 394
473 401
473 410
473 425
473 426
473 435
473 441
473 444
473 465
473 498
474 249
474 285
474 292
474 302
474 385
474 388
474 391
474 407
474 431
474 433
474 437
474 456
474 466
474 477
474 482
475 85
475 353
475 364
475 385
475 391
475 407
475 414
475 428
475 431
475 452
475 467
475 471
475 478
475 482
475 498
476 94
476 118
476 187
476 231
476 310
476 313
476 321
476 342
476 360
476 433
476 437
476 466
476 470
476 477
476 491
477 36
477 67
477 155
477 264
477 281
477 342
477 360
477 408
477 409
477 433
477 437
477 456
477 466
477 474
477 476
478 180
478 380
478 402
478 419
478 420
478 430
478 443
478 446
478 447
478 452
478 461
478 467
478 471
478 475
478 482
478 483
479 86
479 116
479 316
479 385
479 386
479 454
479 457
479 460
479 462
479 470
479 481
479 487
479 488
479 492
479 494
479 498
480 40
480 327
480 334
480 466
480 472
480 483
480 484
480 486
480 490
480 491
480 495
480 497
480 499
480 500
481 259
481 260
481 394
481 413
481 457
481 460
481 462
481 479
481 487
481 488
481 489
481 490
481 492
481 493
481 494
481 498
482 58
482 95
482 195
482 210
482 406
482 407
482 422
482 452
482 461
482 467
482 471
482 474
482 475
482 478
482 492
482 494
483 402
483 466
483 472
483 478
483 480
483 484
483 486
483 487
483 489
483 490
483 493
483 495
483 496
483 497
483 499
483 500
484 25
484 138
484 443
484 472
484 480
484 483
484 486
484 488
484 491
484 495
484 497
484 499
484 500
485 31
485 32
485 209
485 231
485 300
485 324
485 341
485 357
485 371
485 381
485 390
485 392
485 399
485 406
485 428
485 465
485 492
486 37
486 318
486 386
486 388
486 415
486 434
486 472
486 480
486 483
486 484
486 490
486 491
486 493
486 495
486 496
486 497
486 499
486 500
487 284
487 299
487 346
487 349
487 405
487 426
487 460
487 479
487 481
487 483
487 488
487 489
487 490
487 492
487 493
487 494
487 496
487 498
488 110
488 118
488 149
488 404
488 460
488 465
488 467
488 479
488 481
488 484
488 487
488 489
488 490
488 492
488 493
488 494
488 496
488 498
489 17
489 248
489 337
489 348
489 391
489 401
489 424
489 460
489 481
489 483
489 487
489 488
489 490
489 493
489 494
489 495
489 496
489 498
490 320
490 324
490 434
490 440
490 443
490 471
490 480
490 481
490 483
490 486
490 487
490 488
490 489
490 493
490 494
490 495
490 496
490 497
490 500
491 157
491 403
491 455
491 472
491 476
491 480
491 484
491 486
491 497
491 499
491 500
492 13
492 176
492 322
492 377
492 432
492 454
492 457
492 459
492 460
492 462
492 470
492 479
492 481
492 482
492 485
492 487
492 488
492 494
492 498
493 46
493 48
493 61
493 98
493 321
493 454
493 455
493 481
493 483
493 486
493 487
493 488
493 489
493 490
493 494
493 495
493 496
493 497
493 498
494 70
494 121
494 125
494 242
494 243
494 406
494 429
494 460
494 479
494 481
494 482
494 487
494 488
494 489
494 490
494 492
494 493
494 496
494 498
495 140
495 307
495 308
495 330
495 369
495 401
495 410
495 472
495 480
495 483
495 484
495 486
495 489
495 490
495 493
495 496
495 497
495 499
495 500
496 203
496 236
496 325
496 342
496 440
496 441
496 460
496 468
496 483
496 486
496 487
496 488
496 489
496 490
496 493
496 494
496 495
496 497
496 498
496 500
497 44
497 99
497 211
497 281
497 311
497 320
497 329
497 375
497 472
497 480
497 483
497 484
497 486
497 490
497 491
497 493
497 495
497 496
497 499
497 500
498 159
498 223
498 330
498 367
498 419
498 451
498 457
498 459
498 460
498 473
498 475
498 479
498 481
498 487
498 488
498 489
498 492
498 493
498 494
498 496
499 150
499 318
499 338
499 374
499 426
499 443
499 472
499 480
499 483
499 484
499 486
499 491
499 495
499 497
499 500
500 71
500 82
500 143
500 181
500 230
500 341
500 405
500 418
500 448
500 472
500 480
500 483
500 484
500 486
500 490
500 491
500 495
500 496
500 497
500 499
