1 2
1 6
1 142
1 192
1 475
2 1
2 6
2 34
2 192
2 456
3 5
3 6
3 8
3 174
3 322
4 89
4 380
4 384
4 387
4 394
5 3
5 8
5 461
5 469
5 483
6 1
6 2
6 3
6 171
6 266
7 9
7 93
7 340
7 471
7 483
8 3
8 5
8 18
8 220
8 466
9 7
9 19
9 93
9 340
9 418
10 13
10 18
10 325
10 376
10 472
11 15
11 16
11 17
11 39
11 443
12 13
12 125
12 135
12 146
12 192
13 10
13 12
13 70
13 125
13 327
14 68
14 71
14 318
14 406
14 491
15 11
15 16
15 17
15 93
15 477
16 11
16 15
16 17
16 33
16 418
17 11
17 15
17 16
17 22
17 141
18 8
18 10
18 125
18 260
18 309
19 9
19 20
19 129
19 162
19 473
20 19
20 30
20 162
20 228
20 495
21 22
21 23
21 24
21 290
21 464
22 17
22 21
22 24
22 467
22 477
23 21
23 24
23 27
23 286
23 346
24 21
24 22
24 23
24 27
24 286
25 159
25 163
25 165
25 270
25 277
26 53
26 173
26 217
26 218
26 235
27 23
27 24
27 29
27 65
27 286
28 30
28 38
28 206
28 398
28 421
29 27
29 35
29 286
29 385
29 454
30 20
30 28
30 38
30 189
30 382
31 160
31 195
31 293
31 353
31 447
32 94
32 110
32 116
32 176
32 488
33 16
33 34
33 35
33 36
33 454
34 2
34 33
34 35
34 36
34 286
35 29
35 33
35 34
35 36
35 306
36 33
36 34
36 35
36 39
36 134
37 39
37 49
37 247
37 430
37 500
38 28
38 30
38 41
38 196
38 450
39 11
39 36
39 37
39 49
39 247
40 41
40 42
40 116
40 438
40 479
41 38
41 40
41 42
41 391
41 477
42 40
42 41
42 138
42 405
42 446
43 44
43 45
43 306
43 369
43 427
44 43
44 45
44 46
44 181
44 497
45 43
45 44
45 46
45 97
45 446
46 44
46 45
46 48
46 372
46 412
47 51
47 287
47 470
47 482
47 492
48 46
48 51
48 54
48 414
48 453
49 37
49 39
49 52
49 192
49 247
50 73
50 91
50 120
50 134
50 144
51 47
51 48
51 55
51 272
51 490
52 49
52 59
52 328
52 428
52 484
53 26
53 173
53 217
53 268
53 389
54 48
54 55
54 56
54 57
54 467
55 51
55 54
55 57
55 421
55 440
56 54
56 57
56 228
56 428
56 495
57 54
57 55
57 56
57 71
57 455
58 60
58 61
58 405
58 442
58 476
59 52
59 62
59 91
59 265
59 328
60 58
60 61
60 355
60 450
60 457
61 58
61 60
61 64
61 211
61 447
62 59
62 65
62 74
62 127
62 265
63 103
63 211
63 232
63 289
63 406
64 61
64 66
64 69
64 364
64 436
65 27
65 62
65 74
65 265
65 439
66 64
66 67
66 69
66 70
66 250
67 66
67 69
67 71
67 150
67 321
68 14
68 70
68 72
68 122
68 441
69 64
69 66
69 67
69 275
69 455
70 13
70 66
70 68
70 72
70 316
71 14
71 57
71 67
71 399
71 455
72 68
72 70
72 148
72 188
72 443
73 50
73 136
73 138
73 144
73 445
74 62
74 65
74 83
74 265
74 439
75 78
75 86
75 229
75 274
75 472
76 92
76 165
76 167
76 174
76 270
77 150
77 153
77 157
77 166
77 469
78 75
78 229
78 292
78 479
78 500
79 239
79 315
79 365
79 379
79 439
80 81
80 82
80 85
80 363
80 379
81 80
81 82
81 315
81 365
81 452
82 80
82 81
82 85
82 485
82 491
83 74
83 110
83 176
83 267
83 479
84 131
84 178
84 179
84 246
84 332
85 80
85 82
85 419
85 441
85 452
86 75
86 229
86 387
86 417
86 488
87 90
87 95
87 100
87 115
87 496
88 98
88 129
88 425
88 482
88 485
89 4
89 156
89 169
89 194
89 387
89 489
90 87
90 95
90 100
90 331
90 384
91 50
91 59
91 134
91 138
91 273
92 76
92 175
92 178
92 182
92 376
93 7
93 9
93 15
93 340
93 418
94 32
94 121
94 237
94 262
94 313
95 87
95 90
95 100
95 125
95 349
96 104
96 129
96 259
96 434
96 486
97 45
97 102
97 104
97 227
97 424
98 88
98 129
98 229
98 286
98 480
99 223
99 342
99 370
99 395
99 405
99 469
100 87
100 90
100 95
100 284
100 485
101 103
101 207
101 209
101 313
101 485
102 97
102 104
102 425
102 428
102 443
103 63
103 101
103 211
103 289
103 369
104 96
104 97
104 102
104 376
104 494
105 107
105 175
105 176
105 179
105 475
106 108
106 111
106 137
106 284
106 357
107 105
107 176
107 418
107 451
107 463
108 106
108 111
108 120
108 432
108 458
109 133
109 189
109 194
109 280
109 334
110 32
110 83
110 116
110 418
110 451
111 106
111 108
111 120
111 167
111 284
112 113
112 126
112 450
112 483
112 499
113 112
113 126
113 128
113 462
113 487
114 136
114 219
114 226
114 228
114 236
115 87
115 267
115 351
115 401
115 480
116 32
116 40
116 110
116 200
116 210
117 121
117 258
117 322
117 345
117 439
118 154
118 164
118 298
118 311
118 377
119 158
119 262
119 274
119 462
119 464
120 50
120 108
120 111
120 126
120 452
121 94
121 117
121 262
121 365
121 471
122 68
122 135
122 237
122 422
122 460
123 135
123 155
123 198
123 237
123 467
124 133
124 198
124 336
124 359
124 496
125 12
125 13
125 18
125 95
125 162
126 112
126 113
126 120
126 181
126 474
127 62
127 128
127 132
127 181
127 477
128 113
128 127
128 132
128 181
128 273
129 19
129 88
129 96
129 98
129 227
130 155
130 262
130 282
130 288
130 464
131 84
131 186
131 187
131 318
131 332
132 127
132 128
132 181
132 273
132 426
133 109
133 124
133 189
133 194
133 368
134 36
134 50
134 91
134 273
134 477
135 12
135 122
135 123
135 155
135 244
136 73
136 114
136 137
136 418
136 434
137 106
137 136
137 141
137 144
137 408
138 42
138 73
138 91
138 141
138 479
139 142
139 206
139 224
139 354
139 423
140 152
140 202
140 246
140 248
140 271
141 17
141 137
141 138
141 269
141 410
142 1
142 139
142 206
142 475
142 493
143 206
143 298
143 366
143 444
143 499
144 50
144 73
144 137
144 269
144 330
145 151
145 269
145 302
145 377
145 466
146 12
146 147
146 148
146 293
146 404
147 146
147 148
147 206
147 489
147 497
148 72
148 146
148 147
148 153
148 188
149 154
149 269
149 300
149 302
149 490
150 67
150 77
150 281
150 453
150 467
151 145
151 154
151 269
151 302
151 474
152 140
152 248
152 249
152 331
152 335
153 77
153 148
153 157
153 352
153 451
154 118
154 149
154 151
154 159
154 163
155 123
155 130
155 135
155 237
155 499
156 89
156 169
156 180
156 193
156 387
157 77
157 153
157 234
157 296
157 341
158 119
158 166
158 212
158 300
158 435
159 25
159 154
159 163
159 466
159 495
160 31
160 295
160 341
160 453
160 484
161 164
161 166
161 262
161 343
161 429
162 19
162 20
162 125
162 358
162 436
163 25
163 154
163 159
163 304
163 382
164 118
164 161
164 224
164 350
164 429
165 25
165 76
165 167
165 270
165 300
166 77
166 158
166 161
166 169
166 224
167 76
167 111
167 165
167 270
167 431
168 218
168 221
168 231
168 389
168 457
169 89
169 156
169 166
169 180
169 193
169 387
170 199
170 200
170 203
170 364
170 374
170 412
171 6
171 172
171 174
171 229
171 350
171 398
172 171
172 174
172 398
172 491
172 493
172 496
173 26
173 53
173 216
173 245
173 477
173 496
174 3
174 76
174 171
174 172
174 345
174 398
175 92
175 105
175 179
175 182
175 376
175 449
176 32
176 83
176 105
176 107
176 338
176 438
177 256
177 292
177 298
177 334
177 430
177 492
178 84
178 92
178 179
178 279
178 332
178 467
179 84
179 105
179 175
179 178
179 332
179 376
180 156
180 169
180 193
180 196
180 197
180 367
181 44
181 126
181 127
181 128
181 132
181 481
182 92
182 175
182 184
182 287
182 376
182 482
183 203
183 204
183 255
183 316
183 374
183 460
184 182
184 186
184 187
184 213
184 493
184 496
185 201
185 303
185 304
185 309
185 316
185 318
186 131
186 184
186 213
186 291
186 462
186 485
187 131
187 184
187 213
187 360
187 406
187 415
188 72
188 148
188 321
188 334
188 414
188 419
189 30
189 109
189 133
189 194
189 198
189 409
190 307
190 325
190 326
190 327
190 329
190 344
191 251
191 317
191 319
191 371
191 433
191 443
192 1
192 2
192 12
192 49
192 316
192 318
193 156
193 169
193 180
193 196
193 197
193 210
194 89
194 109
194 133
194 189
194 198
195 31
195 260
195 266
195 287
195 446
195 497
196 38
196 180
196 193
196 197
196 208
196 422
197 180
197 193
197 196
197 220
197 422
197 432
198 123
198 124
198 189
198 194
198 199
198 463
199 170
199 198
199 200
199 416
199 437
199 439
200 116
200 170
200 199
200 374
200 479
200 485
201 185
201 267
201 303
201 309
201 351
201 419
202 140
202 234
202 288
202 294
202 297
202 447
203 170
203 183
203 353
203 374
203 375
203 490
204 183
204 227
204 250
204 255
204 374
204 452
205 330
205 345
205 353
205 367
205 412
205 415
206 28
206 139
206 142
206 143
206 147
206 440
207 101
207 209
207 255
207 278
207 431
207 491
208 196
208 220
208 222
208 230
208 422
208 432
209 101
209 207
209 238
209 250
209 284
209 313
210 116
210 193
210 233
210 274
210 298
210 322
211 61
211 63
211 103
211 270
211 313
211 404
212 158
212 216
212 232
212 263
212 289
212 462
213 184
213 186
213 187
213 245
213 321
213 480
214 239
214 296
214 299
214 399
214 471
214 500
215 225
215 258
215 261
215 342
215 343
215 351
216 173
216 212
216 245
216 397
216 479
216 487
217 26
217 53
217 218
217 229
217 245
217 335
218 26
218 168
218 217
218 339
218 389
218 490
219 114
219 221
219 226
219 276
219 285
219 308
220 8
220 197
220 208
220 222
220 230
220 422
221 168
221 219
221 228
221 308
221 310
221 460
222 208
222 220
222 230
222 242
222 345
222 422
223 99
223 225
223 295
223 370
223 405
223 480
224 139
224 164
224 166
224 295
224 347
224 486
225 215
225 223
225 342
225 351
225 368
225 438
226 114
226 219
226 228
226 308
226 397
226 456
227 97
227 129
227 204
227 309
227 374
227 452
228 20
228 56
228 114
228 221
228 226
228 235
229 75
229 78
229 86
229 98
229 171
229 217
230 208
230 220
230 222
230 242
230 391
230 415
231 168
231 235
231 236
231 319
231 348
231 485
232 63
232 212
232 245
232 263
232 289
232 488
233 210
233 256
233 274
233 368
233 441
233 476
234 157
234 202
234 301
234 305
234 447
234 453
235 26
235 228
235 231
235 236
235 348
235 480
236 114
236 231
236 235
236 341
236 348
236 435
237 94
237 122
237 123
237 155
237 417
237 488
238 209
238 241
238 243
238 377
238 439
238 474
239 79
239 214
239 296
239 299
239 335
239 419
240 327
240 333
240 345
240 353
240 471
240 496
241 238
241 243
241 317
241 377
241 399
241 476
242 222
242 230
242 254
242 257
242 386
242 391
243 238
243 241
243 348
243 393
243 399
243 457
244 135
244 335
244 347
244 394
244 399
244 499
245 173
245 213
245 216
245 217
245 232
245 263
246 84
246 140
246 248
246 287
246 335
246 347
247 37
247 39
247 49
247 340
247 347
247 472
248 140
248 152
248 246
248 249
248 263
248 483
249 152
249 248
249 252
249 271
249 389
249 498
250 66
250 204
250 209
250 255
250 313
250 496
251 191
251 278
251 290
251 312
251 383
251 427
252 249
252 259
252 271
252 315
252 343
252 487
253 254
253 257
253 268
253 391
253 403
253 493
254 242
254 253
254 257
254 268
254 387
254 391
255 183
255 204
255 207
255 250
255 415
255 423
256 177
256 233
256 258
256 323
256 461
256 469
257 242
257 253
257 254
257 268
257 302
257 391
258 117
258 215
258 256
258 274
258 322
258 445
259 96
259 252
259 260
259 271
259 287
259 409
260 18
260 195
260 259
260 287
260 289
260 477
261 215
261 300
261 351
261 368
261 381
261 470
261 495
262 94
262 119
262 121
262 130
262 161
262 392
263 212
263 232
263 245
263 248
263 289
263 488
264 282
264 292
264 298
264 300
264 490
264 499
265 59
265 62
265 65
265 74
265 328
265 496
266 6
266 195
266 293
266 295
266 341
266 344
267 83
267 115
267 201
267 314
267 318
267 354
267 481
268 53
268 253
268 254
268 257
268 277
268 279
268 320
269 141
269 144
269 145
269 149
269 151
269 459
269 483
270 25
270 76
270 165
270 167
270 211
270 398
270 431
271 140
271 249
271 252
271 259
271 401
271 412
271 499
272 51
272 275
272 277
272 280
272 394
272 422
272 499
273 91
273 128
273 132
273 134
273 424
273 433
273 498
274 75
274 119
274 210
274 233
274 258
274 322
274 472
275 69
275 272
275 277
275 279
275 280
275 455
275 478
276 219
276 285
276 331
276 349
276 357
276 369
276 382
277 25
277 268
277 272
277 275
277 279
277 280
277 369
278 207
278 251
278 290
278 311
278 383
278 469
278 491
279 178
279 268
279 275
279 277
279 280
279 463
279 476
280 109
280 272
280 275
280 277
280 279
280 294
280 365
281 150
281 283
281 285
281 294
281 435
281 446
281 454
282 130
282 264
282 300
282 381
282 448
282 449
282 465
283 281
283 285
283 288
283 294
283 381
283 447
283 468
284 100
284 106
284 111
284 209
284 312
284 458
284 470
285 219
285 276
285 281
285 283
285 288
285 294
285 447
286 23
286 24
286 27
286 29
286 34
286 98
286 480
287 47
287 182
287 195
287 246
287 259
287 260
287 471
288 130
288 202
288 283
288 285
288 416
288 447
288 498
289 63
289 103
289 212
289 232
289 260
289 263
289 399
290 21
290 251
290 278
290 311
290 360
290 383
290 443
291 186
291 339
291 361
291 364
291 367
291 412
291 462
292 78
292 177
292 264
292 298
292 300
292 415
292 487
293 31
293 146
293 266
293 295
293 341
293 482
293 485
294 202
294 280
294 281
294 283
294 285
294 480
294 494
295 160
295 223
295 224
295 266
295 293
295 433
295 500
296 157
296 214
296 239
296 299
296 347
296 377
296 397
297 202
297 301
297 304
297 305
297 411
297 453
297 481
298 118
298 143
298 177
298 210
298 264
298 292
298 358
299 214
299 239
299 296
299 314
299 347
299 476
299 491
300 149
300 158
300 165
300 261
300 264
300 282
300 292
301 234
301 297
301 304
301 305
301 411
301 447
301 453
302 145
302 149
302 151
302 257
302 437
302 453
302 498
303 185
303 201
303 314
303 322
303 370
303 429
303 470
304 163
304 185
304 297
304 301
304 305
304 306
304 453
305 234
305 297
305 301
305 304
305 306
305 453
305 473
306 35
306 43
306 304
306 305
306 310
306 311
306 453
307 190
307 354
307 366
307 375
307 397
307 423
307 494
308 219
308 221
308 226
308 328
308 389
308 433
308 492
309 18
309 185
309 201
309 227
309 318
309 399
309 448
310 221
310 306
310 311
310 383
310 453
310 469
310 476
311 118
311 278
311 290
311 306
311 310
311 358
311 383
312 251
312 284
312 317
312 386
312 443
312 461
312 474
313 94
313 101
313 209
313 211
313 250
313 375
313 498
314 267
314 299
314 303
314 322
314 348
314 389
314 491
315 79
315 81
315 252
315 365
315 379
315 439
315 487
316 70
316 183
316 185
316 192
316 403
316 441
316 486
317 191
317 241
317 312
317 386
317 433
317 443
317 476
318 14
318 131
318 185
318 192
318 267
318 309
318 490
319 191
319 231
319 324
319 371
319 433
319 458
319 465
320 268
320 324
320 325
320 341
320 371
320 438
320 451
321 67
321 188
321 213
321 334
321 442
321 454
321 494
322 3
322 117
322 210
322 258
322 274
322 303
322 314
323 256
323 336
323 366
323 392
323 415
323 423
323 497
324 319
324 320
324 325
324 344
324 371
324 411
324 433
325 10
325 190
325 320
325 324
325 326
325 344
325 472
326 190
326 325
326 329
326 344
326 425
326 441
326 497
327 13
327 190
327 240
327 329
327 333
327 484
327 492
328 52
328 59
328 265
328 308
328 399
328 420
328 475
329 190
329 326
329 327
329 344
329 439
329 449
329 481
330 144
330 205
330 333
330 345
330 353
330 367
330 478
331 90
331 152
331 276
331 408
331 419
331 478
331 493
332 84
332 131
332 178
332 179
332 442
333 240
333 327
333 330
333 345
333 353
333 439
333 481
334 109
334 177
334 188
334 321
334 487
334 491
334 492
335 152
335 217
335 239
335 244
335 246
335 344
335 347
336 124
336 323
336 348
336 366
336 392
336 415
336 423
336 500
337 338
337 352
337 444
337 448
337 478
337 485
337 495
338 176
338 337
338 352
338 356
338 423
338 444
338 448
338 485
339 218
339 291
339 358
339 361
339 367
339 390
339 426
339 490
340 7
340 9
340 93
340 247
340 408
340 482
340 485
340 491
341 157
341 160
341 236
341 266
341 293
341 320
341 435
341 471
342 99
342 215
342 225
342 343
342 351
342 368
342 470
342 475
343 161
343 215
343 252
343 342
343 375
343 381
343 392
343 459
344 190
344 266
344 324
344 325
344 326
344 329
344 335
344 386
345 117
345 174
345 205
345 222
345 240
345 330
345 333
345 353
346 23
346 385
346 404
346 410
346 414
346 431
346 470
346 481
347 224
347 244
347 246
347 247
347 296
347 299
347 335
347 473
348 231
348 235
348 236
348 243
348 314
348 336
348 454
348 500
349 95
349 276
349 357
349 369
349 408
349 413
349 419
349 461
350 164
350 171
350 366
350 369
350 382
350 392
350 415
350 470
351 115
351 201
351 215
351 225
351 261
351 342
351 368
351 427
352 153
352 337
352 338
352 356
352 418
352 444
352 448
352 485
353 31
353 203
353 205
353 240
353 330
353 333
353 345
353 466
354 139
354 267
354 307
354 355
354 366
354 397
354 423
354 439
355 60
355 354
355 374
355 375
355 381
355 397
355 443
355 445
356 338
356 352
356 359
356 360
356 372
356 394
356 448
356 449
357 106
357 276
357 349
357 363
357 369
357 382
357 408
357 435
358 162
358 298
358 311
358 339
358 364
358 448
358 475
358 480
359 124
359 356
359 360
359 363
359 372
359 448
359 466
359 487
360 187
360 290
360 356
360 359
360 363
360 372
360 448
360 466
361 291
361 339
361 364
361 375
361 390
361 412
361 447
361 466
362 364
362 412
362 425
362 460
362 469
362 476
362 483
362 500
363 80
363 357
363 359
363 360
363 372
363 393
363 444
363 466
364 64
364 170
364 291
364 358
364 361
364 362
364 425
364 458
365 79
365 81
365 121
365 280
365 315
365 379
365 471
365 473
366 143
366 307
366 323
366 336
366 350
366 354
366 415
366 444
367 180
367 205
367 291
367 330
367 339
367 443
367 454
367 489
368 133
368 225
368 233
368 261
368 342
368 351
368 395
368 446
369 43
369 103
369 276
369 277
369 349
369 350
369 357
369 382
370 99
370 223
370 303
370 395
370 405
370 425
370 448
370 465
371 191
371 319
371 320
371 324
371 386
371 433
371 447
371 457
372 46
372 356
372 359
372 360
372 363
372 393
372 458
372 466
373 393
373 405
373 406
373 429
373 442
373 466
373 474
373 490
374 170
374 183
374 200
374 203
374 204
374 227
374 355
374 445
375 203
375 307
375 313
375 343
375 355
375 361
375 381
375 397
376 10
376 92
376 104
376 175
376 179
376 182
376 398
376 494
377 118
377 145
377 238
377 241
377 296
377 399
377 440
377 488
378 400
378 406
378 409
378 410
378 417
378 428
378 429
378 478
379 79
379 80
379 315
379 365
379 407
379 484
379 495
379 497
380 4
380 384
380 387
380 394
380 413
380 435
380 446
380 461
381 261
381 282
381 283
381 343
381 355
381 375
381 468
381 479
382 30
382 163
382 276
382 350
382 357
382 369
382 392
382 395
382 483
383 251
383 278
383 290
383 310
383 311
383 386
383 397
383 423
383 486
384 4
384 90
384 380
384 387
384 394
384 435
384 440
384 446
384 468
385 29
385 346
385 401
385 410
385 414
385 428
385 431
385 448
385 465
386 242
386 312
386 317
386 344
386 371
386 383
386 443
386 460
386 499
387 4
387 86
387 89
387 156
387 169
387 254
387 380
387 384
387 444
388 396
388 398
388 400
388 402
388 445
388 459
388 484
388 490
388 496
389 53
389 168
389 218
389 249
389 308
389 314
389 404
389 464
389 466
390 339
390 361
390 403
390 404
390 407
390 440
390 454
390 466
390 474
391 41
391 230
391 242
391 253
391 254
391 257
391 420
391 496
392 262
392 323
392 336
392 343
392 350
392 382
392 415
392 416
392 423
393 243
393 363
393 372
393 373
393 406
393 417
393 429
393 457
393 478
394 4
394 244
394 272
394 356
394 380
394 384
394 416
394 435
394 446
395 99
395 368
395 370
395 382
395 405
395 425
395 434
395 440
395 459
396 388
396 400
396 402
396 411
396 413
396 445
396 484
396 496
396 500
397 216
397 226
397 296
397 307
397 354
397 355
397 375
397 383
397 456
398 28
398 171
398 172
398 174
398 270
398 376
398 388
398 422
398 484
399 71
399 214
399 241
399 243
399 244
399 289
399 309
399 328
399 377
400 378
400 388
400 396
400 402
400 421
400 445
400 478
400 484
400 496
401 115
401 271
401 385
401 414
401 417
401 428
401 431
401 478
401 499
402 388
402 396
402 400
402 411
402 413
402 421
402 424
402 445
402 500
403 253
403 316
403 390
403 404
403 407
403 440
403 464
403 470
403 492
404 146
404 211
404 346
404 389
404 390
404 403
404 440
404 454
404 470
405 42
405 58
405 99
405 223
405 370
405 373
405 395
405 442
405 470
406 14
406 63
406 187
406 373
406 378
406 393
406 409
406 417
406 429
407 379
407 390
407 403
407 440
407 442
407 449
407 454
407 458
407 489
408 137
408 331
408 340
408 349
408 357
408 418
408 419
408 431
408 480
409 189
409 259
409 378
409 406
409 417
409 428
409 429
409 431
409 459
410 141
410 346
410 378
410 385
410 414
410 431
410 433
410 446
410 461
411 297
411 301
411 324
411 396
411 402
411 413
411 421
411 424
411 436
411 445
412 46
412 170
412 205
412 271
412 291
412 361
412 362
412 425
412 436
412 483
413 349
413 380
413 396
413 402
413 411
413 421
413 424
413 436
413 481
414 48
414 188
414 346
414 385
414 401
414 410
414 417
414 428
414 431
414 488
415 187
415 205
415 230
415 255
415 292
415 323
415 336
415 350
415 366
415 392
416 199
416 288
416 392
416 394
416 426
416 427
416 435
416 437
416 446
416 458
417 86
417 237
417 378
417 393
417 401
417 406
417 409
417 414
417 428
417 429
418 9
418 16
418 93
418 107
418 110
418 136
418 352
418 408
418 419
418 486
419 85
419 188
419 201
419 239
419 331
419 349
419 408
419 418
419 427
419 478
420 328
420 391
420 434
420 437
420 452
420 467
420 469
420 475
420 480
421 28
421 55
421 400
421 402
421 411
421 413
421 424
421 436
421 457
421 468
422 122
422 196
422 197
422 208
422 220
422 222
422 272
422 398
422 489
422 490
423 139
423 255
423 307
423 323
423 336
423 338
423 354
423 383
423 392
423 486
424 97
424 273
424 402
424 411
424 413
424 421
424 433
424 436
424 457
424 472
425 88
425 102
425 326
425 362
425 364
425 370
425 395
425 412
425 489
425 497
426 132
426 339
426 416
426 427
426 435
426 438
426 441
426 446
426 458
426 490
427 43
427 251
427 351
427 416
427 419
427 426
427 438
427 441
427 449
427 458
428 52
428 56
428 102
428 378
428 385
428 401
428 409
428 414
428 417
428 443
429 161
429 164
429 303
429 373
429 378
429 393
429 406
429 409
429 417
429 475
430 37
430 177
430 432
430 450
430 458
430 462
430 471
430 477
430 481
430 483
430 486
431 167
431 207
431 270
431 346
431 385
431 401
431 408
431 409
431 410
431 414
431 447
432 108
432 197
432 208
432 430
432 450
432 462
432 468
432 472
432 477
432 481
432 486
433 191
433 273
433 295
433 308
433 317
433 319
433 324
433 371
433 410
433 424
433 443
434 96
434 136
434 395
434 420
434 436
434 437
434 452
434 457
434 467
434 475
434 483
435 158
435 236
435 281
435 341
435 357
435 380
435 384
435 394
435 416
435 426
435 446
436 64
436 162
436 411
436 412
436 413
436 421
436 424
436 434
436 437
436 457
436 458
437 199
437 302
437 416
437 420
437 434
437 436
437 444
437 452
437 457
437 467
437 475
438 40
438 176
438 225
438 320
438 426
438 427
438 441
438 442
438 449
438 458
438 486
439 65
439 74
439 79
439 117
439 199
439 238
439 315
439 329
439 333
439 354
439 456
440 55
440 206
440 377
440 384
440 390
440 395
440 403
440 404
440 407
440 454
440 470
441 68
441 85
441 233
441 316
441 326
441 426
441 427
441 438
441 442
441 449
441 458
442 58
442 321
442 332
442 373
442 405
442 407
442 438
442 441
442 449
442 454
442 456
443 11
443 72
443 102
443 191
443 290
443 312
443 317
443 355
443 367
443 386
443 428
443 433
444 143
444 337
444 338
444 352
444 363
444 366
444 387
444 437
444 461
444 464
444 478
444 485
445 73
445 258
445 355
445 374
445 388
445 396
445 400
445 402
445 411
445 459
445 490
445 496
446 42
446 45
446 195
446 281
446 368
446 380
446 384
446 394
446 410
446 416
446 426
446 435
447 31
447 61
447 202
447 234
447 283
447 285
447 288
447 301
447 361
447 371
447 431
447 494
448 282
448 309
448 337
448 338
448 352
448 356
448 358
448 359
448 360
448 370
448 385
448 466
449 175
449 282
449 329
449 356
449 407
449 427
449 438
449 441
449 442
449 454
449 464
449 498
450 38
450 60
450 112
450 430
450 432
450 455
450 468
450 472
450 474
450 481
450 486
450 488
451 107
451 110
451 153
451 320
451 459
451 460
451 462
451 471
451 479
451 483
451 484
451 490
452 81
452 85
452 120
452 204
452 227
452 420
452 434
452 437
452 467
452 475
452 488
452 496
453 48
453 150
453 160
453 234
453 297
453 301
453 302
453 304
453 305
453 306
453 310
453 463
454 29
454 33
454 281
454 321
454 348
454 367
454 390
454 404
454 407
454 440
454 442
454 449
454 456
455 57
455 69
455 71
455 275
455 450
455 463
455 465
455 468
455 472
455 473
455 474
455 488
455 491
456 2
456 226
456 397
456 439
456 442
456 454
456 461
456 464
456 467
456 469
456 476
456 478
456 480
457 60
457 168
457 243
457 371
457 393
457 421
457 424
457 434
457 436
457 437
457 467
457 478
457 498
458 108
458 284
458 319
458 364
458 372
458 407
458 416
458 426
458 427
458 430
458 436
458 438
458 441
459 269
459 343
459 388
459 395
459 409
459 445
459 451
459 460
459 470
459 479
459 484
459 490
459 496
460 122
460 183
460 221
460 362
460 386
460 451
460 459
460 471
460 479
460 484
460 486
460 490
460 492
461 5
461 256
461 312
461 349
461 380
461 410
461 444
461 456
461 464
461 476
461 478
461 480
461 485
462 113
462 119
462 186
462 212
462 291
462 430
462 432
462 451
462 471
462 477
462 479
462 483
462 486
463 107
463 198
463 279
463 453
463 455
463 465
463 473
463 482
463 487
463 489
463 491
463 493
463 494
463 499
464 21
464 119
464 130
464 389
464 403
464 444
464 449
464 456
464 461
464 469
464 476
464 478
464 485
464 498
465 282
465 319
465 370
465 385
465 455
465 463
465 468
465 472
465 473
465 474
465 476
465 488
465 491
465 493
466 8
466 145
466 159
466 353
466 359
466 360
466 361
466 363
466 372
466 373
466 389
466 390
466 448
466 485
467 22
467 54
467 123
467 150
467 178
467 420
467 434
467 437
467 452
467 456
467 457
467 473
467 475
467 480
468 283
468 381
468 384
468 421
468 432
468 450
468 455
468 465
468 472
468 473
468 474
468 481
468 488
468 491
469 5
469 77
469 99
469 256
469 278
469 310
469 362
469 420
469 456
469 464
469 475
469 476
469 480
469 484
470 47
470 261
470 284
470 303
470 342
470 346
470 350
470 403
470 404
470 405
470 440
470 459
470 475
470 496
471 7
471 121
471 214
471 240
471 287
471 341
471 365
471 430
471 451
471 460
471 462
471 477
471 479
471 483
471 484
472 10
472 75
472 247
472 274
472 325
472 424
472 432
472 450
472 455
472 465
472 468
472 474
472 481
472 486
472 488
473 19
473 305
473 347
473 365
473 455
473 463
473 465
473 467
473 468
473 482
473 487
473 489
473 491
473 493
473 499
474 126
474 151
474 238
474 312
474 373
474 390
474 450
474 455
474 465
474 468
474 472
474 481
474 486
474 488
474 491
475 1
475 105
475 142
475 328
475 342
475 358
475 420
475 429
475 434
475 437
475 452
475 467
475 469
475 470
475 480
476 58
476 233
476 241
476 279
476 299
476 310
476 317
476 362
476 456
476 461
476 464
476 465
476 469
476 478
476 480
477 15
477 22
477 41
477 127
477 134
477 173
477 260
477 430
477 432
477 462
477 471
477 479
477 481
477 483
477 486
478 275
478 330
478 331
478 337
478 378
478 393
478 400
478 401
478 419
478 444
478 456
478 457
478 461
478 464
478 476
478 485
479 40
479 78
479 83
479 138
479 200
479 216
479 381
479 451
479 459
479 460
479 462
479 471
479 477
479 483
479 484
479 496
480 98
480 115
480 213
480 223
480 235
480 286
480 294
480 358
480 408
480 420
480 456
480 461
480 467
480 469
480 475
480 476
481 181
481 267
481 297
481 329
481 333
481 346
481 413
481 430
481 432
481 450
481 468
481 472
481 474
481 477
481 486
481 488
482 47
482 88
482 182
482 293
482 340
482 463
482 473
482 483
482 487
482 489
482 492
482 493
482 494
482 495
482 498
482 499
482 500
483 5
483 7
483 112
483 248
483 269
483 362
483 382
483 412
483 430
483 434
483 451
483 462
483 471
483 477
483 479
483 482
483 499
484 52
484 160
484 327
484 379
484 388
484 396
484 398
484 400
484 451
484 459
484 460
484 469
484 471
484 479
484 489
484 490
484 496
485 82
485 88
485 100
485 101
485 186
485 200
485 231
485 293
485 337
485 338
485 340
485 352
485 444
485 461
485 464
485 466
485 478
486 96
486 224
486 316
486 383
486 418
486 423
486 430
486 432
486 438
486 450
486 460
486 462
486 472
486 474
486 477
486 481
486 494
487 113
487 216
487 252
487 292
487 315
487 334
487 359
487 463
487 473
487 482
487 489
487 492
487 493
487 494
487 495
487 499
487 500
488 32
488 86
488 232
488 237
488 263
488 377
488 414
488 450
488 452
488 455
488 465
488 468
488 472
488 474
488 481
488 491
488 499
489 89
489 147
489 367
489 407
489 422
489 425
489 463
489 473
489 482
489 484
489 487
489 492
489 493
489 494
489 495
489 499
489 500
490 51
490 149
490 203
490 218
490 264
490 318
490 339
490 373
490 388
490 422
490 426
490 445
490 451
490 459
490 460
490 484
490 495
490 496
491 14
491 82
491 172
491 207
491 278
491 299
491 314
491 334
491 340
491 455
491 463
491 465
491 468
491 473
491 474
491 488
491 493
491 499
492 47
492 177
492 308
492 327
492 334
492 403
492 460
492 482
492 487
492 489
492 493
492 494
492 495
492 497
492 498
492 499
492 500
493 142
493 172
493 184
493 253
493 331
493 463
493 465
493 473
493 482
493 487
493 489
493 491
493 492
493 494
493 495
493 496
493 499
494 104
494 294
494 307
494 321
494 376
494 447
494 463
494 482
494 486
494 487
494 489
494 492
494 493
494 495
494 497
494 498
494 499
494 500
495 20
495 56
495 159
495 261
495 337
495 379
495 482
495 487
495 489
495 490
495 492
495 493
495 494
495 497
495 498
495 499
495 500
496 87
496 124
496 172
496 173
496 184
496 240
496 250
496 265
496 388
496 391
496 396
496 400
496 445
496 452
496 459
496 470
496 479
496 484
496 490
496 493
497 44
497 147
497 195
497 323
497 326
497 379
497 425
497 492
497 494
497 495
497 498
497 500
498 249
498 273
498 288
498 302
498 313
498 449
498 457
498 464
498 482
498 492
498 494
498 495
498 497
498 500
499 112
499 143
499 155
499 244
499 264
499 271
499 272
499 386
499 401
499 463
499 473
499 482
499 483
499 487
499 488
499 489
499 491
499 492
499 493
499 494
499 495
500 37
500 78
500 214
500 295
500 336
500 348
500 362
500 396
500 402
500 482
500 487
500 489
500 492
500 494
500 495
500 497
500 498
