1 2
1 4
1 384
1 389
1 431
2 1
2 5
2 108
2 370
2 429
3 4
3 85
3 170
3 174
3 399
4 1
4 3
4 168
4 169
4 442
5 2
5 219
5 339
5 404
5 412
6 113
6 315
6 399
6 420
6 458
7 51
7 171
7 172
7 174
7 373
8 42
8 103
8 175
8 240
8 251
9 10
9 207
9 219
9 374
9 389
10 9
10 35
10 219
10 353
10 374
11 13
11 15
11 154
11 353
11 433
12 17
12 24
12 208
12 314
12 463
13 11
13 15
13 46
13 327
13 353
14 19
14 184
14 186
14 434
14 460
15 11
15 13
15 16
15 327
15 374
16 15
16 19
16 22
16 33
16 327
17 12
17 24
17 39
17 385
17 389
18 42
18 83
18 89
18 233
18 309
19 14
19 16
19 22
19 23
19 25
20 50
20 152
20 153
20 242
20 487
21 43
21 78
21 81
21 293
21 309
22 16
22 19
22 23
22 25
22 109
23 19
23 22
23 25
23 93
23 188
24 12
24 17
24 39
24 392
24 483
25 19
25 22
25 23
25 188
25 195
26 28
26 134
26 143
26 173
26 190
27 29
27 31
27 33
27 188
27 473
28 26
28 130
28 143
28 430
28 470
29 27
29 31
29 33
29 416
29 427
30 112
30 182
30 284
30 330
30 444
31 27
31 29
31 33
31 101
31 188
32 151
32 242
32 317
32 362
32 416
33 16
33 27
33 29
33 31
33 303
34 36
34 37
34 301
34 343
35 10
35 209
35 238
35 246
35 258
36 34
36 37
36 38
36 83
36 471
37 34
37 36
37 38
37 39
37 44
38 36
38 37
38 44
38 48
38 397
39 17
39 24
39 37
39 40
39 261
40 39
40 162
40 254
40 436
40 461
41 143
41 191
41 415
41 416
41 449
42 8
42 18
42 175
42 176
42 251
43 21
43 78
43 81
43 309
43 437
44 37
44 38
44 203
44 397
44 463
45 46
45 47
45 203
45 284
45 397
46 13
46 45
46 47
46 203
46 397
47 45
47 46
47 52
47 470
47 484
48 38
48 155
48 157
48 159
48 220
49 60
49 225
49 242
49 294
49 451
50 20
50 141
50 227
50 467
50 469
51 7
51 99
51 197
51 306
51 498
52 47
52 53
52 55
52 82
52 274
53 52
53 55
53 226
53 274
53 355
54 141
54 228
54 283
54 388
54 492
55 52
55 53
55 56
55 274
55 430
56 55
56 57
56 59
56 67
56 369
57 56
57 59
57 274
57 370
57 464
58 86
58 132
58 233
58 295
58 309
59 56
59 57
59 61
59 369
59 461
60 49
60 135
60 278
60 294
60 312
61 59
61 63
61 64
61 329
61 489
62 79
62 254
62 381
62 403
62 423
63 61
63 64
63 157
63 329
63 369
64 61
64 63
64 150
64 329
64 397
65 67
65 329
65 469
65 490
65 499
66 67
66 68
66 69
66 276
66 473
67 56
67 65
67 66
67 68
67 276
68 66
68 67
68 69
68 70
68 489
69 66
69 68
69 70
69 276
69 332
70 68
70 69
70 71
70 287
70 483
71 70
71 75
71 156
71 287
71 412
72 151
72 218
72 317
72 390
72 481
73 74
73 75
73 264
73 287
73 495
74 73
74 75
74 76
74 241
74 492
75 71
75 73
75 74
75 76
75 140
76 74
76 75
76 213
76 241
76 493
77 79
77 158
77 221
77 254
77 489
78 21
78 43
78 213
78 387
78 466
79 62
79 77
79 162
79 347
79 451
80 107
80 182
80 330
80 456
80 497
81 21
81 43
81 233
81 241
81 492
82 52
82 100
82 235
82 313
82 492
83 18
83 36
83 84
83 86
83 89
84 83
84 89
84 362
84 401
84 471
85 3
85 110
85 111
85 112
85 114
86 58
86 83
86 89
86 95
86 403
87 184
87 185
87 186
87 210
87 385
88 98
88 391
88 477
89 18
89 83
89 84
89 86
89 398
90 258
90 404
90 407
90 437
90 481
91 98
91 125
91 306
91 442
91 485
92 116
92 117
92 296
92 446
92 490
93 23
93 154
93 268
93 270
93 394
94 95
94 428
94 440
94 444
94 465
95 86
95 94
95 96
95 99
95 360
96 95
96 99
96 387
96 468
96 489
97 104
97 115
97 164
97 366
97 376
98 88
98 91
98 104
98 367
98 472
99 51
99 95
99 96
99 178
99 197
100 82
100 245
100 271
100 303
100 426
101 31
101 105
101 106
101 109
101 489
102 110
102 137
102 154
102 239
102 268
103 8
103 172
103 174
103 320
103 499
104 97
104 98
104 115
104 270
104 330
105 101
105 106
105 109
105 234
105 447
106 101
106 105
106 109
106 296
106 306
107 80
107 245
107 271
107 279
107 302
108 2
108 126
108 127
108 128
108 206
109 22
109 101
109 105
109 106
109 197
110 85
110 102
110 111
110 112
110 296
111 85
111 110
111 112
111 186
111 296
112 30
112 85
112 110
112 111
112 296
113 6
113 315
113 399
113 420
113 458
114 85
114 296
114 338
114 413
114 458
115 97
115 104
115 125
115 371
115 394
116 92
116 126
116 374
116 411
116 465
117 92
117 118
117 119
117 200
117 438
118 117
118 119
118 441
118 457
118 499
119 117
119 118
119 120
119 122
119 124
120 119
120 121
120 122
120 218
120 456
121 120
121 122
121 123
121 264
121 423
122 119
122 120
122 121
122 264
122 347
123 121
123 173
123 264
123 425
123 453
124 119
124 127
124 334
124 356
124 436
125 91
125 115
125 194
125 254
125 319
126 108
126 116
126 127
126 128
126 447
127 108
127 124
127 126
127 128
127 167
128 108
128 126
128 127
128 129
128 389
129 128
129 131
129 133
129 134
129 491
130 28
130 143
130 173
130 287
130 471
131 129
131 133
131 134
131 212
131 475
132 58
132 159
132 166
132 168
132 475
133 129
133 131
133 134
133 421
133 470
134 26
134 129
134 131
134 133
134 136
135 60
135 147
135 149
135 358
135 390
136 134
136 138
136 140
136 199
136 306
137 102
137 180
137 266
137 300
137 320
138 136
138 140
138 144
138 479
138 495
139 142
139 148
139 236
139 239
139 464
140 75
140 136
140 138
140 144
140 430
141 50
141 54
141 277
141 279
141 283
142 139
142 148
142 158
142 201
142 410
143 26
143 28
143 41
143 130
143 459
144 138
144 140
144 182
144 337
144 491
145 147
145 315
145 337
145 486
145 492
146 187
146 196
146 315
146 380
146 402
146 452
147 135
147 145
147 310
147 337
147 344
148 139
148 142
148 158
148 414
148 497
149 135
149 150
149 337
149 380
149 390
150 64
150 149
150 317
150 358
150 390
151 32
151 72
151 344
151 358
151 461
152 20
152 201
152 451
152 471
152 495
153 20
153 156
153 201
153 235
153 242
154 11
154 93
154 102
154 239
154 366
155 48
155 157
155 201
155 333
155 494
156 71
156 153
156 201
156 242
156 353
157 48
157 63
157 155
157 299
157 390
158 77
158 142
158 148
158 221
158 458
159 48
159 132
159 166
159 220
159 348
160 163
160 217
160 241
160 285
160 312
161 164
161 167
161 295
161 426
161 457
162 40
162 79
162 254
162 356
162 383
163 160
163 165
163 209
163 490
163 499
164 97
164 161
164 167
164 220
164 358
165 163
165 179
165 181
165 210
165 251
166 132
166 159
166 167
166 219
166 220
167 127
167 161
167 164
167 166
167 168
168 4
168 132
168 167
168 169
168 419
169 4
169 168
169 170
169 369
169 495
170 3
170 169
170 174
170 192
170 389
171 7
171 172
171 333
171 372
171 468
172 7
172 103
172 171
172 174
172 286
173 26
173 123
173 130
173 190
173 193
174 3
174 7
174 103
174 170
174 172
175 8
175 42
175 248
175 251
175 262
176 42
176 177
176 178
176 180
176 244
177 176
177 178
177 180
177 251
177 375
178 99
178 176
178 177
178 180
178 231
179 165
179 181
179 352
179 447
179 454
180 137
180 176
180 177
180 178
180 231
181 165
181 179
181 258
181 436
181 485
182 30
182 80
182 144
182 281
182 284
183 185
183 231
183 348
183 475
183 495
184 14
184 87
184 380
184 460
184 462
185 87
185 183
185 231
185 246
185 393
186 14
186 87
186 111
186 189
186 230
186 431
187 146
187 196
187 198
187 315
187 380
187 382
188 23
188 25
188 27
188 31
188 478
188 489
189 186
189 191
189 210
189 477
190 26
190 173
190 193
190 210
190 439
190 466
191 41
191 189
191 200
191 210
191 431
191 496
192 170
192 200
192 224
192 327
192 393
192 496
193 173
193 190
193 200
193 228
193 334
193 390
194 125
194 211
194 217
194 236
194 261
194 445
195 25
195 217
195 261
195 278
195 294
195 454
196 146
196 187
196 198
196 204
196 380
196 488
197 51
197 99
197 109
197 306
197 386
197 488
198 187
198 196
198 204
198 315
198 380
198 476
199 136
199 204
199 205
199 216
199 223
199 381
200 117
200 191
200 192
200 193
200 249
200 362
201 142
201 152
201 153
201 155
201 156
201 262
202 321
202 346
202 388
202 429
202 435
202 472
203 44
203 45
203 46
203 397
203 419
203 493
204 196
204 198
204 199
204 205
204 380
204 405
205 199
205 204
205 216
205 223
205 380
205 384
206 108
206 225
206 257
206 334
206 336
206 356
207 9
207 208
207 214
207 230
207 240
207 394
208 12
208 207
208 212
208 214
208 353
208 465
209 35
209 163
209 324
209 456
209 458
209 493
210 87
210 165
210 189
210 190
210 191
210 400
211 194
211 228
211 275
211 277
211 327
211 363
212 131
212 208
212 214
212 226
212 364
212 392
213 76
213 78
213 241
213 355
213 388
213 405
214 207
214 208
214 212
214 215
214 398
214 418
215 214
215 218
215 283
215 322
215 367
215 446
216 199
216 205
216 223
216 381
216 449
216 465
217 160
217 194
217 195
217 236
217 261
217 323
218 72
218 120
218 215
218 283
218 486
218 495
219 5
219 9
219 10
219 166
219 353
219 374
220 48
220 159
220 164
220 166
220 464
220 470
221 77
221 158
221 235
221 313
221 482
221 495
222 286
222 326
222 347
222 359
222 372
222 424
223 199
223 205
223 216
223 381
223 438
223 490
224 192
224 226
224 240
224 272
224 323
224 328
225 49
225 206
225 258
225 279
225 281
225 284
226 53
226 212
226 224
226 240
226 272
226 394
227 50
227 228
227 277
227 283
227 392
227 483
228 54
228 193
228 211
228 227
228 277
228 293
229 239
229 340
229 352
229 373
229 386
229 406
230 186
230 207
230 232
230 266
230 275
230 300
231 178
231 180
231 183
231 185
231 290
231 455
232 230
232 266
232 300
232 321
232 498
233 18
233 58
233 81
233 309
233 382
233 482
234 105
234 237
234 243
234 247
234 342
234 440
235 82
235 153
235 221
235 270
235 271
235 313
236 139
236 194
236 217
236 261
236 434
236 494
237 234
237 243
237 247
237 342
237 381
237 500
238 35
238 246
238 369
238 489
239 102
239 139
239 154
239 229
239 268
239 300
240 8
240 207
240 224
240 226
240 272
240 394
241 74
241 76
241 81
241 160
241 213
241 496
242 20
242 32
242 49
242 153
242 156
242 262
243 234
243 237
243 247
243 342
243 381
243 384
244 176
244 346
244 366
244 367
244 388
244 473
245 100
245 107
245 281
245 313
245 330
245 361
246 35
246 185
246 238
246 309
246 409
246 420
247 234
247 237
247 243
247 249
247 260
247 342
248 175
248 250
248 414
248 416
248 422
248 479
249 200
249 247
249 250
249 414
249 416
249 447
250 248
250 249
250 414
250 416
250 445
250 493
251 8
251 42
251 165
251 175
251 177
251 431
252 253
252 255
252 259
252 260
252 263
252 313
253 252
253 255
253 263
253 341
253 414
253 416
254 40
254 62
254 77
254 125
254 162
254 343
255 252
255 253
255 259
255 260
255 263
255 273
256 308
256 320
256 366
256 368
256 393
256 478
257 206
257 334
257 336
257 345
257 422
257 470
258 35
258 90
258 181
258 225
258 307
258 436
259 252
259 255
259 260
259 263
259 416
259 423
260 247
260 252
260 255
260 259
260 263
260 414
261 39
261 194
261 195
261 217
261 236
261 349
262 175
262 201
262 242
262 317
262 414
262 419
263 252
263 253
263 255
263 259
263 260
263 420
264 73
264 121
264 122
264 123
264 336
264 423
265 269
265 273
265 426
265 442
265 466
265 478
266 137
266 230
266 232
266 275
266 300
266 475
267 269
267 273
267 282
267 285
267 433
267 476
268 93
268 102
268 239
268 270
268 299
268 360
269 265
269 267
269 273
269 282
269 285
269 356
270 93
270 104
270 235
270 268
270 394
270 485
271 100
271 107
271 235
271 385
272 224
272 226
272 240
272 394
272 463
272 478
273 255
273 265
273 267
273 269
273 282
273 285
274 52
274 53
274 55
274 57
274 298
274 363
275 211
275 230
275 266
275 276
275 452
275 480
276 66
276 67
276 69
276 275
276 329
276 397
277 141
277 211
277 227
277 228
277 300
277 329
278 60
278 195
278 294
278 312
278 418
278 456
279 107
279 141
279 225
279 281
279 302
279 429
280 324
280 325
280 339
280 344
280 429
280 488
281 182
281 225
281 245
281 279
281 400
281 442
282 267
282 269
282 273
282 285
282 455
282 496
283 54
283 141
283 215
283 218
283 227
283 485
284 30
284 45
284 182
284 225
284 330
284 355
285 160
285 267
285 269
285 273
285 282
285 298
286 172
286 222
286 308
286 326
286 340
286 347
286 348
287 70
287 71
287 73
287 130
287 456
287 482
287 496
288 290
288 292
288 297
288 304
288 417
288 477
288 485
289 299
289 319
289 329
289 338
289 340
289 345
289 497
290 231
290 288
290 292
290 297
290 304
290 417
290 477
291 293
291 298
291 323
291 372
291 402
291 417
291 455
292 288
292 290
292 297
292 304
292 417
292 427
292 477
293 21
293 228
293 291
293 298
293 323
293 485
293 492
294 49
294 60
294 195
294 278
294 312
294 425
294 482
295 58
295 161
295 314
295 360
295 363
295 391
295 401
296 92
296 106
296 110
296 111
296 112
296 114
296 312
297 288
297 290
297 292
297 304
297 311
297 464
297 495
298 274
298 285
298 291
298 293
298 305
298 323
298 410
299 157
299 268
299 289
299 319
299 338
299 352
299 386
300 137
300 230
300 232
300 239
300 266
300 277
300 500
301 34
301 340
301 343
301 355
301 370
301 391
301 471
302 107
302 279
302 330
302 342
302 370
302 406
302 449
303 33
303 100
303 370
303 384
303 389
303 431
303 435
304 288
304 290
304 292
304 297
304 376
304 494
304 495
305 298
305 323
305 324
305 325
305 368
305 398
305 479
306 51
306 91
306 106
306 136
306 197
306 352
306 401
307 258
307 333
307 359
307 362
307 372
307 461
307 494
308 256
308 286
308 328
308 348
308 377
308 383
308 393
309 18
309 21
309 43
309 58
309 233
309 246
309 454
310 147
310 319
310 338
310 345
310 359
310 451
310 465
311 297
311 318
311 331
311 417
311 459
311 486
311 495
312 60
312 160
312 278
312 294
312 296
312 468
312 495
313 82
313 221
313 235
313 245
313 252
313 335
313 471
314 12
314 295
314 363
314 371
314 406
314 412
314 434
315 6
315 113
315 145
315 146
315 187
315 198
315 498
316 351
316 383
316 400
316 418
316 435
316 436
316 484
317 32
317 72
317 150
317 262
317 358
317 390
318 311
318 331
318 364
318 433
318 469
318 470
318 495
319 125
319 289
319 299
319 310
319 338
319 345
319 466
320 103
320 137
320 256
320 328
320 366
320 368
320 422
321 202
321 232
321 349
321 367
321 429
321 443
322 215
322 328
322 368
322 393
322 413
322 491
322 494
323 217
323 224
323 291
323 293
323 298
323 305
323 325
324 209
324 280
324 305
324 325
324 339
324 468
324 493
325 280
325 305
325 323
325 324
325 339
325 440
325 441
326 222
326 286
326 347
326 362
326 372
326 444
326 450
327 13
327 15
327 16
327 192
327 211
327 384
327 471
328 224
328 308
328 320
328 322
328 393
328 416
328 485
329 61
329 63
329 64
329 65
329 276
329 277
329 289
330 30
330 80
330 104
330 245
330 284
330 302
330 364
331 311
331 318
331 364
331 413
331 469
331 470
331 495
332 69
332 341
332 354
332 375
332 387
332 482
332 491
333 155
333 171
333 307
333 359
333 362
333 372
333 430
334 124
334 193
334 206
334 257
334 336
334 349
334 356
335 313
335 383
335 395
335 398
335 402
335 435
335 442
336 206
336 257
336 264
336 334
336 356
336 415
336 487
337 144
337 145
337 147
337 149
337 437
337 465
337 478
338 114
338 289
338 299
338 310
338 319
338 345
338 498
339 5
339 280
339 324
339 325
339 344
339 462
339 481
340 229
340 286
340 289
340 301
340 371
340 373
340 432
341 253
341 332
341 354
341 375
341 387
341 451
341 494
342 234
342 237
342 243
342 247
342 302
342 411
342 486
343 34
343 254
343 301
343 355
343 370
343 434
343 471
344 147
344 151
344 280
344 339
344 349
344 429
344 496
345 257
345 289
345 310
345 319
345 338
345 410
345 421
346 202
346 244
346 350
346 367
346 429
346 477
346 498
347 79
347 122
347 222
347 286
347 326
347 348
347 362
347 372
348 159
348 183
348 286
348 308
348 347
348 386
348 393
348 436
349 261
349 321
349 334
349 344
349 388
349 429
349 435
349 485
350 346
350 365
350 407
350 412
350 456
350 457
350 495
350 498
351 316
351 383
351 400
351 435
351 436
351 469
351 472
351 496
352 179
352 229
352 299
352 306
352 373
352 386
352 396
352 450
353 10
353 11
353 13
353 156
353 208
353 219
353 374
353 443
354 332
354 341
354 364
354 372
354 375
354 387
354 417
354 470
355 53
355 213
355 284
355 301
355 343
355 432
355 471
355 474
356 124
356 162
356 206
356 269
356 334
356 336
356 426
356 495
357 361
357 378
357 453
357 459
357 483
357 492
357 494
357 500
358 135
358 150
358 151
358 164
358 317
358 359
358 373
358 411
359 222
359 307
359 310
359 333
359 358
359 362
359 454
359 457
360 95
360 268
360 295
360 365
360 371
360 391
360 401
360 434
361 245
361 357
361 378
361 396
361 408
361 413
361 453
361 494
362 32
362 84
362 200
362 307
362 326
362 333
362 347
362 359
363 211
363 274
363 295
363 314
363 391
363 401
363 434
363 468
364 212
364 318
364 330
364 331
364 354
364 375
364 469
364 470
365 350
365 360
365 399
365 403
365 405
365 407
365 456
365 460
366 97
366 154
366 244
366 256
366 320
366 368
366 388
366 498
367 98
367 215
367 244
367 321
367 346
367 368
367 388
367 393
368 256
368 305
368 320
368 322
368 366
368 367
368 479
368 491
369 56
369 59
369 63
369 169
369 238
369 407
369 457
369 463
370 2
370 57
370 301
370 302
370 303
370 343
370 389
370 471
371 115
371 314
371 340
371 360
371 373
371 397
371 406
371 434
372 171
372 222
372 291
372 307
372 326
372 333
372 347
372 354
373 7
373 229
373 340
373 352
373 358
373 371
373 386
373 487
374 9
374 10
374 15
374 116
374 219
374 353
374 424
374 431
375 177
375 332
375 341
375 354
375 364
375 376
375 387
375 474
376 97
376 304
376 375
376 379
376 382
376 387
376 392
376 479
377 308
377 385
377 395
377 403
377 405
377 423
377 424
377 460
378 357
378 361
378 396
378 405
378 408
378 413
378 453
378 454
379 376
379 382
379 385
379 387
379 392
379 414
379 418
379 497
380 146
380 149
380 184
380 187
380 196
380 198
380 204
380 205
381 62
381 199
381 216
381 223
381 237
381 243
381 420
381 452
382 187
382 233
382 376
382 379
382 385
382 392
382 418
382 448
383 162
383 308
383 316
383 335
383 351
383 402
383 435
383 436
384 1
384 205
384 243
384 303
384 327
384 389
384 431
384 482
385 17
385 87
385 271
385 377
385 379
385 382
385 392
385 418
385 481
386 197
386 229
386 299
386 348
386 352
386 373
386 394
386 429
386 478
387 78
387 96
387 332
387 341
387 354
387 375
387 376
387 379
387 470
388 54
388 202
388 213
388 244
388 349
388 366
388 367
388 395
388 493
389 1
389 9
389 17
389 128
389 170
389 303
389 370
389 384
389 431
390 72
390 135
390 149
390 150
390 157
390 193
390 317
390 418
391 88
391 295
391 301
391 360
391 363
391 401
391 406
391 454
391 457
392 24
392 212
392 227
392 376
392 379
392 382
392 385
392 418
392 423
393 185
393 192
393 256
393 308
393 322
393 328
393 348
393 367
393 446
394 93
394 115
394 207
394 226
394 240
394 270
394 272
394 386
394 397
395 335
395 377
395 388
395 398
395 400
395 410
395 430
395 432
395 465
396 352
396 361
396 378
396 408
396 413
396 445
396 447
396 453
396 454
397 38
397 44
397 45
397 46
397 64
397 203
397 276
397 371
397 394
398 89
398 214
398 305
398 335
398 395
398 402
398 426
398 439
398 443
399 3
399 6
399 113
399 365
399 408
399 411
399 420
399 440
399 458
400 210
400 281
400 316
400 351
400 395
400 430
400 436
400 442
400 465
401 84
401 295
401 306
401 360
401 363
401 391
401 425
401 469
401 482
402 146
402 291
402 335
402 383
402 398
402 422
402 426
402 443
402 475
403 62
403 86
403 365
403 377
403 405
403 418
403 423
403 452
403 460
404 5
404 90
404 409
404 412
404 444
404 449
404 456
404 457
404 481
405 204
405 213
405 365
405 377
405 378
405 403
405 407
405 423
405 460
406 229
406 302
406 314
406 371
406 391
406 434
406 474
406 480
406 496
407 90
407 350
407 365
407 369
407 405
407 449
407 460
407 481
407 498
408 361
408 378
408 396
408 399
408 413
408 419
408 438
408 445
408 454
409 246
409 404
409 410
409 430
409 431
409 432
409 444
409 449
409 457
410 142
410 298
410 345
410 395
410 409
410 430
410 432
410 449
410 465
411 116
411 342
411 358
411 399
411 420
411 433
411 440
411 447
411 458
411 487
412 5
412 71
412 314
412 350
412 404
412 443
412 444
412 449
412 456
412 457
413 114
413 322
413 331
413 361
413 378
413 396
413 408
413 419
413 445
413 454
414 148
414 248
414 249
414 250
414 253
414 260
414 262
414 379
414 416
414 486
415 41
415 336
415 421
415 437
415 439
415 451
415 468
415 479
415 482
415 487
416 29
416 32
416 41
416 248
416 249
416 250
416 253
416 259
416 328
416 414
417 288
417 290
417 291
417 292
417 311
417 354
417 437
417 439
417 451
417 477
418 214
418 278
418 316
418 379
418 382
418 385
418 390
418 392
418 403
418 423
419 168
419 203
419 262
419 408
419 413
419 428
419 445
419 450
419 454
419 478
420 6
420 113
420 246
420 263
420 381
420 399
420 411
420 440
420 458
420 462
421 133
421 345
421 415
421 424
421 425
421 441
421 443
421 446
421 479
421 481
422 248
422 257
422 320
422 402
422 426
422 433
422 442
422 443
422 447
422 475
423 62
423 121
423 259
423 264
423 377
423 392
423 403
423 405
423 418
423 460
424 222
424 374
424 377
424 421
424 425
424 438
424 441
424 446
424 452
424 481
425 123
425 294
425 401
425 421
425 424
425 441
425 446
425 452
425 481
425 489
426 100
426 161
426 265
426 356
426 398
426 402
426 422
426 442
426 443
426 475
427 29
427 292
427 461
427 466
427 467
427 472
427 473
427 474
427 480
427 496
428 94
428 419
428 445
428 450
428 454
428 455
428 470
428 473
428 478
428 485
429 2
429 202
429 279
429 280
429 321
429 344
429 346
429 349
429 386
429 449
430 28
430 55
430 140
430 333
430 395
430 400
430 409
430 410
430 432
430 465
431 1
431 186
431 191
431 251
431 303
431 374
431 384
431 389
431 409
431 499
432 340
432 355
432 395
432 409
432 410
432 430
432 465
432 477
432 488
432 495
433 11
433 267
433 318
433 411
433 422
433 440
433 443
433 447
433 475
433 497
434 14
434 236
434 314
434 343
434 360
434 363
434 371
434 406
434 444
434 460
435 202
435 303
435 316
435 335
435 349
435 351
435 383
435 436
435 494
435 499
436 40
436 124
436 181
436 258
436 316
436 348
436 351
436 383
436 400
436 435
436 489
437 43
437 90
437 337
437 415
437 417
437 439
437 451
437 468
437 469
437 477
437 482
438 117
438 223
438 408
438 424
438 446
438 452
438 453
438 455
438 478
438 485
438 489
439 190
439 398
439 415
439 417
439 437
439 451
439 458
439 468
439 479
439 481
439 482
440 94
440 234
440 325
440 399
440 411
440 420
440 433
440 441
440 447
440 448
440 458
441 118
441 325
441 421
441 424
441 425
441 440
441 446
441 448
441 452
441 479
441 481
442 4
442 91
442 265
442 281
442 335
442 400
442 422
442 426
442 443
442 475
442 481
443 321
443 353
443 398
443 402
443 412
443 421
443 422
443 426
443 433
443 442
443 475
444 30
444 94
444 326
444 404
444 409
444 412
444 434
444 449
444 456
444 457
444 460
445 194
445 250
445 396
445 408
445 413
445 419
445 428
445 450
445 454
445 458
445 466
446 92
446 215
446 393
446 421
446 424
446 425
446 438
446 441
446 452
446 457
446 489
447 105
447 126
447 179
447 249
447 396
447 411
447 422
447 433
447 440
447 475
447 479
448 382
448 440
448 441
448 453
448 459
448 462
448 464
448 466
448 472
448 486
448 494
449 41
449 216
449 302
449 404
449 407
449 409
449 410
449 412
449 429
449 444
449 465
450 326
450 352
450 419
450 428
450 445
450 455
450 471
450 478
450 485
450 486
450 489
450 497
451 49
451 79
451 152
451 310
451 341
451 415
451 417
451 437
451 439
451 468
451 477
451 482
452 146
452 275
452 381
452 403
452 424
452 425
452 438
452 441
452 446
452 455
452 484
452 489
453 123
453 357
453 361
453 378
453 396
453 438
453 448
453 459
453 462
453 464
453 494
453 500
454 179
454 195
454 309
454 359
454 378
454 391
454 396
454 408
454 413
454 419
454 428
454 445
455 231
455 282
455 291
455 428
455 438
455 450
455 452
455 459
455 472
455 478
455 485
455 489
456 80
456 120
456 209
456 278
456 287
456 350
456 365
456 404
456 412
456 444
456 457
456 499
457 118
457 161
457 350
457 359
457 369
457 391
457 404
457 409
457 412
457 444
457 446
457 456
458 6
458 113
458 114
458 158
458 209
458 399
458 411
458 420
458 439
458 440
458 445
458 462
459 143
459 311
459 357
459 448
459 453
459 455
459 462
459 464
459 466
459 469
459 486
459 494
460 14
460 184
460 365
460 377
460 403
460 405
460 407
460 423
460 434
460 444
461 40
461 59
461 151
461 307
461 427
461 463
461 467
461 472
461 473
461 474
461 480
461 496
462 184
462 339
462 420
462 448
462 453
462 458
462 459
462 464
462 466
462 472
462 486
462 494
463 12
463 44
463 272
463 369
463 461
463 467
463 473
463 474
463 480
463 483
463 487
463 493
463 496
464 57
464 139
464 220
464 297
464 448
464 453
464 459
464 462
464 466
464 469
464 486
464 490
464 494
465 94
465 116
465 208
465 216
465 310
465 337
465 395
465 400
465 410
465 430
465 432
465 449
465 476
466 78
466 190
466 265
466 319
466 427
466 445
466 448
466 459
466 462
466 464
466 472
466 474
466 486
467 50
467 427
467 461
467 463
467 472
467 473
467 474
467 480
467 484
467 490
467 493
467 494
467 496
468 96
468 171
468 312
468 324
468 363
468 415
468 437
468 439
468 451
468 469
468 477
468 479
468 482
469 50
469 65
469 318
469 331
469 351
469 364
469 401
469 437
469 459
469 464
469 468
469 470
469 474
470 28
470 47
470 133
470 220
470 257
470 318
470 331
470 354
470 364
470 387
470 428
470 469
470 495
471 36
471 84
471 130
471 152
471 301
471 313
471 327
471 343
471 355
471 370
471 450
471 475
471 500
472 98
472 202
472 351
472 427
472 448
472 455
472 461
472 462
472 466
472 467
472 473
472 474
472 486
473 27
473 66
473 244
473 427
473 428
473 461
473 463
473 467
473 472
473 474
473 480
473 493
473 496
474 355
474 375
474 406
474 427
474 461
474 463
474 466
474 467
474 469
474 472
474 473
474 480
474 496
475 131
475 132
475 183
475 266
475 402
475 422
475 426
475 433
475 442
475 443
475 447
475 471
475 491
476 198
476 267
476 465
476 478
476 483
476 484
476 487
476 488
476 490
476 491
476 492
476 493
476 498
476 499
477 88
477 189
477 288
477 290
477 292
477 346
477 417
477 432
477 437
477 451
477 468
477 495
478 188
478 256
478 265
478 272
478 337
478 386
478 419
478 428
478 438
478 450
478 455
478 476
478 485
478 489
479 138
479 248
479 305
479 368
479 376
479 415
479 421
479 439
479 441
479 447
479 468
479 481
479 482
479 494
480 275
480 406
480 427
480 461
480 463
480 467
480 473
480 474
480 483
480 487
480 491
480 493
480 496
480 499
481 72
481 90
481 339
481 385
481 404
481 407
481 421
481 424
481 425
481 439
481 441
481 442
481 479
481 482
482 221
482 233
482 287
482 294
482 332
482 384
482 401
482 415
482 437
482 439
482 451
482 468
482 479
482 481
483 24
483 70
483 227
483 357
483 463
483 476
483 480
483 484
483 487
483 488
483 491
483 492
483 493
483 496
484 47
484 316
484 452
484 467
484 476
484 483
484 487
484 488
484 490
484 491
484 492
484 493
484 494
484 498
484 499
485 91
485 181
485 270
485 283
485 288
485 293
485 328
485 349
485 428
485 438
485 450
485 455
485 478
485 487
485 489
486 145
486 218
486 311
486 342
486 414
486 448
486 450
486 459
486 462
486 464
486 466
486 472
486 493
486 494
486 497
487 20
487 336
487 373
487 411
487 415
487 463
487 476
487 480
487 483
487 484
487 485
487 488
487 491
487 492
487 493
487 496
488 196
488 197
488 280
488 432
488 476
488 483
488 484
488 487
488 490
488 491
488 492
488 497
488 498
488 499
488 500
489 61
489 68
489 77
489 96
489 101
489 188
489 238
489 425
489 436
489 438
489 446
489 450
489 452
489 455
489 478
489 485
490 65
490 92
490 163
490 223
490 464
490 467
490 476
490 484
490 488
490 491
490 492
490 497
490 498
490 499
490 500
491 129
491 144
491 322
491 332
491 368
491 475
491 476
491 480
491 483
491 484
491 487
491 488
491 490
491 492
491 493
491 498
491 500
492 54
492 74
492 81
492 82
492 145
492 293
492 357
492 476
492 483
492 484
492 487
492 488
492 490
492 491
492 497
492 498
492 499
493 76
493 203
493 209
493 250
493 324
493 388
493 463
493 467
493 473
493 476
493 480
493 483
493 484
493 486
493 487
493 491
493 496
494 155
494 236
494 304
494 307
494 322
494 341
494 357
494 361
494 435
494 448
494 453
494 459
494 462
494 464
494 467
494 479
494 484
494 486
495 73
495 138
495 152
495 169
495 183
495 218
495 221
495 297
495 304
495 311
495 312
495 318
495 331
495 350
495 356
495 432
495 470
495 477
496 191
496 192
496 241
496 282
496 287
496 344
496 351
496 406
496 427
496 461
496 463
496 467
496 473
496 474
496 480
496 483
496 487
496 493
496 499
497 80
497 148
497 289
497 379
497 433
497 450
497 486
497 488
497 490
497 492
497 498
497 499
497 500
498 51
498 232
498 315
498 338
498 346
498 350
498 366
498 407
498 476
498 484
498 488
498 490
498 491
498 492
498 497
498 499
498 500
499 65
499 103
499 118
499 163
499 431
499 435
499 456
499 476
499 480
499 484
499 488
499 490
499 492
499 496
499 497
499 498
499 500
500 237
500 300
500 357
500 453
500 471
500 488
500 490
500 491
500 497
500 498
500 499
