1 31
1 100
1 101
1 111
1 220
2 9
2 132
2 150
2 155
2 243
2 445
3 4
3 5
3 296
3 400
3 470
4 3
4 5
4 17
4 296
4 483
5 3
5 4
5 7
5 14
5 17
6 8
6 212
6 222
6 254
6 482
7 5
7 14
7 17
7 21
7 446
8 6
8 212
8 222
8 254
9 2
9 156
9 189
9 243
9 290
10 11
10 106
10 208
10 462
10 492
11 10
11 13
11 106
11 125
11 208
12 62
12 96
12 97
12 402
12 424
13 11
13 106
13 208
13 233
14 5
14 7
14 17
14 21
14 297
14 474
15 18
15 145
15 233
15 317
15 388
16 96
16 97
16 103
16 317
16 421
17 4
17 5
17 7
17 14
17 21
18 15
18 19
18 20
18 204
18 233
19 18
19 20
19 196
19 286
19 492
20 18
20 19
20 43
20 86
20 233
21 7
21 14
21 17
21 23
21 472
22 63
22 174
22 175
22 177
22 185
23 21
23 33
23 36
23 245
23 449
24 32
24 43
24 254
24 379
24 436
25 26
25 27
25 43
25 378
25 403
26 25
26 27
26 32
26 354
26 471
27 25
27 26
27 32
27 37
27 212
28 38
28 40
28 45
28 51
28 323
29 71
29 211
29 213
29 247
29 498
30 199
30 203
30 204
30 249
30 379
31 1
31 110
31 111
31 113
31 176
32 24
32 26
32 27
32 37
32 43
33 23
33 35
33 36
33 245
33 434
34 210
34 262
34 291
34 297
34 434
35 33
35 36
35 245
35 323
35 494
36 23
36 33
36 35
36 245
36 323
36 431
37 27
37 32
37 40
37 266
37 420
38 28
38 40
38 341
38 351
38 452
39 42
39 44
39 48
39 49
39 323
40 28
40 37
40 38
40 420
40 455
41 184
41 185
41 187
41 283
41 405
42 39
42 44
42 48
42 323
42 438
43 20
43 24
43 25
43 32
43 377
44 39
44 42
44 48
44 316
44 490
45 28
45 47
45 50
45 51
45 185
46 50
46 81
46 83
46 86
46 328
47 45
47 50
47 51
47 52
47 64
48 39
48 42
48 44
48 49
48 55
49 39
49 48
49 55
49 323
49 421
50 45
50 46
50 47
50 52
50 292
51 28
51 45
51 47
51 52
51 217
52 47
52 50
52 51
52 177
52 488
53 57
53 61
53 124
53 193
53 280
54 157
54 158
54 170
54 189
54 374
55 48
55 49
55 59
55 60
55 67
56 183
56 209
56 256
56 304
56 439
57 53
57 61
57 64
57 124
57 313
58 84
58 236
58 237
58 238
58 239
58 242
59 55
59 67
59 440
59 491
59 497
60 55
60 67
60 314
60 474
60 478
61 53
61 57
61 64
61 124
61 127
62 12
62 89
62 96
62 97
62 104
63 22
63 169
63 174
63 283
63 390
64 47
64 57
64 61
64 78
64 124
65 71
65 211
65 213
65 216
65 217
66 68
66 69
66 289
66 481
66 494
67 55
67 59
67 60
67 68
67 69
68 66
68 67
68 69
68 289
68 300
69 66
69 67
69 68
69 289
69 300
70 76
70 289
70 300
70 425
70 498
71 29
71 65
71 211
71 315
71 379
72 74
72 75
72 79
72 121
72 335
73 127
73 137
73 264
73 276
73 344
74 72
74 75
74 79
74 379
75 72
75 74
75 79
75 216
75 452
76 70
76 82
76 299
76 479
76 493
77 154
77 178
77 337
77 398
77 473
78 64
78 79
78 124
78 240
78 489
79 72
79 74
79 75
79 78
79 454
80 82
80 85
80 229
80 369
80 483
81 46
81 86
81 120
81 301
81 466
82 76
82 80
82 85
82 229
82 299
83 46
83 86
83 92
83 205
83 448
84 58
84 93
84 153
84 375
84 489
85 80
85 82
85 88
85 229
85 456
86 20
86 46
86 81
86 83
86 207
87 91
87 92
87 153
87 298
87 330
88 85
88 89
88 229
88 299
88 398
88 438
89 62
89 88
89 97
89 229
89 461
90 188
90 291
90 297
90 313
90 326
91 87
91 92
91 153
91 238
91 462
92 83
92 87
92 91
92 153
92 381
93 84
93 98
93 179
93 337
93 409
94 95
94 181
94 197
94 397
94 479
95 94
95 142
95 179
95 181
95 382
96 12
96 16
96 62
96 97
96 103
97 12
97 16
97 62
97 89
97 96
98 93
98 101
98 179
98 181
98 220
99 102
99 139
99 143
99 272
99 377
100 1
100 101
100 111
100 382
100 463
101 1
101 98
101 100
101 111
101 181
102 99
102 140
102 143
102 272
102 498
103 16
103 96
103 104
103 368
103 472
104 62
104 103
104 107
104 317
104 370
105 107
105 108
105 109
105 317
105 397
106 10
106 11
106 13
106 208
106 495
107 104
107 105
107 108
107 109
107 317
107 445
108 105
108 107
108 109
108 490
108 491
109 105
109 107
109 108
109 116
109 329
110 31
110 136
110 279
110 472
110 476
111 1
111 31
111 100
111 101
111 295
112 120
112 141
112 183
112 290
112 465
113 31
113 120
113 141
113 162
113 438
114 115
114 116
114 118
114 381
114 458
115 114
115 116
115 118
115 119
115 454
116 109
116 114
116 115
116 118
116 119
117 128
117 216
117 219
117 227
117 487
118 114
118 115
118 116
118 119
118 122
119 115
119 116
119 118
119 122
119 138
120 81
120 112
120 113
120 125
120 141
121 72
121 123
121 127
121 244
121 278
122 118
122 119
122 135
122 138
122 440
123 121
123 127
123 141
123 329
123 390
124 53
124 57
124 61
124 64
124 78
125 11
125 120
125 127
125 141
125 495
126 130
126 134
126 139
126 438
126 466
127 61
127 73
127 121
127 123
127 125
128 117
128 180
128 219
128 227
128 338
129 212
129 222
129 252
129 254
129 400
130 126
130 134
130 135
130 138
130 139
131 136
131 147
131 264
131 457
131 497
132 2
132 142
132 145
132 146
132 147
133 161
133 164
133 170
133 333
133 494
134 126
134 130
134 135
134 139
134 398
135 122
135 130
135 134
135 138
135 139
136 110
136 131
136 145
136 147
136 206
137 73
137 158
137 206
137 264
137 458
138 119
138 122
138 130
138 135
138 499
139 99
139 126
139 130
139 134
139 135
140 102
140 143
140 144
140 432
140 435
141 112
141 113
141 120
141 123
141 125
142 95
142 132
142 145
142 146
142 342
143 99
143 102
143 140
143 144
143 272
144 140
144 143
144 148
144 160
144 272
145 15
145 132
145 136
145 142
145 422
146 132
146 142
146 303
146 441
146 481
147 131
147 132
147 136
147 264
147 469
148 144
148 160
148 241
148 272
148 457
149 159
149 160
149 163
149 241
149 455
150 2
150 152
150 155
150 190
150 292
151 193
151 205
151 207
151 221
151 240
152 150
152 155
152 211
152 270
152 485
153 84
153 87
153 91
153 92
153 179
154 77
154 162
154 236
154 303
154 337
155 2
155 150
155 152
155 243
155 301
156 9
156 157
156 188
156 203
156 269
157 54
157 156
157 158
157 184
157 243
158 54
158 137
158 157
158 170
158 427
159 149
159 163
159 241
159 450
159 499
160 144
160 148
160 149
160 163
160 241
161 133
161 164
161 434
161 458
161 481
162 113
162 154
162 236
162 237
162 238
162 468
163 149
163 159
163 160
163 168
163 241
164 133
164 161
164 170
164 320
164 489
165 166
165 167
165 168
165 172
165 419
166 165
166 167
166 168
166 172
166 490
167 165
167 166
167 168
167 172
167 241
168 163
168 165
168 166
168 167
168 172
169 63
169 174
169 283
169 490
169 494
170 54
170 133
170 158
170 164
170 344
171 224
171 281
171 285
171 293
171 298
171 309
172 165
172 166
172 167
172 168
172 177
172 179
173 176
173 192
173 234
173 235
173 362
173 483
174 22
174 63
174 169
174 283
174 463
174 488
175 22
175 177
175 184
175 185
175 189
175 377
176 31
176 173
176 178
176 192
176 334
176 337
176 413
177 22
177 52
177 172
177 175
177 184
177 283
178 77
178 176
178 192
178 237
178 337
178 355
178 438
179 93
179 95
179 98
179 153
179 172
179 388
180 128
180 230
180 232
180 235
180 293
180 451
181 94
181 95
181 98
181 101
181 220
181 335
182 186
182 195
182 202
182 364
182 429
182 458
183 56
183 112
183 209
183 304
183 331
183 488
184 41
184 157
184 175
184 177
184 185
184 187
185 22
185 41
185 45
185 175
185 184
185 187
186 182
186 195
186 200
186 202
186 449
186 480
187 41
187 184
187 185
187 190
187 300
187 310
188 90
188 156
188 269
188 270
188 313
188 326
189 9
189 54
189 175
189 243
189 288
189 480
190 150
190 187
190 191
190 284
190 310
190 495
191 190
191 256
191 284
191 310
191 392
191 403
192 173
192 176
192 178
192 234
192 235
192 337
193 53
193 151
193 240
193 292
193 328
193 490
194 196
194 197
194 198
194 234
194 251
194 341
195 182
195 186
195 200
195 202
195 396
195 481
196 19
196 194
196 197
196 198
196 311
196 491
197 94
197 194
197 196
197 198
197 251
197 341
198 194
198 196
198 197
198 201
198 248
198 281
199 30
199 203
199 204
199 248
199 249
199 498
200 186
200 195
200 202
200 215
200 218
200 366
201 198
201 203
201 248
201 311
201 338
201 480
202 182
202 186
202 195
202 200
202 364
202 366
203 30
203 156
203 199
203 201
203 204
203 249
204 18
204 30
204 199
204 203
204 247
204 249
205 83
205 151
205 221
205 244
205 278
205 290
206 136
206 137
206 237
206 264
206 273
206 325
207 86
207 151
207 240
207 328
207 376
207 454
208 10
208 11
208 13
208 106
208 233
208 475
209 56
209 183
209 251
209 304
209 311
209 449
210 34
210 291
210 310
210 313
210 360
210 408
211 29
211 65
211 71
211 152
211 247
211 379
212 6
212 8
212 27
212 129
212 222
212 252
213 29
213 65
213 217
213 247
213 249
213 383
214 315
214 318
214 330
214 336
214 338
214 381
215 200
215 218
215 225
215 366
215 400
215 429
216 65
216 75
216 117
216 217
216 219
216 412
217 51
217 65
217 213
217 216
217 219
217 318
218 200
218 215
218 225
218 364
218 366
218 400
219 117
219 128
219 216
219 217
219 227
219 284
220 1
220 98
220 181
220 221
220 327
220 500
221 151
221 205
221 220
221 290
221 381
221 437
222 6
222 8
222 129
222 212
222 252
222 328
223 286
223 287
223 340
223 354
223 388
223 443
224 171
224 285
224 294
224 306
224 319
224 494
225 215
225 218
225 348
225 366
225 400
225 458
226 228
226 231
226 258
226 346
226 348
226 400
227 117
227 128
227 219
227 463
227 489
227 498
228 226
228 231
228 258
228 346
228 348
228 400
229 80
229 82
229 85
229 88
229 89
229 299
230 180
230 232
230 234
230 235
230 272
230 366
231 226
231 228
231 258
231 346
231 401
231 445
232 180
232 230
232 234
232 367
232 379
232 466
233 13
233 15
233 18
233 20
233 208
233 430
234 173
234 192
234 194
234 230
234 232
234 235
235 173
235 180
235 192
235 230
235 234
235 465
236 58
236 154
236 162
236 303
236 337
236 452
237 58
237 162
237 178
237 206
237 303
237 455
238 58
238 91
238 162
238 239
238 242
238 395
239 58
239 238
239 242
239 253
239 255
239 500
240 78
240 151
240 193
240 207
240 292
240 475
241 148
241 149
241 159
241 160
241 163
241 167
242 58
242 238
242 239
242 253
242 255
242 447
243 2
243 9
243 155
243 157
243 189
243 323
244 121
244 205
244 273
244 278
244 290
244 489
245 23
245 33
245 35
245 36
245 421
245 422
246 253
246 255
246 280
246 407
246 466
246 469
247 29
247 204
247 211
247 213
247 249
247 379
247 459
248 198
248 199
248 201
248 284
248 331
248 492
249 30
249 199
249 203
249 204
249 213
249 247
250 271
250 282
250 288
250 312
250 324
250 342
251 194
251 197
251 209
251 311
251 331
251 341
252 129
252 212
252 222
252 292
252 328
253 239
253 242
253 246
253 255
253 280
253 368
254 6
254 8
254 24
254 129
254 328
254 340
255 239
255 242
255 246
255 253
255 280
255 493
256 56
256 191
256 284
256 304
256 310
256 331
257 259
257 261
257 266
257 274
257 349
257 352
258 226
258 228
258 231
258 260
258 346
258 429
259 257
259 261
259 266
259 267
259 280
259 476
260 258
260 263
260 265
260 346
260 367
260 408
261 257
261 259
261 266
261 267
261 322
261 417
262 34
262 291
262 297
262 411
262 428
262 431
263 260
263 265
263 274
263 275
263 347
263 461
263 480
264 73
264 131
264 137
264 147
264 206
264 498
265 260
265 263
265 274
265 275
265 347
265 404
266 37
266 257
266 259
266 261
266 267
266 280
267 259
267 261
267 266
267 280
267 334
267 372
268 277
268 302
268 351
268 361
268 410
268 445
268 490
269 156
269 188
269 270
269 278
269 345
269 464
269 494
270 152
270 188
270 269
270 278
270 319
270 326
270 439
271 250
271 282
271 312
271 320
271 322
271 324
271 347
272 99
272 102
272 143
272 144
272 148
272 230
272 499
273 206
273 244
273 278
273 387
273 419
273 473
273 498
274 257
274 263
274 265
274 275
274 281
274 347
274 483
275 263
275 265
275 274
275 281
275 456
275 458
275 480
276 73
276 288
276 307
276 325
276 342
276 344
276 382
276 418
277 268
277 302
277 351
277 353
277 357
277 410
277 445
278 121
278 205
278 244
278 269
278 270
278 273
278 490
279 110
279 321
279 327
279 333
279 335
279 376
279 447
280 53
280 246
280 253
280 255
280 259
280 266
280 267
280 292
281 171
281 198
281 274
281 275
281 309
281 347
281 414
282 250
282 271
282 294
282 320
282 324
282 369
282 477
283 41
283 63
283 169
283 174
283 177
283 324
283 330
284 190
284 191
284 219
284 248
284 256
284 310
284 425
285 171
285 224
285 293
285 296
285 298
285 306
285 445
286 19
286 223
286 301
286 327
286 335
286 354
286 388
287 223
287 345
287 355
287 388
287 441
287 480
287 486
288 189
288 250
288 276
288 320
288 324
288 325
288 436
289 66
289 68
289 69
289 70
289 300
289 386
289 450
290 9
290 112
290 205
290 221
290 244
290 340
290 474
291 34
291 90
291 210
291 262
291 313
291 361
291 411
292 50
292 150
292 193
292 240
292 252
292 280
292 328
293 171
293 180
293 285
293 298
293 306
293 309
293 432
294 224
294 282
294 312
294 319
294 322
294 352
294 496
295 111
295 315
295 317
295 329
295 336
295 365
295 377
295 398
296 3
296 4
296 285
296 314
296 316
296 323
296 377
296 415
297 14
297 34
297 90
297 262
297 313
297 326
297 478
298 87
298 171
298 285
298 293
298 306
298 309
298 332
299 76
299 82
299 88
299 229
299 300
299 393
299 462
300 68
300 69
300 70
300 187
300 289
300 299
300 450
301 81
301 155
301 286
301 327
301 335
301 359
301 375
301 444
302 268
302 277
302 353
302 357
302 361
302 410
302 445
303 146
303 154
303 236
303 237
303 331
303 383
303 497
304 56
304 183
304 209
304 256
304 310
304 311
304 441
305 318
305 349
305 381
305 397
305 446
305 464
305 499
306 224
306 285
306 293
306 298
306 309
306 319
306 322
307 276
307 321
307 333
307 376
307 382
307 457
307 474
308 368
308 369
308 370
308 403
308 421
308 422
308 438
309 171
309 281
309 293
309 298
309 306
309 322
309 439
310 187
310 190
310 191
310 210
310 256
310 284
310 304
311 196
311 201
311 209
311 251
311 304
311 331
311 341
312 250
312 271
312 294
312 319
312 322
312 342
312 457
313 57
313 90
313 188
313 210
313 291
313 297
313 326
314 60
314 296
314 316
314 377
314 398
314 416
314 489
315 71
315 214
315 295
315 329
315 336
315 398
315 429
316 44
316 296
316 314
316 377
316 398
316 470
316 488
316 498
317 15
317 16
317 104
317 105
317 107
317 295
317 423
317 473
318 214
318 217
318 305
318 330
318 338
318 381
318 397
319 224
319 270
319 294
319 306
319 312
319 322
319 448
320 164
320 271
320 282
320 288
320 324
320 325
320 459
321 279
321 307
321 333
321 335
321 376
321 382
321 398
322 261
322 271
322 294
322 306
322 309
322 312
322 319
323 28
323 35
323 36
323 39
323 42
323 49
323 243
323 296
324 250
324 271
324 282
324 283
324 288
324 320
324 325
325 206
325 276
325 288
325 320
325 324
325 342
325 344
326 90
326 188
326 270
326 297
326 313
326 409
326 496
327 220
327 279
327 286
327 301
327 333
327 335
327 373
327 376
328 46
328 193
328 207
328 222
328 252
328 254
328 292
328 477
329 109
329 123
329 295
329 315
329 377
329 398
329 410
329 414
330 87
330 214
330 283
330 318
330 336
330 338
330 381
330 397
331 183
331 248
331 251
331 256
331 303
331 311
331 341
331 380
332 298
332 343
332 365
332 367
332 390
332 408
332 458
332 500
333 133
333 279
333 307
333 321
333 327
333 371
333 376
333 382
334 176
334 267
334 345
334 349
334 352
334 355
334 397
334 478
335 72
335 181
335 279
335 286
335 301
335 321
335 327
335 376
336 214
336 295
336 315
336 330
336 338
336 381
336 417
336 476
337 77
337 93
337 154
337 176
337 178
337 192
337 236
337 495
338 128
338 201
338 214
338 318
338 330
338 336
338 381
338 490
339 350
339 356
339 363
339 373
339 378
339 384
339 430
339 478
339 480
340 223
340 254
340 290
340 345
340 349
340 352
340 355
340 494
341 38
341 194
341 197
341 251
341 311
341 331
341 451
341 470
342 142
342 250
342 276
342 312
342 325
342 344
342 427
342 468
343 332
343 362
343 365
343 367
343 390
343 408
343 458
343 490
344 73
344 170
344 276
344 325
344 342
344 382
344 387
344 431
345 269
345 287
345 334
345 340
345 349
345 352
345 355
345 358
346 226
346 228
346 231
346 258
346 260
346 347
346 348
346 386
347 263
347 265
347 271
347 274
347 281
347 346
347 409
347 491
348 225
348 226
348 228
348 346
348 362
348 366
348 400
348 486
349 257
349 305
349 334
349 340
349 345
349 352
349 355
349 397
350 339
350 356
350 363
350 373
350 378
350 384
350 475
350 480
351 38
351 268
351 277
351 353
351 357
351 361
351 410
351 445
352 257
352 294
352 334
352 340
352 345
352 349
352 355
352 431
353 277
353 302
353 351
353 357
353 370
353 410
353 411
353 500
354 26
354 223
354 286
354 376
354 385
354 388
354 460
354 477
355 178
355 287
355 334
355 340
355 345
355 349
355 352
355 364
356 339
356 350
356 378
356 384
356 430
356 446
356 456
356 458
356 480
357 277
357 302
357 351
357 353
357 360
357 374
357 411
357 412
358 345
358 360
358 374
358 383
358 411
358 412
358 417
358 427
359 301
359 375
359 387
359 393
359 409
359 414
359 421
359 431
359 438
360 210
360 357
360 358
360 374
360 391
360 406
360 411
360 417
360 483
361 268
361 291
361 302
361 351
361 406
361 437
361 440
361 445
361 474
362 173
362 343
362 348
362 364
362 365
362 367
362 429
362 442
362 491
363 339
363 350
363 373
363 378
363 380
363 384
363 407
363 464
363 486
364 182
364 202
364 218
364 355
364 362
364 365
364 367
364 429
364 458
365 295
365 332
365 343
365 362
365 364
365 367
365 415
365 429
365 452
366 200
366 202
366 215
366 218
366 225
366 230
366 348
366 400
366 493
367 232
367 260
367 332
367 343
367 362
367 364
367 365
367 429
367 462
368 103
368 253
368 308
368 370
368 372
368 403
368 411
368 412
368 446
369 80
369 282
369 308
369 375
369 405
369 422
369 438
369 460
369 464
370 104
370 308
370 353
370 368
370 372
370 383
370 403
370 412
370 427
371 333
371 385
371 389
371 394
371 415
371 416
371 423
371 426
371 482
372 267
372 368
372 370
372 383
372 403
372 417
372 427
372 451
372 473
373 327
373 339
373 350
373 363
373 378
373 380
373 384
373 407
373 430
374 54
374 357
374 358
374 360
374 385
374 411
374 417
374 440
374 471
375 84
375 301
375 359
375 369
375 387
375 409
375 421
375 431
375 438
376 207
376 279
376 307
376 321
376 327
376 333
376 335
376 354
376 429
377 43
377 99
377 175
377 295
377 296
377 314
377 316
377 329
377 398
378 25
378 339
378 350
378 356
378 363
378 373
378 380
378 384
378 407
379 24
379 30
379 71
379 74
379 211
379 232
379 247
379 426
379 458
379 474
380 331
380 363
380 373
380 378
380 393
380 407
380 413
380 493
380 497
381 92
381 114
381 214
381 221
381 305
381 318
381 330
381 336
381 338
382 95
382 100
382 276
382 307
382 321
382 333
382 344
382 424
382 434
383 213
383 303
383 358
383 370
383 372
383 403
383 412
383 427
383 485
384 339
384 350
384 356
384 363
384 373
384 378
384 407
384 413
384 430
385 354
385 371
385 374
385 386
385 394
385 415
385 416
385 423
385 426
385 435
386 289
386 346
386 385
386 393
386 394
386 402
386 413
386 425
386 426
386 435
387 273
387 344
387 359
387 375
387 408
387 409
387 414
387 421
387 431
387 452
388 15
388 179
388 223
388 286
388 287
388 354
388 408
388 437
388 456
388 482
389 371
389 395
389 401
389 404
389 416
389 419
389 423
389 432
389 434
389 449
390 63
390 123
390 332
390 343
390 402
390 408
390 409
390 414
390 435
390 458
391 360
391 395
391 396
391 399
391 405
391 406
391 419
391 440
391 443
391 474
392 191
392 433
392 441
392 450
392 460
392 469
392 471
392 473
392 475
392 489
392 490
393 299
393 359
393 380
393 386
393 402
393 407
393 413
393 425
393 426
393 435
394 371
394 385
394 386
394 397
394 415
394 416
394 423
394 426
394 435
394 455
395 238
395 389
395 391
395 396
395 401
395 404
395 419
395 432
395 434
395 458
395 474
396 195
396 391
396 395
396 399
396 404
396 419
396 432
396 434
396 449
396 474
397 94
397 105
397 305
397 318
397 330
397 334
397 349
397 394
397 456
397 474
398 77
398 88
398 134
398 295
398 314
398 315
398 316
398 321
398 329
398 377
399 391
399 396
399 405
399 406
399 414
399 419
399 427
399 437
399 440
399 459
399 474
400 3
400 129
400 215
400 218
400 225
400 226
400 228
400 348
400 366
400 467
401 231
401 389
401 395
401 404
401 416
401 419
401 432
401 434
401 449
401 485
402 12
402 386
402 390
402 393
402 407
402 413
402 425
402 426
402 435
402 443
403 25
403 191
403 308
403 368
403 370
403 372
403 383
403 422
403 427
403 486
404 265
404 389
404 395
404 396
404 401
404 419
404 432
404 434
404 435
404 449
405 41
405 369
405 391
405 399
405 406
405 419
405 437
405 440
405 449
405 451
405 481
406 360
406 361
406 391
406 399
406 405
406 410
406 437
406 440
406 453
406 496
407 246
407 363
407 373
407 378
407 380
407 384
407 393
407 402
407 413
407 473
408 210
408 260
408 332
408 343
408 387
408 388
408 390
408 409
408 414
408 429
409 93
409 326
409 347
409 359
409 375
409 387
409 390
409 408
409 414
409 431
410 268
410 277
410 302
410 329
410 351
410 353
410 406
410 411
410 414
410 496
411 262
411 291
411 353
411 357
411 358
411 360
411 368
411 374
411 410
411 445
412 216
412 357
412 358
412 368
412 370
412 383
412 417
412 427
412 437
412 496
413 176
413 380
413 384
413 386
413 393
413 402
413 407
413 425
413 435
413 442
414 281
414 329
414 359
414 387
414 390
414 399
414 408
414 409
414 410
414 457
415 296
415 365
415 371
415 385
415 394
415 416
415 423
415 426
415 435
415 467
416 314
416 371
416 385
416 389
416 394
416 401
416 415
416 423
416 444
416 449
417 261
417 336
417 358
417 360
417 372
417 374
417 412
417 418
417 463
417 499
418 276
418 417
418 430
418 436
418 442
418 446
418 448
418 451
418 456
418 461
418 480
419 165
419 273
419 389
419 391
419 395
419 396
419 399
419 401
419 404
419 405
419 474
420 37
420 40
420 428
420 436
420 439
420 442
420 444
420 452
420 453
420 459
420 463
421 16
421 49
421 245
421 308
421 359
421 375
421 387
421 431
421 438
421 460
421 479
422 145
422 245
422 308
422 369
422 403
422 423
422 427
422 428
422 431
422 438
422 497
423 317
423 371
423 385
423 389
423 394
423 415
423 416
423 422
423 432
423 434
423 449
424 12
424 382
424 428
424 436
424 439
424 448
424 451
424 452
424 455
424 456
424 457
425 70
425 284
425 386
425 393
425 402
425 413
425 426
425 435
425 456
425 481
425 493
426 371
426 379
426 385
426 386
426 393
426 394
426 402
426 415
426 425
426 435
426 497
427 158
427 342
427 358
427 370
427 372
427 383
427 399
427 403
427 412
427 422
427 472
428 262
428 420
428 422
428 424
428 436
428 439
428 442
428 452
428 455
428 463
428 495
429 182
429 215
429 258
429 315
429 362
429 364
429 365
429 367
429 376
429 408
429 458
430 233
430 339
430 356
430 373
430 384
430 418
430 446
430 448
430 451
430 456
430 480
431 36
431 262
431 344
431 352
431 359
431 375
431 387
431 409
431 421
431 422
431 438
432 140
432 293
432 389
432 395
432 396
432 401
432 404
432 423
432 434
432 448
432 449
433 392
433 441
433 450
433 460
433 461
433 469
433 471
433 475
433 488
433 489
433 490
434 33
434 34
434 161
434 382
434 389
434 395
434 396
434 401
434 404
434 423
434 432
434 497
435 140
435 385
435 386
435 390
435 393
435 394
435 402
435 404
435 413
435 415
435 425
435 426
436 24
436 288
436 418
436 420
436 424
436 428
436 439
436 442
436 451
436 452
436 455
436 457
437 221
437 361
437 388
437 399
437 405
437 406
437 412
437 440
437 445
437 462
437 464
437 497
438 42
438 88
438 113
438 126
438 178
438 308
438 359
438 369
438 375
438 421
438 422
438 431
439 56
439 270
439 309
439 420
439 424
439 428
439 436
439 442
439 452
439 455
439 457
439 463
440 59
440 122
440 361
440 374
440 391
440 399
440 405
440 406
440 437
440 448
440 474
440 484
441 146
441 287
441 304
441 392
441 433
441 450
441 460
441 461
441 464
441 466
441 475
441 489
441 490
442 362
442 413
442 418
442 420
442 428
442 436
442 439
442 444
442 453
442 459
442 463
442 481
442 483
443 223
443 391
443 402
443 444
443 453
443 459
443 461
443 462
443 463
443 464
443 466
443 481
443 483
444 301
444 416
444 420
444 442
444 443
444 453
444 457
444 459
444 460
444 462
444 463
444 481
444 483
445 2
445 107
445 231
445 268
445 277
445 285
445 302
445 351
445 361
445 411
445 437
445 469
445 485
446 7
446 305
446 356
446 368
446 418
446 430
446 448
446 455
446 456
446 463
446 474
446 480
446 483
447 242
447 279
447 454
447 465
447 469
447 471
447 473
447 475
447 476
447 489
447 494
447 497
447 498
448 83
448 319
448 418
448 424
448 430
448 432
448 440
448 446
448 451
448 455
448 456
448 480
448 500
449 23
449 186
449 209
449 389
449 396
449 401
449 404
449 405
449 416
449 423
449 432
449 466
449 485
450 159
450 289
450 300
450 392
450 433
450 441
450 460
450 461
450 464
450 466
450 476
450 490
450 492
451 180
451 341
451 372
451 405
451 418
451 424
451 430
451 436
451 448
451 452
451 455
451 457
451 476
451 480
452 38
452 75
452 236
452 365
452 387
452 420
452 424
452 428
452 436
452 439
452 451
452 453
452 455
452 457
453 406
453 420
453 442
453 443
453 444
453 452
453 457
453 459
453 462
453 463
453 479
453 481
453 483
453 488
454 79
454 115
454 207
454 447
454 465
454 469
454 471
454 472
454 473
454 476
454 482
454 494
454 497
454 498
455 40
455 149
455 237
455 394
455 424
455 428
455 436
455 439
455 446
455 448
455 451
455 452
455 457
455 471
456 85
456 275
456 356
456 388
456 397
456 418
456 424
456 425
456 430
456 446
456 448
456 480
456 481
456 494
457 131
457 148
457 307
457 312
457 414
457 424
457 436
457 439
457 444
457 451
457 452
457 453
457 455
457 459
458 114
458 137
458 161
458 182
458 225
458 275
458 332
458 343
458 356
458 364
458 379
458 390
458 395
458 429
459 247
459 320
459 399
459 420
459 442
459 443
459 444
459 453
459 457
459 462
459 463
459 466
459 481
459 483
460 354
460 369
460 392
460 421
460 433
460 441
460 444
460 450
460 461
460 464
460 466
460 475
460 489
460 490
461 89
461 263
461 418
461 433
461 441
461 443
461 450
461 460
461 462
461 464
461 466
461 481
461 489
461 490
462 10
462 91
462 299
462 367
462 437
462 443
462 444
462 453
462 459
462 461
462 464
462 466
462 471
462 481
462 483
463 100
463 174
463 227
463 417
463 420
463 428
463 439
463 442
463 443
463 444
463 446
463 453
463 459
463 481
463 483
464 269
464 305
464 363
464 369
464 437
464 441
464 443
464 450
464 460
464 461
464 462
464 466
464 481
464 483
464 490
465 112
465 235
465 447
465 454
465 470
465 472
465 476
465 477
465 479
465 480
465 482
465 485
465 494
465 497
465 498
466 81
466 126
466 232
466 246
466 441
466 443
466 449
466 450
466 459
466 460
466 461
466 462
466 464
466 475
466 490
467 400
467 415
467 468
467 470
467 477
467 478
467 479
467 485
467 486
467 487
467 488
467 491
467 493
467 495
467 499
468 162
468 342
468 467
468 478
468 479
468 486
468 487
468 488
468 491
468 492
468 493
468 495
468 496
468 499
468 500
469 147
469 246
469 392
469 433
469 445
469 447
469 454
469 471
469 472
469 473
469 475
469 476
469 487
469 489
469 499
470 3
470 316
470 341
470 465
470 467
470 477
470 478
470 479
470 482
470 485
470 491
470 493
470 494
470 497
470 498
471 26
471 374
471 392
471 433
471 447
471 454
471 455
471 462
471 469
471 472
471 473
471 475
471 476
471 489
471 493
472 21
472 103
472 110
472 427
472 454
472 465
472 469
472 471
472 473
472 475
472 476
472 485
472 489
472 494
472 497
472 498
473 77
473 273
473 317
473 372
473 392
473 407
473 447
473 454
473 469
473 471
473 472
473 475
473 476
473 477
473 489
473 494
474 14
474 60
474 290
474 307
474 361
474 379
474 391
474 395
474 396
474 397
474 399
474 419
474 440
474 446
474 480
474 483
475 208
475 240
475 350
475 392
475 433
475 441
475 447
475 460
475 466
475 469
475 471
475 472
475 473
475 482
475 489
475 490
476 110
476 259
476 336
476 447
476 450
476 451
476 454
476 465
476 469
476 471
476 472
476 473
476 482
476 485
476 494
476 497
476 498
477 282
477 328
477 354
477 465
477 467
477 470
477 473
477 478
477 479
477 482
477 485
477 488
477 491
477 493
477 494
477 497
477 498
478 60
478 297
478 334
478 339
478 467
478 468
478 470
478 477
478 479
478 482
478 485
478 486
478 487
478 488
478 491
478 493
478 495
479 76
479 94
479 421
479 453
479 465
479 467
479 468
479 470
479 477
479 478
479 482
479 485
479 487
479 488
479 491
479 493
479 498
480 186
480 189
480 201
480 263
480 275
480 287
480 339
480 350
480 356
480 418
480 430
480 446
480 448
480 451
480 456
480 465
480 474
481 66
481 146
481 161
481 195
481 405
481 425
481 442
481 443
481 444
481 453
481 456
481 459
481 461
481 462
481 463
481 464
481 483
482 6
482 371
482 388
482 454
482 465
482 470
482 475
482 476
482 477
482 478
482 479
482 485
482 491
482 493
482 494
482 497
482 498
483 4
483 80
483 173
483 274
483 360
483 442
483 443
483 444
483 446
483 453
483 459
483 462
483 463
483 464
483 474
483 481
483 489
484 440
484 486
484 487
484 492
484 495
484 496
484 499
484 500
485 152
485 383
485 401
485 445
485 449
485 465
485 467
485 470
485 472
485 476
485 477
485 478
485 479
485 482
485 491
485 494
485 497
485 498
486 287
486 348
486 363
486 403
486 467
486 468
486 478
486 484
486 487
486 488
486 491
486 492
486 493
486 495
486 496
486 499
486 500
487 117
487 467
487 468
487 469
487 478
487 479
487 484
487 486
487 488
487 491
487 492
487 493
487 495
487 496
487 497
487 499
487 500
488 52
488 174
488 183
488 316
488 433
488 453
488 467
488 468
488 477
488 478
488 479
488 486
488 487
488 491
488 492
488 493
488 495
488 496
488 499
489 78
489 84
489 164
489 227
489 244
489 314
489 392
489 433
489 441
489 447
489 460
489 461
489 469
489 471
489 472
489 473
489 475
489 483
489 490
490 44
490 108
490 166
490 169
490 193
490 268
490 278
490 338
490 343
490 392
490 433
490 441
490 450
490 460
490 461
490 464
490 466
490 475
490 489
491 59
491 108
491 196
491 347
491 362
491 467
491 468
491 470
491 477
491 478
491 479
491 482
491 485
491 486
491 487
491 488
491 493
491 495
491 499
492 10
492 19
492 248
492 450
492 468
492 484
492 486
492 487
492 488
492 493
492 495
492 496
492 499
492 500
493 76
493 255
493 366
493 380
493 425
493 467
493 468
493 470
493 471
493 477
493 478
493 479
493 482
493 486
493 487
493 488
493 491
493 492
493 495
493 499
494 35
494 66
494 133
494 169
494 224
494 269
494 340
494 447
494 454
494 456
494 465
494 470
494 472
494 473
494 476
494 477
494 482
494 485
494 497
494 498
495 106
495 125
495 190
495 337
495 428
495 467
495 468
495 478
495 484
495 486
495 487
495 488
495 491
495 492
495 493
495 496
495 499
495 500
496 294
496 326
496 406
496 410
496 412
496 468
496 484
496 486
496 487
496 488
496 492
496 495
496 499
496 500
497 59
497 131
497 303
497 380
497 422
497 426
497 434
497 437
497 447
497 454
497 465
497 470
497 472
497 476
497 477
497 482
497 485
497 487
497 494
497 498
498 29
498 70
498 102
498 199
498 227
498 264
498 273
498 316
498 447
498 454
498 465
498 470
498 472
498 476
498 477
498 479
498 482
498 485
498 494
498 497
499 138
499 159
499 272
499 305
499 417
499 467
499 468
499 469
499 484
499 486
499 487
499 488
499 491
499 492
499 493
499 495
499 496
499 500
500 220
500 239
500 332
500 353
500 448
500 468
500 484
500 486
500 487
500 492
500 495
500 496
500 499
