1 5
1 8
1 75
1 222
1 476
2 94
2 105
2 109
2 359
2 486
3 79
3 97
3 107
3 241
3 483
4 95
4 267
4 280
4 426
4 450
5 1
5 8
5 11
5 12
5 412
6 7
6 9
6 355
6 397
6 435
7 6
7 9
7 10
7 21
7 435
8 1
8 5
8 11
8 222
9 6
9 7
9 10
9 21
9 27
10 7
10 9
10 21
10 27
10 455
11 5
11 8
11 76
11 222
11 254
12 5
12 13
12 15
12 368
13 12
13 15
13 301
13 344
13 458
14 22
14 62
14 65
14 66
14 67
15 12
15 13
15 19
15 24
15 28
16 31
16 69
16 122
16 186
16 431
17 19
17 20
17 25
17 70
17 470
18 153
18 155
18 314
18 339
18 370
18 442
19 15
19 17
19 24
19 25
19 52
20 17
20 25
20 271
20 306
20 481
21 7
21 9
21 10
21 27
21 35
22 14
22 68
22 134
22 339
22 473
23 101
23 102
23 103
23 120
23 198
24 15
24 19
24 25
24 175
24 379
25 17
25 19
25 20
25 24
25 395
26 99
26 221
26 223
26 229
26 465
27 9
27 10
27 21
27 35
27 41
28 15
28 29
28 30
28 261
28 276
29 28
29 30
29 46
29 276
29 376
30 28
30 29
30 172
30 261
30 276
31 16
31 69
31 91
31 134
31 186
32 37
32 38
32 45
32 147
32 304
33 41
33 43
33 352
33 397
33 491
34 78
34 123
34 162
34 164
34 486
35 21
35 27
35 41
35 42
35 43
36 100
36 275
36 303
36 310
36 327
37 32
37 38
37 45
37 276
37 485
38 32
38 37
38 45
38 493
39 44
39 47
39 420
39 425
39 496
40 56
40 57
40 64
40 341
40 396
41 27
41 33
41 35
41 42
41 43
42 35
42 41
42 43
42 46
42 352
43 33
43 35
43 41
43 42
43 46
43 486
44 39
44 47
44 192
44 298
44 492
45 32
45 37
45 38
45 47
45 251
46 29
46 42
46 43
46 56
46 341
46 352
47 39
47 44
47 45
47 48
47 170
48 47
48 50
48 55
48 62
48 415
49 247
49 292
49 293
49 325
49 498
50 48
50 52
50 55
50 63
50 154
51 91
51 95
51 98
51 104
51 198
52 19
52 50
52 55
52 63
52 368
53 131
53 140
53 144
53 335
53 459
54 181
54 215
54 240
54 242
54 342
54 398
55 48
55 50
55 52
55 63
55 278
56 40
56 46
56 57
56 341
56 431
57 40
57 56
57 341
57 352
57 405
58 59
58 206
58 295
58 333
58 349
59 58
59 60
59 92
59 295
59 462
60 59
60 63
60 188
60 295
60 331
61 86
61 119
61 198
61 255
61 300
62 14
62 48
62 65
62 66
62 500
63 50
63 52
63 55
63 60
63 284
64 40
64 81
64 83
64 90
64 396
65 14
65 62
65 66
65 67
65 456
66 14
66 62
66 65
66 235
66 297
67 14
67 65
67 258
67 295
67 499
68 22
68 134
68 156
68 292
68 295
69 16
69 31
69 70
69 186
69 296
70 17
70 69
70 71
70 76
70 322
71 70
71 76
71 85
71 186
71 494
72 163
72 266
72 395
72 413
72 475
73 80
73 246
73 278
73 337
73 419
74 76
74 77
74 461
74 471
74 483
75 1
75 92
75 254
75 257
75 482
76 11
76 70
76 71
76 74
76 77
77 74
77 76
77 177
77 233
77 241
78 34
78 137
78 167
78 172
78 279
78 482
79 3
79 82
79 97
79 359
79 415
80 73
80 100
80 232
80 278
80 334
81 64
81 83
81 87
81 90
81 405
82 79
82 84
82 97
82 237
82 465
83 64
83 81
83 87
83 241
83 396
83 497
84 82
84 85
84 149
84 237
84 472
85 71
85 84
85 97
85 149
85 419
86 61
86 149
86 272
86 348
86 493
87 81
87 83
87 90
87 329
87 396
88 91
88 119
88 179
88 300
88 348
89 156
89 182
89 188
89 487
89 493
90 64
90 81
90 87
90 329
90 396
90 499
91 31
91 51
91 88
91 95
91 119
92 59
92 75
92 173
92 222
92 254
92 472
93 94
93 359
93 391
93 484
93 494
93 498
94 2
94 93
94 105
94 359
94 475
95 4
95 51
95 91
95 119
95 255
96 174
96 176
96 177
96 189
96 390
97 3
97 79
97 82
97 85
97 239
97 241
98 51
98 101
98 198
98 365
98 480
99 26
99 108
99 219
99 221
99 226
99 475
100 36
100 80
100 275
100 310
100 328
101 23
101 98
101 102
101 230
101 364
102 23
102 101
102 103
102 198
102 257
103 23
103 102
103 224
103 370
103 451
104 51
104 107
104 220
104 224
104 452
105 2
105 94
105 109
105 110
105 329
106 123
106 161
106 162
106 164
106 217
107 3
107 104
107 111
107 113
107 114
108 99
108 218
108 219
108 298
108 444
109 2
109 105
109 110
109 127
109 329
110 105
110 109
110 125
110 127
110 374
111 107
111 113
111 114
111 224
111 451
112 129
112 130
112 132
112 343
112 353
113 107
113 111
113 114
113 128
113 282
114 107
114 111
114 113
114 408
114 482
115 120
115 279
115 425
115 441
115 488
116 120
116 122
116 279
116 348
116 465
117 195
117 361
117 473
117 482
117 490
118 195
118 225
118 279
118 285
118 491
119 61
119 88
119 91
119 95
119 255
120 23
120 115
120 116
120 122
120 279
121 124
121 142
121 158
121 217
121 253
122 16
122 116
122 120
122 195
122 279
123 34
123 106
123 142
123 161
123 477
124 121
124 158
124 167
124 461
124 474
125 110
125 127
125 374
125 428
125 446
126 129
126 195
126 223
126 435
126 477
127 109
127 110
127 125
127 131
127 374
127 447
128 113
128 129
128 303
128 343
128 460
129 112
129 126
129 128
129 258
129 343
130 112
130 132
130 175
130 343
130 485
131 53
131 127
131 140
131 374
131 489
132 112
132 130
132 135
132 175
132 268
133 136
133 175
133 388
133 411
133 491
134 22
134 31
134 68
134 186
134 450
135 132
135 136
135 146
135 175
135 360
136 133
136 135
136 141
136 475
136 484
137 78
137 167
137 172
137 300
137 485
138 196
138 197
138 285
138 320
138 353
139 286
139 319
139 375
139 381
139 410
140 53
140 131
140 144
140 335
140 374
141 136
141 143
141 280
141 310
141 499
142 121
142 123
142 160
142 371
142 447
143 141
143 146
143 148
143 343
143 359
144 53
144 140
144 151
144 335
144 444
145 205
145 262
145 269
145 451
145 468
146 135
146 143
146 147
146 148
146 188
147 32
147 146
147 148
147 188
147 452
148 143
148 146
148 147
148 184
148 188
149 84
149 85
149 86
149 237
149 300
150 152
150 157
150 188
150 300
150 356
151 144
151 339
151 370
151 393
151 477
152 150
152 154
152 157
152 182
152 422
153 18
153 155
153 301
153 314
153 339
154 50
154 152
154 156
154 157
154 182
155 18
155 153
155 165
155 301
155 314
156 68
156 89
156 154
156 157
156 182
157 150
157 152
157 154
157 156
157 219
158 121
158 124
158 172
158 253
158 494
159 166
159 169
159 301
159 378
159 493
160 142
160 161
160 185
160 251
160 409
161 106
161 123
161 160
161 194
161 217
162 34
162 106
162 164
162 209
162 217
163 72
163 179
163 181
163 266
163 488
164 34
164 106
164 162
164 308
164 369
165 155
165 166
165 301
165 314
165 438
166 159
166 165
166 169
166 189
166 480
167 78
167 124
167 137
167 280
167 364
168 172
168 280
168 313
168 429
168 434
169 159
169 166
169 189
169 314
169 495
170 47
170 204
170 206
170 349
170 360
170 494
171 261
171 306
171 326
171 368
171 437
171 495
172 30
172 78
172 137
172 158
172 168
172 280
173 92
173 174
173 257
173 283
173 344
173 385
174 96
174 173
174 176
174 177
174 189
174 390
175 24
175 130
175 132
175 133
175 135
175 343
176 96
176 174
176 177
176 390
176 395
176 409
177 77
177 96
177 174
177 176
177 390
177 395
178 200
178 251
178 281
178 330
178 425
178 492
179 88
179 163
179 181
179 266
179 400
179 401
180 184
180 202
180 403
180 426
180 438
180 459
181 54
181 163
181 179
181 266
181 372
181 390
182 89
182 152
182 154
182 156
182 204
182 455
183 213
183 216
183 218
183 283
183 298
183 347
183 434
184 148
184 180
184 202
184 210
184 403
184 426
184 459
185 160
185 190
185 191
185 266
185 372
185 399
186 16
186 31
186 69
186 71
186 134
186 323
187 228
187 275
187 282
187 303
187 327
187 467
188 60
188 89
188 146
188 147
188 148
188 150
189 96
189 166
189 169
189 174
189 393
189 482
189 498
190 185
190 191
190 193
190 194
190 207
190 372
191 185
191 190
191 193
191 194
191 316
191 372
192 44
192 277
192 290
192 294
192 389
192 424
192 430
193 190
193 191
193 194
193 216
193 227
193 371
194 161
194 190
194 191
194 193
194 227
194 371
195 117
195 118
195 122
195 126
195 222
195 228
196 138
196 197
196 199
196 353
196 451
196 480
197 138
197 196
197 199
197 201
197 500
198 23
198 51
198 61
198 98
198 102
198 472
199 196
199 197
199 201
199 234
199 284
199 376
200 178
200 231
200 281
200 330
200 366
200 425
201 197
201 199
201 204
201 253
201 349
201 473
202 180
202 184
202 210
202 238
202 415
202 483
203 212
203 220
203 259
203 271
203 272
203 364
204 170
204 182
204 201
204 206
204 349
204 360
205 145
205 262
205 268
205 273
205 286
205 338
206 58
206 170
206 204
206 349
206 360
206 450
207 190
207 208
207 209
207 211
207 345
207 458
208 207
208 211
208 345
208 387
208 400
208 496
209 162
209 207
209 211
209 345
209 387
209 499
210 184
210 202
210 238
210 243
210 264
210 415
211 207
211 208
211 209
211 345
211 347
211 454
212 203
212 213
212 216
212 345
212 347
212 480
213 183
213 212
213 216
213 347
213 433
213 480
214 247
214 249
214 289
214 292
214 326
214 447
214 473
215 54
215 236
215 242
215 244
215 489
215 498
216 183
216 193
216 212
216 213
216 347
216 408
217 106
217 121
217 161
217 162
217 218
217 253
218 108
218 183
218 217
218 219
218 298
218 371
219 99
219 108
219 157
219 218
219 298
219 497
220 104
220 203
220 259
220 265
220 271
220 282
220 384
221 26
221 99
221 223
221 226
221 229
221 385
222 1
222 8
222 11
222 92
222 195
222 406
223 26
223 126
223 221
223 226
223 229
223 446
224 103
224 104
224 111
224 232
224 443
224 474
225 118
225 257
225 283
225 344
225 349
225 395
226 99
226 221
226 223
226 229
226 231
226 331
227 193
227 194
227 284
227 371
227 453
227 455
228 187
228 195
228 282
228 303
228 310
228 327
229 26
229 221
229 223
229 226
229 231
229 486
230 101
230 250
230 252
230 256
230 260
230 338
231 200
231 226
231 229
231 235
231 470
231 475
232 80
232 224
232 246
232 275
232 278
232 334
233 77
233 237
233 241
233 298
233 324
233 469
234 199
234 235
234 239
234 240
234 342
234 469
235 66
235 231
235 234
235 239
235 240
235 342
236 215
236 242
236 244
236 245
236 248
236 487
237 82
237 84
237 149
237 233
237 304
237 358
238 202
238 210
238 243
238 264
238 415
238 495
239 97
239 234
239 235
239 240
239 342
239 421
240 54
240 234
240 235
240 239
240 342
240 441
241 3
241 77
241 83
241 97
241 233
241 390
242 54
242 215
242 236
242 245
242 409
242 477
243 210
243 238
243 264
243 270
243 403
243 415
244 215
244 236
244 245
244 248
244 255
244 497
245 236
245 242
245 244
245 248
245 260
245 341
246 73
246 232
246 278
246 328
246 337
246 433
247 49
247 214
247 249
247 258
247 292
247 369
248 236
248 244
248 245
248 250
248 351
248 462
249 214
249 247
249 289
249 292
249 326
249 377
250 230
250 248
250 256
250 351
250 387
250 483
251 45
251 160
251 178
251 297
251 324
251 325
251 366
252 230
252 256
252 259
252 260
252 338
252 347
253 121
253 158
253 201
253 217
253 327
253 418
254 11
254 75
254 92
254 364
254 381
254 413
255 61
255 95
255 119
255 244
255 300
255 436
256 230
256 250
256 252
256 260
256 328
256 338
257 75
257 102
257 173
257 225
257 283
257 344
257 384
258 67
258 129
258 247
258 289
258 321
258 454
258 474
259 203
259 220
259 252
259 265
259 271
259 364
260 230
260 245
260 252
260 256
260 338
260 467
261 28
261 30
261 171
261 276
261 294
261 308
262 145
262 205
262 338
262 435
262 459
262 497
263 322
263 346
263 365
263 369
263 384
263 388
264 210
264 238
264 243
264 270
264 274
264 415
265 220
265 259
265 267
265 272
265 364
265 381
266 72
266 163
266 179
266 181
266 185
266 395
267 4
267 265
267 372
267 450
267 466
268 132
268 205
268 269
268 273
268 296
268 456
269 145
269 268
269 273
269 296
269 311
269 337
270 243
270 264
270 274
270 277
270 415
270 430
271 20
271 203
271 220
271 259
271 272
271 364
272 86
272 203
272 265
272 271
272 319
272 459
273 205
273 268
273 269
273 296
273 337
273 449
274 264
274 270
274 277
274 415
274 424
274 430
275 36
275 100
275 187
275 232
275 310
275 328
276 28
276 29
276 30
276 37
276 261
276 303
277 192
277 270
277 274
277 294
277 424
277 430
278 55
278 73
278 80
278 232
278 246
278 482
279 78
279 115
279 116
279 118
279 120
279 122
280 4
280 141
280 167
280 168
280 172
280 373
281 178
281 200
281 297
281 325
281 330
281 366
281 496
282 113
282 187
282 220
282 228
282 302
282 328
282 467
283 173
283 183
283 225
283 257
283 306
283 344
283 368
284 63
284 199
284 227
284 285
284 320
284 376
284 490
285 118
285 138
285 284
285 298
285 320
285 353
285 376
285 377
286 139
286 205
286 309
286 312
286 319
286 379
286 443
287 361
287 377
287 378
287 406
287 413
287 414
287 450
288 336
288 367
288 380
288 461
288 464
288 469
288 480
289 214
289 249
289 258
289 331
289 333
289 372
289 411
290 192
290 291
290 299
290 302
290 307
290 389
290 404
291 290
291 299
291 302
291 307
291 374
291 389
291 424
292 49
292 68
292 214
292 247
292 249
292 293
292 466
293 49
293 292
293 297
293 324
293 325
293 329
293 348
294 192
294 261
294 277
294 424
294 426
294 430
294 445
295 58
295 59
295 60
295 67
295 68
295 312
295 321
296 69
296 268
296 269
296 273
296 414
296 419
296 496
297 66
297 251
297 281
297 293
297 325
297 348
297 397
298 44
298 108
298 183
298 218
298 219
298 233
298 285
298 437
299 290
299 291
299 302
299 343
299 389
299 430
299 481
300 61
300 88
300 137
300 149
300 150
300 255
300 345
300 487
301 13
301 153
301 155
301 159
301 165
301 314
301 393
302 282
302 290
302 291
302 299
302 307
302 311
302 389
303 36
303 128
303 187
303 228
303 276
303 327
303 412
304 32
304 237
304 308
304 321
304 331
304 333
304 463
305 361
305 362
305 406
305 408
305 414
305 450
305 452
306 20
306 171
306 283
306 308
306 368
306 453
306 497
307 290
307 291
307 302
307 311
307 424
307 459
307 467
308 164
308 261
308 304
308 306
308 326
308 368
308 480
309 286
309 312
309 324
309 366
309 379
309 381
309 425
310 36
310 100
310 141
310 228
310 275
310 319
310 327
311 269
311 302
311 307
311 313
311 315
311 363
311 471
312 286
312 295
312 309
312 319
312 379
312 383
312 425
313 168
313 311
313 315
313 316
313 318
313 363
313 473
314 18
314 153
314 155
314 165
314 169
314 301
314 317
315 311
315 313
315 316
315 318
315 363
315 400
315 461
316 191
316 313
316 315
316 318
316 323
316 363
316 400
317 314
317 332
317 340
317 350
317 445
317 455
317 464
318 313
318 315
318 316
318 323
318 363
318 400
318 449
319 139
319 272
319 286
319 310
319 312
319 324
319 381
320 138
320 284
320 285
320 353
320 371
320 376
320 421
321 258
321 295
321 304
321 326
321 331
321 333
321 419
322 70
322 263
322 346
322 365
322 369
322 385
322 438
323 186
323 316
323 318
323 332
323 363
323 400
323 494
324 233
324 251
324 293
324 309
324 319
324 330
324 348
325 49
325 251
325 281
325 293
325 297
325 344
325 348
326 171
326 214
326 249
326 308
326 321
326 331
326 350
327 36
327 187
327 228
327 253
327 303
327 310
327 386
328 100
328 246
328 256
328 275
328 282
328 394
328 467
329 87
329 90
329 105
329 109
329 293
329 359
329 468
330 178
330 200
330 281
330 324
330 333
330 366
330 425
331 60
331 226
331 289
331 304
331 321
331 326
331 333
332 317
332 323
332 340
332 350
332 358
332 400
332 455
333 58
333 289
333 304
333 321
333 330
333 331
333 390
334 80
334 232
334 335
334 337
334 419
334 467
334 468
335 53
335 140
335 144
335 334
335 374
335 393
335 487
336 288
336 354
336 367
336 380
336 461
336 464
336 480
337 73
337 246
337 269
337 273
337 334
337 419
337 477
338 205
338 230
338 252
338 256
338 260
338 262
338 363
339 18
339 22
339 151
339 153
339 356
339 370
339 393
340 317
340 332
340 346
340 350
340 382
340 388
340 455
341 40
341 46
341 56
341 57
341 245
341 396
341 491
341 499
342 54
342 234
342 235
342 239
342 240
342 460
342 466
343 112
343 128
343 129
343 130
343 143
343 175
343 299
344 13
344 173
344 225
344 257
344 283
344 325
344 494
345 207
345 208
345 209
345 211
345 212
345 300
345 349
346 263
346 322
346 340
346 365
346 369
346 382
346 388
347 183
347 211
347 212
347 213
347 216
347 252
347 493
347 497
348 86
348 88
348 116
348 293
348 297
348 324
348 325
348 374
349 58
349 170
349 201
349 204
349 206
349 225
349 345
349 360
350 317
350 326
350 332
350 340
350 369
350 382
350 388
350 400
351 248
351 250
351 358
351 373
351 394
351 412
351 434
351 487
352 33
352 42
352 46
352 57
352 355
352 387
352 407
352 462
353 112
353 138
353 196
353 285
353 320
353 376
353 479
353 495
354 336
354 367
354 370
354 380
354 386
354 429
354 440
354 471
355 6
355 352
355 391
355 397
355 405
355 419
355 435
355 466
356 150
356 339
356 378
356 391
356 392
356 416
356 437
356 500
357 379
357 416
357 417
357 431
357 433
357 452
357 454
357 468
358 237
358 332
358 351
358 373
358 394
358 408
358 409
358 434
359 2
359 79
359 93
359 94
359 143
359 329
359 392
359 453
360 135
360 170
360 204
360 206
360 349
360 361
360 387
360 437
361 117
361 287
361 305
361 360
361 377
361 406
361 433
361 450
362 305
362 377
362 394
362 398
362 406
362 408
362 414
362 434
363 311
363 313
363 315
363 316
363 318
363 323
363 338
363 400
364 101
364 167
364 203
364 254
364 259
364 265
364 271
364 474
365 98
365 263
365 322
365 346
365 369
365 382
365 385
365 443
366 200
366 251
366 281
366 309
366 330
366 368
366 379
366 488
367 288
367 336
367 354
367 380
367 386
367 429
367 453
367 471
368 12
368 52
368 171
368 283
368 306
368 308
368 366
368 465
369 164
369 247
369 263
369 322
369 346
369 350
369 365
369 455
370 18
370 103
370 151
370 339
370 354
370 393
370 437
370 468
371 142
371 193
371 194
371 218
371 227
371 320
371 372
371 499
372 181
372 185
372 190
372 191
372 267
372 289
372 371
372 456
373 280
373 351
373 358
373 375
373 383
373 394
373 412
373 419
374 110
374 125
374 127
374 131
374 140
374 291
374 335
374 348
375 139
375 373
375 381
375 383
375 384
375 385
375 475
375 496
376 29
376 199
376 284
376 285
376 320
376 353
376 387
376 476
377 249
377 285
377 287
377 361
377 362
377 378
377 413
377 450
378 159
378 287
378 356
378 377
378 392
378 413
378 437
378 478
379 24
379 286
379 309
379 312
379 357
379 366
379 381
379 425
380 288
380 336
380 354
380 367
380 386
380 428
380 440
380 471
381 139
381 254
381 265
381 309
381 319
381 375
381 379
381 454
382 340
382 346
382 350
382 365
382 388
382 455
382 485
382 492
383 312
383 373
383 375
383 384
383 385
383 394
383 412
383 474
384 220
384 257
384 263
384 375
384 383
384 385
384 412
384 492
385 173
385 221
385 322
385 365
385 375
385 383
385 384
385 412
386 327
386 354
386 367
386 380
386 429
386 447
386 464
386 471
387 208
387 209
387 250
387 352
387 360
387 376
387 470
387 486
388 133
388 263
388 340
388 346
388 350
388 382
388 455
388 478
389 192
389 290
389 291
389 299
389 302
389 448
389 456
389 499
390 96
390 174
390 176
390 177
390 181
390 241
390 333
390 395
391 93
391 355
391 356
391 392
391 397
391 405
391 437
391 490
392 356
392 359
392 378
392 391
392 397
392 405
392 434
392 437
393 151
393 189
393 301
393 335
393 339
393 370
393 430
393 441
394 328
394 351
394 358
394 362
394 373
394 383
394 412
394 430
395 25
395 72
395 176
395 177
395 225
395 266
395 390
395 396
396 40
396 64
396 83
396 87
396 90
396 341
396 395
396 412
397 6
397 33
397 297
397 355
397 391
397 392
397 405
397 435
398 54
398 362
398 408
398 409
398 414
398 430
398 434
398 481
399 185
399 403
399 433
399 446
399 452
399 454
399 456
399 467
399 471
400 179
400 208
400 315
400 316
400 318
400 323
400 332
400 350
400 363
401 179
401 417
401 421
401 428
401 431
401 451
401 453
401 494
401 496
402 410
402 411
402 418
402 419
402 420
402 421
402 441
402 469
402 475
403 180
403 184
403 243
403 399
403 426
403 438
403 446
403 459
403 468
404 290
404 407
404 422
404 427
404 436
404 462
404 470
404 474
404 482
405 57
405 81
405 355
405 391
405 392
405 397
405 435
405 437
405 494
406 222
406 287
406 305
406 361
406 362
406 413
406 414
406 435
406 450
407 352
407 404
407 423
407 427
407 462
407 473
407 479
407 482
407 483
408 114
408 216
408 305
408 358
408 362
408 398
408 409
408 414
408 500
409 160
409 176
409 242
409 358
409 398
409 408
409 434
409 454
409 475
410 139
410 402
410 420
410 421
410 441
410 444
410 474
410 479
410 491
411 133
411 289
411 402
411 418
411 420
411 441
411 444
411 447
411 475
412 5
412 303
412 351
412 373
412 383
412 384
412 385
412 394
412 396
413 72
413 254
413 287
413 377
413 378
413 406
413 437
413 471
413 490
414 287
414 296
414 305
414 362
414 398
414 406
414 408
414 434
414 464
415 48
415 79
415 202
415 210
415 238
415 243
415 264
415 270
415 274
416 356
416 357
416 417
416 431
416 433
416 452
416 453
416 468
416 482
417 357
417 401
417 416
417 428
417 431
417 438
417 452
417 453
417 468
418 253
418 402
418 411
418 420
418 441
418 444
418 447
418 475
418 493
419 73
419 85
419 296
419 321
419 334
419 337
419 355
419 373
419 402
420 39
420 402
420 410
420 411
420 418
420 441
420 444
420 475
420 484
421 239
421 320
421 401
421 402
421 410
421 428
421 441
421 451
421 453
422 152
422 404
422 423
422 427
422 462
422 470
422 473
422 482
422 484
423 407
423 422
423 436
423 443
423 458
423 460
423 465
423 466
423 473
424 192
424 274
424 277
424 291
424 294
424 307
424 430
424 435
424 492
425 39
425 115
425 178
425 200
425 309
425 312
425 330
425 379
425 471
426 4
426 180
426 184
426 294
426 403
426 438
426 446
426 459
426 467
427 404
427 407
427 422
427 436
427 460
427 462
427 465
427 470
427 482
428 125
428 380
428 401
428 417
428 421
428 431
428 451
428 453
428 480
429 168
429 354
429 367
429 386
429 444
429 447
429 450
429 471
429 497
430 192
430 270
430 274
430 277
430 294
430 299
430 393
430 394
430 398
430 424
431 16
431 56
431 357
431 401
431 416
431 417
431 428
431 453
431 468
431 469
432 436
432 442
432 449
432 463
432 474
432 479
432 481
432 483
432 488
432 493
433 213
433 246
433 357
433 361
433 399
433 416
433 452
433 454
433 456
433 467
434 168
434 183
434 351
434 358
434 362
434 392
434 398
434 409
434 414
434 500
435 6
435 7
435 126
435 262
435 355
435 397
435 405
435 406
435 424
435 463
436 255
436 404
436 423
436 427
436 432
436 443
436 462
436 465
436 473
436 482
437 171
437 298
437 356
437 360
437 370
437 378
437 391
437 392
437 405
437 413
438 165
438 180
438 322
438 403
438 417
438 426
438 448
438 456
438 459
438 486
439 440
439 445
439 448
439 458
439 460
439 461
439 464
439 466
439 469
439 470
440 354
440 380
440 439
440 445
440 458
440 461
440 464
440 469
440 480
440 493
441 115
441 240
441 393
441 402
441 410
441 411
441 418
441 420
441 421
441 451
442 18
442 432
442 449
442 470
442 474
442 477
442 479
442 481
442 483
442 493
443 224
443 286
443 365
443 423
443 436
443 448
443 458
443 460
443 465
443 466
443 473
444 108
444 144
444 410
444 411
444 418
444 420
444 429
444 447
444 471
444 475
444 483
445 294
445 317
445 439
445 440
445 448
445 460
445 461
445 464
445 469
445 480
445 493
446 125
446 223
446 399
446 403
446 426
446 454
446 455
446 456
446 459
446 467
446 495
447 127
447 142
447 214
447 386
447 411
447 418
447 429
447 444
447 471
447 475
447 484
448 389
448 438
448 439
448 443
448 445
448 458
448 460
448 464
448 465
448 466
448 469
449 273
449 318
449 432
449 442
449 463
449 470
449 474
449 479
449 481
449 483
449 493
450 4
450 134
450 206
450 267
450 287
450 305
450 361
450 377
450 406
450 429
450 452
451 103
451 111
451 145
451 196
451 401
451 421
451 428
451 441
451 453
451 468
451 498
452 104
452 147
452 305
452 357
452 399
452 416
452 417
452 433
452 450
452 456
452 468
453 227
453 306
453 359
453 367
453 401
453 416
453 417
453 421
453 428
453 431
453 451
454 211
454 258
454 357
454 381
454 399
454 409
454 433
454 446
454 456
454 467
454 479
455 10
455 182
455 227
455 317
455 332
455 340
455 369
455 382
455 388
455 446
455 481
456 65
456 268
456 372
456 389
456 399
456 433
456 438
456 446
456 452
456 454
456 467
457 463
457 472
457 477
457 479
457 481
457 484
457 486
457 488
457 490
457 492
457 494
458 13
458 207
458 423
458 439
458 440
458 443
458 448
458 460
458 465
458 466
458 473
459 53
459 180
459 184
459 262
459 272
459 307
459 403
459 426
459 438
459 446
459 489
459 499
460 128
460 342
460 423
460 427
460 439
460 443
460 445
460 448
460 458
460 466
460 473
460 492
461 74
461 124
461 288
461 315
461 336
461 439
461 440
461 445
461 464
461 469
461 475
461 480
462 59
462 248
462 352
462 404
462 407
462 422
462 427
462 436
462 470
462 474
462 482
462 493
463 304
463 432
463 435
463 449
463 457
463 472
463 477
463 479
463 481
463 483
463 486
463 494
464 288
464 317
464 336
464 386
464 414
464 439
464 440
464 445
464 448
464 461
464 469
464 480
465 26
465 82
465 116
465 368
465 423
465 427
465 436
465 443
465 448
465 458
465 466
465 473
466 267
466 292
466 342
466 355
466 423
466 439
466 443
466 448
466 458
466 460
466 465
466 473
467 187
467 260
467 282
467 307
467 328
467 334
467 399
467 426
467 433
467 446
467 454
467 456
467 490
468 145
468 329
468 334
468 357
468 370
468 403
468 416
468 417
468 431
468 451
468 452
468 471
468 498
469 233
469 234
469 288
469 402
469 431
469 439
469 440
469 445
469 448
469 461
469 464
469 480
469 490
470 17
470 231
470 387
470 404
470 422
470 427
470 439
470 442
470 449
470 462
470 474
470 482
470 493
471 74
471 311
471 354
471 367
471 380
471 386
471 399
471 413
471 425
471 429
471 444
471 447
471 468
471 475
472 84
472 92
472 198
472 457
472 463
472 477
472 479
472 481
472 483
472 484
472 486
472 488
472 492
472 494
473 22
473 117
473 201
473 214
473 313
473 407
473 422
473 423
473 436
473 443
473 458
473 460
473 465
473 466
474 124
474 224
474 258
474 364
474 383
474 404
474 410
474 432
474 442
474 449
474 462
474 470
474 482
474 483
474 493
475 72
475 94
475 99
475 136
475 231
475 375
475 402
475 409
475 411
475 418
475 420
475 444
475 447
475 461
475 471
476 1
476 376
476 485
476 489
476 491
476 495
476 496
476 497
476 498
476 499
476 500
477 123
477 126
477 151
477 242
477 337
477 442
477 457
477 463
477 472
477 479
477 481
477 483
477 486
477 488
477 494
478 378
478 388
478 485
478 489
478 495
478 496
478 497
478 498
478 499
478 500
479 353
479 407
479 410
479 432
479 442
479 449
479 454
479 457
479 463
479 472
479 477
479 481
479 483
479 486
479 493
480 98
480 166
480 196
480 212
480 213
480 288
480 308
480 336
480 428
480 440
480 445
480 461
480 464
480 469
480 496
481 20
481 299
481 398
481 432
481 442
481 449
481 455
481 457
481 463
481 472
481 477
481 479
481 483
481 486
481 493
482 75
482 78
482 114
482 117
482 189
482 278
482 404
482 407
482 416
482 422
482 427
482 436
482 462
482 470
482 474
482 493
483 3
483 74
483 202
483 250
483 407
483 432
483 442
483 444
483 449
483 463
483 472
483 474
483 477
483 479
483 481
483 493
484 93
484 136
484 420
484 422
484 447
484 457
484 472
484 486
484 487
484 488
484 490
484 491
484 492
484 494
484 496
484 497
484 498
485 37
485 130
485 137
485 382
485 476
485 478
485 487
485 489
485 491
485 495
485 496
485 497
485 498
485 499
485 500
486 2
486 34
486 43
486 229
486 387
486 438
486 457
486 463
486 472
486 477
486 479
486 481
486 484
486 488
486 490
486 492
486 494
487 89
487 236
487 300
487 335
487 351
487 484
487 485
487 488
487 489
487 490
487 491
487 492
487 494
487 496
487 497
487 498
487 499
488 115
488 163
488 366
488 432
488 457
488 472
488 477
488 484
488 486
488 487
488 490
488 491
488 492
488 494
488 496
488 497
488 498
489 131
489 215
489 459
489 476
489 478
489 485
489 487
489 491
489 492
489 495
489 496
489 497
489 498
489 499
489 500
490 117
490 284
490 391
490 413
490 457
490 467
490 469
490 484
490 486
490 487
490 488
490 491
490 492
490 494
490 496
490 497
490 498
490 499
491 33
491 118
491 133
491 341
491 410
491 476
491 484
491 485
491 487
491 488
491 489
491 490
491 492
491 494
491 496
491 497
491 498
491 499
492 44
492 178
492 382
492 384
492 424
492 457
492 460
492 472
492 484
492 486
492 487
492 488
492 489
492 490
492 491
492 494
492 496
492 497
492 498
493 38
493 86
493 89
493 159
493 347
493 418
493 432
493 440
493 442
493 445
493 449
493 462
493 470
493 474
493 479
493 481
493 482
493 483
493 498
494 71
494 93
494 158
494 170
494 323
494 344
494 401
494 405
494 457
494 463
494 472
494 477
494 484
494 486
494 487
494 488
494 490
494 491
494 492
495 169
495 171
495 238
495 353
495 446
495 476
495 478
495 485
495 489
495 499
495 500
496 39
496 208
496 281
496 296
496 375
496 401
496 476
496 478
496 480
496 484
496 485
496 487
496 488
496 489
496 490
496 491
496 492
496 497
496 498
496 499
497 83
497 219
497 244
497 262
497 306
497 347
497 429
497 476
497 478
497 484
497 485
497 487
497 488
497 489
497 490
497 491
497 492
497 496
497 498
497 499
498 49
498 93
498 189
498 215
498 451
498 468
498 476
498 478
498 484
498 485
498 487
498 488
498 489
498 490
498 491
498 492
498 493
498 496
498 497
498 499
499 67
499 90
499 141
499 209
499 341
499 371
499 389
499 459
499 476
499 478
499 485
499 487
499 489
499 490
499 491
499 495
499 496
499 497
499 498
499 500
500 62
500 197
500 356
500 408
500 434
500 476
500 478
500 485
500 489
500 495
500 499
