1 132
1 383
1 420
1 476
1 482
2 125
2 126
2 209
2 337
2 402
3 170
3 174
3 410
3 454
3 473
4 8
4 64
4 132
4 149
4 433
5 87
5 282
5 410
5 476
5 482
6 7
6 11
6 19
6 115
6 481
7 6
7 9
7 11
7 332
7 434
8 4
8 10
8 188
8 226
8 376
9 7
9 11
9 411
9 451
9 452
10 8
10 12
10 236
10 477
10 488
11 6
11 7
11 9
11 342
11 382
12 10
12 14
12 20
12 336
12 422
13 17
13 416
13 429
13 458
13 494
14 12
14 97
14 332
14 477
14 488
15 19
15 67
15 321
15 332
15 462
16 19
16 62
16 331
16 332
16 492
17 13
17 18
17 392
17 447
17 472
18 17
18 48
18 384
18 472
18 477
19 6
19 15
19 16
19 408
19 449
20 12
20 127
20 395
20 420
20 422
21 23
21 29
21 262
21 280
21 304
21 311
21 378
22 24
22 336
22 419
22 422
22 472
23 21
23 26
23 170
23 184
23 489
24 22
24 25
24 71
24 409
24 419
25 24
25 40
25 85
25 419
25 498
26 23
26 112
26 362
26 375
26 464
27 29
27 30
27 50
27 79
27 449
28 162
28 202
28 203
28 440
28 444
29 21
29 27
29 30
29 280
29 304
29 378
30 27
30 29
30 459
30 464
30 470
31 95
31 125
31 362
31 375
31 461
32 256
32 329
32 330
32 428
32 430
33 38
33 95
33 425
33 467
33 500
34 37
34 40
34 419
34 454
34 473
35 164
35 243
35 286
35 446
35 500
36 122
36 157
36 186
36 212
36 291
37 34
37 40
37 472
37 475
37 481
38 33
38 104
38 164
38 183
38 228
39 164
39 265
39 350
39 472
39 481
40 25
40 34
40 37
40 42
40 48
41 93
41 94
41 310
41 474
41 496
42 40
42 85
42 208
42 230
42 231
43 47
43 394
43 411
43 437
43 451
44 48
44 54
44 141
44 203
44 454
45 137
45 138
45 187
45 232
45 472
46 108
46 175
46 460
46 473
46 478
47 43
47 153
47 164
47 315
47 339
48 18
48 40
48 44
48 54
48 263
49 50
49 98
49 303
49 386
49 462
49 491
50 27
50 49
50 51
50 160
50 449
51 50
51 56
51 144
51 310
51 442
52 55
52 181
52 413
52 452
52 467
53 256
53 318
53 388
53 442
53 494
54 44
54 48
54 55
54 234
54 495
55 52
55 54
55 58
55 103
55 480
56 51
56 434
56 459
56 464
56 470
57 167
57 200
57 342
57 385
57 393
58 55
58 60
58 61
58 237
58 499
59 62
59 64
59 233
59 370
59 493
60 58
60 61
60 153
60 290
60 461
61 58
61 60
61 63
61 89
61 286
62 16
62 59
62 64
62 140
62 492
63 61
63 66
63 312
63 373
63 436
64 4
64 59
64 62
64 134
64 381
65 69
65 180
65 401
65 420
65 495
66 63
66 68
66 76
66 371
66 415
67 15
67 70
67 250
67 321
67 462
68 66
68 72
68 415
68 426
68 429
69 65
69 70
69 199
69 250
69 315
70 67
70 69
70 71
70 199
70 318
71 24
71 70
71 172
71 349
71 409
72 68
72 73
72 215
72 364
72 415
73 72
73 75
73 256
73 355
73 426
74 79
74 154
74 172
74 325
74 491
75 73
75 81
75 426
75 472
75 481
76 66
76 131
76 176
76 265
76 357
77 79
77 155
77 165
77 172
77 250
77 342
77 400
78 254
78 266
78 384
78 480
78 493
79 27
79 74
79 77
79 408
79 487
80 86
80 198
80 430
80 462
80 478
81 75
81 289
81 426
81 457
81 463
82 160
82 238
82 239
82 249
82 257
83 86
83 309
83 356
83 441
83 469
84 174
84 190
84 351
84 471
84 493
85 25
85 42
85 90
85 428
85 462
86 80
86 83
86 110
86 119
86 412
87 5
87 88
87 316
87 397
87 473
88 87
88 163
88 319
88 414
88 433
89 61
89 90
89 310
89 334
89 419
90 85
90 89
90 310
90 328
90 387
91 260
91 319
91 438
91 440
91 444
92 157
92 207
92 273
92 281
92 374
93 41
93 96
93 209
93 337
93 422
94 41
94 96
94 310
94 365
94 423
95 31
95 33
95 280
95 345
95 391
96 93
96 94
96 101
96 428
96 478
97 14
97 98
97 207
97 456
97 477
98 49
98 97
98 100
98 158
98 489
99 101
99 103
99 364
99 402
99 412
100 98
100 105
100 188
100 226
100 376
101 96
101 99
101 210
101 364
101 487
102 196
102 333
102 346
102 364
102 471
103 55
103 99
103 364
103 480
103 491
104 38
104 106
104 130
104 183
104 376
105 100
105 106
105 110
105 284
105 417
106 104
106 105
106 221
106 348
106 388
106 455
106 494
107 318
107 320
107 355
107 380
107 482
108 46
108 175
108 179
108 228
108 473
109 139
109 143
109 325
109 333
109 346
110 86
110 105
110 115
110 116
110 284
111 112
111 114
111 267
111 368
111 499
112 26
112 111
112 114
112 362
112 385
113 147
113 394
113 405
113 434
113 500
114 111
114 112
114 229
114 349
114 409
115 6
115 110
115 116
115 249
115 487
116 110
116 115
116 238
116 345
116 391
117 119
117 120
117 480
117 493
117 497
118 216
118 219
118 401
118 403
118 427
119 86
119 117
119 120
119 412
119 417
120 117
120 119
120 157
120 273
120 374
121 153
121 154
121 239
121 295
121 364
122 36
122 123
122 186
122 285
122 463
123 122
123 125
123 157
123 273
123 374
124 209
124 240
124 242
124 296
124 337
125 2
125 31
125 123
125 141
125 203
126 2
126 249
126 264
126 344
126 361
127 20
127 241
127 249
127 422
127 466
128 129
128 249
128 366
128 377
128 458
128 468
128 475
129 128
129 133
129 320
129 401
129 495
130 104
130 135
130 183
130 228
130 321
131 76
131 207
131 208
131 230
131 297
132 1
132 4
132 410
132 460
132 471
133 129
133 135
133 197
133 317
133 497
134 64
134 156
134 158
134 452
134 465
135 130
135 133
135 215
135 239
135 364
136 137
136 148
136 282
136 432
136 495
137 45
137 136
137 186
137 212
137 285
138 45
138 142
138 419
138 482
138 486
139 109
139 145
139 147
139 436
139 444
140 62
140 219
140 228
140 372
140 492
141 44
141 125
141 220
141 221
141 498
142 138
142 215
142 228
142 239
142 364
143 109
143 154
143 173
143 326
143 341
144 51
144 149
144 221
144 377
144 442
145 139
145 147
145 333
145 416
145 426
146 163
146 247
146 311
146 386
146 394
147 113
147 139
147 145
147 457
147 463
148 136
148 149
148 228
148 432
148 495
149 4
149 144
149 148
149 220
149 414
150 153
150 295
150 326
150 423
150 448
151 152
151 155
151 405
151 457
151 463
152 151
152 155
152 461
152 488
152 490
153 47
153 60
153 121
153 150
153 295
154 74
154 121
154 143
154 160
154 369
155 77
155 151
155 152
155 165
155 250
155 342
155 382
156 134
156 158
156 163
156 428
156 478
157 36
157 92
157 120
157 123
157 418
158 98
158 134
158 156
158 163
158 489
159 205
159 209
159 286
159 306
159 351
160 50
160 82
160 154
160 163
160 369
160 487
161 162
161 203
161 210
161 448
161 459
161 470
162 28
162 161
162 229
162 349
162 409
162 481
163 88
163 146
163 156
163 158
163 160
163 431
164 35
164 38
164 39
164 47
164 290
164 339
165 77
165 155
165 167
165 400
165 475
165 495
166 167
166 168
166 459
166 464
166 470
166 490
167 57
167 165
167 166
167 168
167 362
167 375
168 166
168 167
168 169
168 277
168 312
168 417
169 168
169 170
169 263
169 384
169 410
169 483
170 3
170 23
170 169
170 244
170 410
170 489
171 304
171 329
171 330
171 333
171 480
171 497
172 71
172 74
172 77
172 415
172 472
172 481
173 143
173 205
173 326
173 377
173 446
173 498
174 3
174 84
174 410
174 459
174 464
174 470
175 46
175 108
175 179
175 411
175 451
175 473
176 76
176 177
176 357
176 371
176 382
176 430
177 176
177 341
177 351
177 382
177 403
177 427
178 183
178 211
178 351
178 383
178 488
178 490
179 108
179 175
179 246
179 269
179 277
179 482
180 65
180 218
180 219
180 408
180 432
180 495
181 52
181 227
181 282
181 415
181 461
181 490
182 196
182 223
182 224
182 410
182 471
182 473
183 38
183 104
183 130
183 178
183 185
183 298
184 23
184 261
184 312
184 316
184 397
184 491
185 183
185 186
185 272
185 298
185 454
185 473
186 36
186 122
186 137
186 185
186 323
186 457
187 45
187 188
187 189
187 413
187 489
187 490
188 8
188 100
188 187
188 189
188 374
188 376
189 187
189 188
189 213
189 374
189 489
189 491
190 84
190 191
190 193
190 293
190 493
190 497
191 190
191 293
191 374
191 392
191 447
191 486
192 204
192 206
192 316
192 397
192 467
192 473
193 190
193 194
193 293
193 308
193 452
193 499
194 193
194 197
194 198
194 399
194 436
194 444
195 277
195 290
195 292
195 394
195 434
195 473
196 102
196 182
196 234
196 400
196 468
196 471
197 133
197 194
197 198
197 199
197 204
197 233
198 80
198 194
198 197
198 199
198 330
198 478
199 69
199 70
199 197
199 198
199 221
199 456
200 57
200 201
200 342
200 407
200 435
200 460
201 200
201 202
201 326
201 342
201 365
201 423
202 28
202 201
202 272
202 342
202 397
202 473
203 28
203 44
203 125
203 161
203 385
203 470
204 192
204 197
204 206
204 211
204 317
204 497
205 159
205 173
205 248
205 324
205 358
205 404
206 192
206 204
206 211
206 223
206 328
206 387
207 92
207 97
207 131
207 208
207 230
207 260
208 42
208 131
208 207
208 232
208 235
208 297
209 2
209 93
209 124
209 159
209 233
209 337
210 101
210 161
210 211
210 408
210 449
210 464
211 178
211 204
211 206
211 210
211 488
211 490
212 36
212 137
212 213
212 214
212 215
212 285
213 189
213 212
213 214
213 215
213 462
213 489
214 212
214 213
214 215
214 294
214 354
214 431
215 72
215 135
215 142
215 212
215 213
215 214
216 118
216 218
216 380
216 436
216 447
216 486
217 254
217 263
217 264
217 445
217 467
217 500
218 180
218 216
218 219
218 418
218 424
218 496
219 118
219 140
219 180
219 218
219 276
219 492
220 141
220 149
220 221
220 408
220 431
220 465
221 106
221 141
221 144
221 199
221 220
221 408
222 223
222 408
222 415
222 456
222 472
222 481
223 182
223 206
223 222
223 224
223 328
223 387
224 182
224 223
224 226
224 256
224 287
224 355
225 226
225 229
225 256
225 287
225 355
225 398
226 8
226 100
226 224
226 225
226 229
226 376
227 181
227 275
227 283
227 324
227 331
227 416
228 38
228 108
228 130
228 140
228 142
228 148
229 114
229 162
229 225
229 226
229 409
229 483
230 42
230 131
230 207
230 231
230 297
230 348
231 42
231 230
231 341
231 348
232 45
232 208
232 235
232 348
232 413
232 490
233 59
233 197
233 209
233 370
233 463
233 497
234 54
234 196
234 285
234 309
234 432
234 495
235 208
235 232
235 236
235 305
235 319
235 492
236 10
236 235
236 237
236 363
236 488
236 490
237 58
237 236
237 363
237 466
237 489
237 499
238 82
238 116
238 275
238 345
238 363
238 391
239 82
239 121
239 135
239 142
239 296
239 441
240 124
240 243
240 244
240 246
240 269
240 295
241 127
241 285
241 312
241 336
241 400
241 422
242 124
242 243
242 257
242 296
242 404
242 467
243 35
243 240
243 242
243 244
243 375
243 500
244 170
244 240
244 243
244 261
244 375
244 491
245 246
245 375
245 449
245 459
245 464
245 470
246 179
246 240
246 245
246 247
246 248
246 295
247 146
247 246
247 248
247 354
247 375
247 431
248 205
248 246
248 247
248 253
248 351
248 358
249 82
249 115
249 126
249 127
249 128
249 487
250 67
250 69
250 77
250 155
250 400
250 468
251 252
251 255
251 363
251 410
251 465
251 471
252 251
252 253
252 255
252 293
252 344
252 361
253 248
253 252
253 255
253 379
253 436
253 440
254 78
254 217
254 298
254 300
254 426
254 494
255 251
255 252
255 253
255 324
255 416
255 426
256 32
256 53
256 73
256 224
256 225
256 287
257 82
257 242
257 275
257 296
257 379
257 444
258 259
258 261
258 320
258 343
258 384
258 495
259 258
259 261
259 384
259 415
259 472
259 481
260 91
260 207
260 276
260 331
260 398
260 482
261 184
261 244
261 258
261 259
261 384
261 491
262 21
262 280
262 304
262 338
262 378
262 469
263 48
263 169
263 217
263 264
263 266
263 498
264 126
264 217
264 263
264 266
264 344
264 361
265 39
265 76
265 315
265 357
265 371
265 472
266 78
266 263
266 264
266 296
266 405
266 457
267 111
267 268
267 271
267 444
267 466
267 499
268 267
268 271
268 322
268 324
268 426
268 477
269 179
269 240
269 270
269 276
269 295
269 475
270 269
270 276
270 448
270 464
270 468
270 470
271 267
271 268
271 276
271 411
271 437
271 451
272 185
272 202
272 273
272 274
272 279
272 316
272 397
273 92
273 120
273 123
273 272
273 274
273 279
273 374
274 272
274 273
274 279
274 456
274 461
274 488
274 490
275 227
275 238
275 257
275 322
275 324
275 363
275 458
276 219
276 260
276 269
276 270
276 271
276 398
276 492
277 168
277 179
277 195
277 290
277 292
277 373
277 402
278 283
278 389
278 390
278 394
278 396
278 434
278 444
279 272
279 273
279 274
279 305
279 319
279 352
279 367
280 21
280 29
280 95
280 262
280 311
280 394
280 420
281 92
281 307
281 314
281 443
281 446
281 456
281 477
282 5
282 136
282 181
282 283
282 321
282 485
282 486
283 227
283 278
283 282
283 331
283 332
283 394
283 402
284 105
284 110
284 287
284 303
284 308
284 402
284 412
285 122
285 137
285 212
285 234
285 241
285 309
285 400
286 35
286 61
286 159
286 291
286 372
286 377
286 500
287 224
287 225
287 256
287 284
287 303
287 308
287 355
288 341
288 370
288 371
288 373
288 403
288 427
288 443
289 81
289 344
289 421
289 424
289 452
289 454
289 473
290 60
290 164
290 195
290 277
290 292
290 294
290 339
291 36
291 286
291 362
291 372
291 408
291 449
291 487
292 195
292 277
292 290
292 294
292 334
292 450
292 500
293 190
293 191
293 193
293 252
293 344
293 361
293 374
294 214
294 290
294 292
294 297
294 381
294 465
294 476
295 121
295 150
295 153
295 240
295 246
295 269
295 497
296 124
296 239
296 242
296 257
296 266
296 457
296 463
297 131
297 208
297 230
297 294
297 299
297 300
297 301
298 183
298 185
298 254
298 348
298 383
298 476
298 494
299 297
299 300
299 301
299 302
299 363
299 410
299 471
300 254
300 297
300 299
300 301
300 302
300 315
300 494
301 297
301 299
301 300
301 302
301 360
301 466
301 499
302 299
302 300
302 301
302 327
302 340
302 443
302 496
303 49
303 284
303 287
303 308
303 462
303 491
304 21
304 29
304 171
304 262
304 337
304 451
305 235
305 279
305 319
305 324
305 355
305 367
305 490
306 159
306 314
306 322
306 327
306 334
306 351
306 358
307 281
307 308
307 356
307 368
307 386
307 394
307 499
308 193
308 284
308 287
308 303
308 307
308 360
308 452
309 83
309 234
309 285
309 400
309 441
309 468
309 498
310 41
310 51
310 89
310 90
310 94
310 455
310 494
311 21
311 146
311 280
311 372
311 420
311 466
311 499
312 63
312 168
312 184
312 241
312 313
312 417
312 420
313 312
313 316
313 317
313 406
313 456
313 461
313 477
314 281
314 306
314 322
314 327
314 477
314 486
314 488
315 47
315 69
315 265
315 300
315 455
315 469
315 494
316 87
316 184
316 192
316 272
316 313
316 317
316 454
317 133
317 204
317 313
317 316
317 318
317 493
317 497
318 53
318 70
318 107
318 317
318 442
318 455
318 488
319 88
319 91
319 235
319 279
319 305
319 331
319 495
320 107
320 129
320 258
320 343
320 355
320 401
320 491
321 15
321 67
321 130
321 282
321 376
321 402
321 489
322 268
322 275
322 306
322 314
322 327
322 334
322 429
323 186
323 328
323 387
323 393
323 401
323 456
323 457
324 205
324 227
324 255
324 268
324 275
324 305
324 355
325 74
325 109
325 432
325 440
325 447
325 460
325 475
326 143
326 150
326 173
326 201
326 341
326 346
326 393
327 302
327 306
327 314
327 322
327 335
327 421
327 500
328 90
328 206
328 223
328 323
328 329
328 330
328 341
329 32
329 171
329 328
329 330
329 411
329 430
329 478
330 32
330 171
330 198
330 328
330 329
330 478
330 492
331 16
331 227
331 260
331 283
331 319
331 450
331 492
332 7
332 14
332 15
332 16
332 283
332 394
332 434
333 102
333 109
333 145
333 171
333 346
333 480
333 493
334 89
334 292
334 306
334 322
334 339
334 340
334 500
335 327
335 337
335 362
335 421
335 425
335 445
335 450
335 465
335 500
336 12
336 22
336 241
336 379
336 417
336 429
336 453
337 2
337 93
337 124
337 209
337 304
337 335
337 362
338 262
338 386
338 448
338 453
339 47
339 164
339 290
339 334
339 340
339 343
339 345
340 302
340 334
340 339
340 343
340 345
340 390
340 443
340 496
341 143
341 177
341 231
341 288
341 326
341 328
341 427
341 459
342 11
342 57
342 77
342 155
342 200
342 201
342 202
342 382
343 258
343 320
343 339
343 340
343 345
343 347
343 401
343 495
344 126
344 252
344 264
344 289
344 293
344 421
344 436
344 467
345 95
345 116
345 238
345 339
345 340
345 343
345 347
345 391
346 102
346 109
346 326
346 333
346 365
346 393
346 423
346 496
347 343
347 345
347 352
347 353
347 356
347 453
347 474
347 496
348 106
348 230
348 231
348 232
348 298
348 388
348 472
348 494
349 71
349 114
349 162
349 350
349 381
349 478
349 480
349 489
350 39
350 349
350 381
350 391
350 472
350 481
350 489
350 493
351 84
351 159
351 177
351 178
351 248
351 306
351 358
351 382
352 279
352 347
352 353
352 354
352 357
352 367
352 398
352 492
353 347
353 352
353 354
353 357
353 379
353 399
353 436
353 440
354 214
354 247
354 352
354 353
354 357
354 359
354 431
354 465
355 73
355 107
355 224
355 225
355 287
355 305
355 320
355 324
356 83
356 307
356 347
356 376
356 453
356 474
356 480
356 496
357 76
357 176
357 265
357 352
357 353
357 354
357 359
357 371
358 205
358 248
358 306
358 351
358 359
358 360
358 438
358 485
359 354
359 357
359 358
359 360
359 389
359 407
359 435
359 460
360 301
360 308
360 358
360 359
360 361
360 395
360 452
360 490
361 126
361 252
361 264
361 293
361 360
361 365
361 440
361 490
362 26
362 31
362 112
362 167
362 291
362 335
362 337
362 385
363 236
363 237
363 238
363 251
363 275
363 299
363 410
363 471
364 72
364 99
364 101
364 102
364 103
364 121
364 135
364 142
365 94
365 201
365 346
365 361
365 393
365 465
365 484
365 490
366 128
366 395
366 404
366 441
366 458
366 475
366 494
366 499
367 279
367 305
367 352
367 368
367 370
367 443
367 465
367 492
368 111
368 307
368 367
368 370
368 443
368 452
368 465
368 466
369 154
369 160
369 389
369 407
369 435
369 437
369 453
369 460
370 59
370 233
370 288
370 367
370 368
370 443
370 493
370 497
371 66
371 176
371 265
371 288
371 357
371 373
371 378
371 417
372 140
372 286
372 291
372 311
372 377
372 452
372 466
372 499
373 63
373 277
373 288
373 371
373 378
373 402
373 420
373 490
374 92
374 120
374 123
374 188
374 189
374 191
374 273
374 293
375 26
375 31
375 167
375 243
375 244
375 245
375 247
375 385
376 8
376 100
376 104
376 188
376 226
376 321
376 356
376 402
377 128
377 144
377 173
377 286
377 372
377 446
377 467
377 484
378 21
378 29
378 262
378 371
378 373
378 417
378 429
379 253
379 257
379 336
379 353
379 388
379 399
379 417
379 440
379 451
380 107
380 216
380 385
380 407
380 431
380 447
380 449
380 485
380 486
381 64
381 294
381 349
381 350
381 391
381 406
381 414
381 433
381 489
382 11
382 155
382 176
382 177
382 342
382 351
382 383
383 1
383 178
383 298
383 382
383 476
383 482
383 485
383 486
383 488
384 18
384 78
384 169
384 258
384 259
384 261
384 479
385 57
385 112
385 203
385 362
385 375
385 380
385 407
385 422
385 431
386 49
386 146
386 307
386 338
386 408
386 448
387 90
387 206
387 223
387 323
387 392
387 396
387 444
387 448
387 464
388 53
388 106
388 348
388 379
388 451
388 453
388 458
389 278
389 359
389 369
389 390
389 407
389 435
389 458
389 460
389 484
390 278
390 340
390 389
390 396
390 418
390 424
390 443
390 451
390 474
391 95
391 116
391 238
391 345
391 350
391 381
391 403
391 406
391 489
392 17
392 191
392 387
392 396
392 419
392 444
392 476
392 485
392 499
393 57
393 323
393 326
393 346
393 365
393 401
393 423
393 456
393 457
394 43
394 113
394 146
394 195
394 278
394 280
394 283
394 307
394 332
395 20
395 360
395 366
395 446
395 452
395 464
395 466
395 468
395 499
396 278
396 387
396 390
396 392
396 439
396 446
396 458
396 479
396 498
397 87
397 184
397 192
397 202
397 272
397 398
397 404
397 411
397 468
398 225
398 260
398 276
398 352
398 397
398 404
398 411
398 468
398 492
399 194
399 353
399 379
399 403
399 409
399 412
399 413
399 414
399 438
400 77
400 165
400 196
400 241
400 250
400 285
400 309
401 65
401 118
401 129
401 320
401 323
401 343
401 393
401 456
401 457
402 2
402 99
402 277
402 283
402 284
402 321
402 373
402 376
402 420
403 118
403 177
403 288
403 391
403 399
403 406
403 409
403 413
403 427
404 205
404 242
404 366
404 397
404 398
404 411
404 425
404 445
404 450
405 113
405 151
405 266
405 424
405 428
405 449
405 457
405 463
405 478
406 313
406 381
406 391
406 403
406 409
406 456
406 477
406 488
406 489
406 490
407 200
407 359
407 369
407 380
407 385
407 389
407 422
407 431
407 449
407 460
408 19
408 79
408 180
408 210
408 220
408 221
408 222
408 291
408 386
408 487
409 24
409 71
409 114
409 162
409 229
409 399
409 403
409 406
409 412
409 413
410 3
410 5
410 132
410 169
410 170
410 174
410 182
410 251
410 299
410 363
411 9
411 43
411 175
411 271
411 329
411 397
411 398
411 404
411 447
411 451
412 86
412 99
412 119
412 284
412 399
412 409
412 413
412 414
412 416
412 420
413 52
413 187
413 232
413 399
413 403
413 409
413 412
413 416
413 456
413 461
414 88
414 149
414 381
414 399
414 412
414 416
414 423
414 425
414 433
414 465
415 66
415 68
415 72
415 172
415 181
415 222
415 259
415 426
415 472
415 481
416 13
416 145
416 227
416 255
416 412
416 413
416 414
416 423
416 425
416 429
417 105
417 119
417 168
417 312
417 336
417 371
417 378
417 379
417 420
417 429
418 157
418 218
418 390
418 424
418 446
418 448
418 453
418 464
418 491
418 496
419 22
419 24
419 25
419 34
419 89
419 138
419 392
419 476
419 485
419 486
420 1
420 20
420 65
420 280
420 311
420 312
420 373
420 402
420 412
420 417
421 289
421 327
421 335
421 344
421 424
421 436
421 445
421 467
422 12
422 20
422 22
422 93
422 127
422 241
422 385
422 407
422 457
422 494
423 94
423 150
423 201
423 346
423 393
423 414
423 416
423 425
423 427
423 435
424 218
424 289
424 390
424 405
424 418
424 421
424 428
424 467
424 474
424 496
425 33
425 335
425 404
425 414
425 416
425 423
425 427
425 435
425 467
425 500
426 68
426 73
426 75
426 81
426 145
426 254
426 255
426 268
426 415
426 429
427 118
427 177
427 288
427 341
427 403
427 423
427 425
427 434
427 435
427 450
428 32
428 85
428 96
428 156
428 405
428 424
428 430
428 431
428 449
428 478
429 13
429 68
429 322
429 336
429 378
429 416
429 417
429 426
429 453
429 474
430 32
430 80
430 176
430 329
430 428
430 433
430 437
430 441
430 461
430 462
430 478
431 163
431 214
431 220
431 247
431 354
431 380
431 385
431 407
431 428
431 449
431 465
432 136
432 148
432 180
432 234
432 325
432 438
432 440
432 446
432 447
432 460
432 495
433 4
433 88
433 381
433 414
433 430
433 434
433 435
433 441
433 450
433 459
433 465
434 7
434 56
434 113
434 195
434 278
434 332
434 427
434 433
434 435
434 450
434 459
435 200
435 359
435 369
435 389
435 423
435 425
435 427
435 433
435 434
435 450
435 460
436 63
436 139
436 194
436 216
436 253
436 344
436 353
436 421
436 438
436 452
436 467
437 43
437 271
437 369
437 430
437 441
437 451
437 461
437 462
437 475
438 91
438 358
438 399
438 432
438 436
438 440
438 444
438 447
438 460
438 473
438 481
439 396
439 442
439 445
439 458
439 466
439 468
439 483
439 484
439 493
439 495
439 496
440 28
440 91
440 253
440 325
440 353
440 361
440 379
440 432
440 438
440 461
440 462
440 475
441 83
441 239
441 309
441 366
441 430
441 433
441 437
441 459
441 461
441 479
441 483
441 484
442 51
442 53
442 144
442 318
442 439
442 445
442 455
442 466
442 493
442 494
442 495
442 500
443 281
443 288
443 302
443 340
443 367
443 368
443 370
443 390
443 453
443 465
443 474
443 496
444 28
444 91
444 139
444 194
444 257
444 267
444 278
444 387
444 392
444 438
444 448
444 494
445 217
445 335
445 404
445 421
445 439
445 442
445 450
445 466
445 467
445 477
445 485
445 495
446 35
446 173
446 281
446 377
446 395
446 396
446 418
446 432
446 464
446 469
446 483
446 498
447 17
447 191
447 216
447 325
447 380
447 411
447 432
447 438
447 460
447 476
447 481
447 485
448 150
448 161
448 270
448 338
448 386
448 387
448 418
448 444
448 490
448 499
449 19
449 27
449 50
449 210
449 245
449 291
449 380
449 405
449 407
449 428
449 431
449 487
450 292
450 331
450 335
450 404
450 427
450 433
450 434
450 435
450 445
450 459
450 467
450 500
451 9
451 43
451 175
451 271
451 304
451 379
451 388
451 390
451 411
451 437
451 453
451 458
452 9
452 52
452 134
452 193
452 289
452 308
452 360
452 368
452 372
452 395
452 436
452 467
453 336
453 338
453 347
453 356
453 369
453 388
453 418
453 429
453 443
453 451
453 458
453 474
453 496
454 3
454 34
454 44
454 185
454 289
454 316
454 469
454 470
454 473
454 477
454 485
454 488
454 491
455 106
455 310
455 315
455 318
455 442
455 483
455 486
455 487
455 492
455 494
455 496
455 497
455 499
456 97
456 199
456 222
456 274
456 281
456 313
456 323
456 393
456 401
456 406
456 413
456 457
456 461
457 81
457 147
457 151
457 186
457 266
457 296
457 323
457 393
457 401
457 405
457 422
457 456
457 463
458 13
458 128
458 275
458 366
458 388
458 389
458 396
458 439
458 451
458 453
458 460
458 483
458 484
459 30
459 56
459 161
459 166
459 174
459 245
459 341
459 433
459 434
459 441
459 450
459 464
459 498
460 46
460 132
460 200
460 325
460 359
460 369
460 389
460 407
460 432
460 435
460 438
460 447
460 458
460 481
461 31
461 60
461 152
461 181
461 274
461 313
461 413
461 430
461 437
461 440
461 441
461 456
461 462
461 477
462 15
462 49
462 67
462 80
462 85
462 213
462 303
462 430
462 437
462 440
462 461
462 475
462 489
462 491
463 81
463 122
463 147
463 151
463 233
463 296
463 405
463 457
463 476
463 478
463 480
463 482
463 484
463 494
464 26
464 30
464 56
464 166
464 174
464 210
464 245
464 270
464 387
464 395
464 418
464 446
464 459
464 468
465 134
465 220
465 251
465 294
465 335
465 354
465 365
465 367
465 368
465 414
465 431
465 433
465 443
465 490
466 127
466 237
466 267
466 301
466 311
466 368
466 372
466 395
466 439
466 442
466 445
466 469
466 477
466 485
467 33
467 52
467 192
467 217
467 242
467 344
467 377
467 421
467 424
467 425
467 436
467 445
467 450
467 452
468 128
468 196
468 250
468 270
468 309
468 395
468 397
468 398
468 439
468 464
468 475
468 479
468 483
468 498
469 83
469 262
469 315
469 446
469 454
469 466
469 475
469 477
469 479
469 483
469 484
469 485
469 488
469 491
469 498
470 30
470 56
470 161
470 166
470 174
470 203
470 245
470 270
470 454
470 476
470 477
470 484
470 488
470 491
470 494
471 84
471 102
471 132
471 182
471 196
471 251
471 299
471 363
471 474
471 483
471 486
471 492
471 493
471 498
471 500
472 17
472 18
472 22
472 37
472 39
472 45
472 75
472 172
472 222
472 259
472 265
472 348
472 350
472 415
472 488
473 3
473 34
473 46
473 87
473 108
473 175
473 182
473 185
473 192
473 195
473 202
473 289
473 438
473 454
473 487
474 41
474 347
474 356
474 390
474 424
474 429
474 443
474 453
474 471
474 483
474 492
474 493
474 495
474 498
474 500
475 37
475 128
475 165
475 269
475 325
475 366
475 437
475 440
475 462
475 468
475 469
475 479
475 484
475 489
475 498
476 1
476 5
476 294
476 298
476 383
476 392
476 419
476 447
476 463
476 470
476 478
476 480
476 482
476 484
476 485
476 493
477 10
477 14
477 18
477 97
477 268
477 281
477 313
477 314
477 406
477 445
477 454
477 461
477 466
477 469
477 470
477 485
478 46
478 80
478 96
478 156
478 198
478 329
478 330
478 349
478 405
478 428
478 430
478 463
478 476
478 480
478 482
478 484
479 384
479 396
479 441
479 468
479 469
479 475
479 484
479 487
479 496
479 497
479 498
479 499
480 55
480 78
480 103
480 117
480 171
480 333
480 349
480 356
480 463
480 476
480 478
480 481
480 482
480 489
480 493
480 497
481 6
481 37
481 39
481 75
481 162
481 172
481 222
481 259
481 350
481 415
481 438
481 447
481 460
481 480
481 490
481 500
482 1
482 5
482 107
482 138
482 179
482 260
482 383
482 463
482 476
482 478
482 480
482 484
482 485
482 486
482 494
482 495
483 169
483 229
483 439
483 441
483 446
483 455
483 458
483 468
483 469
483 471
483 474
483 486
483 492
483 496
483 497
483 498
484 365
484 377
484 389
484 439
484 441
484 458
484 463
484 469
484 470
484 475
484 476
484 478
484 479
484 482
484 494
484 498
485 282
485 358
485 380
485 383
485 392
485 419
485 445
485 447
485 454
485 466
485 469
485 476
485 477
485 482
485 488
485 491
486 138
486 191
486 216
486 282
486 314
486 380
486 383
486 419
486 455
486 471
486 482
486 483
486 487
486 492
486 496
486 497
486 498
487 79
487 101
487 115
487 160
487 249
487 291
487 408
487 449
487 455
487 473
487 479
487 486
487 496
487 497
487 499
488 10
488 14
488 152
488 178
488 211
488 236
488 274
488 314
488 318
488 383
488 406
488 454
488 469
488 470
488 472
488 485
488 491
488 497
489 23
489 98
489 158
489 170
489 187
489 189
489 213
489 237
489 321
489 349
489 350
489 381
489 391
489 406
489 462
489 475
489 480
489 491
490 152
490 166
490 178
490 181
490 187
490 211
490 232
490 236
490 274
490 305
490 360
490 361
490 365
490 373
490 406
490 448
490 465
490 481
491 49
491 74
491 103
491 184
491 189
491 244
491 261
491 303
491 320
491 418
491 454
491 462
491 469
491 470
491 485
491 488
491 489
491 494
492 16
492 62
492 140
492 219
492 235
492 276
492 330
492 331
492 352
492 367
492 398
492 455
492 471
492 474
492 483
492 486
492 496
492 498
492 500
493 59
493 78
493 84
493 117
493 190
493 317
493 333
493 350
493 370
493 439
493 442
493 471
493 474
493 476
493 480
493 495
493 497
493 498
493 500
494 13
494 53
494 106
494 254
494 298
494 300
494 310
494 315
494 348
494 366
494 422
494 442
494 444
494 455
494 463
494 470
494 482
494 484
494 491
494 500
495 54
495 65
495 129
495 136
495 148
495 165
495 180
495 234
495 258
495 319
495 343
495 432
495 439
495 442
495 445
495 474
495 482
495 493
495 498
495 500
496 41
496 218
496 302
496 340
496 346
496 347
496 356
496 418
496 424
496 439
496 443
496 453
496 455
496 479
496 483
496 486
496 487
496 492
496 497
496 499
497 117
497 133
497 171
497 190
497 204
497 233
497 295
497 317
497 370
497 455
497 479
497 480
497 483
497 486
497 487
497 488
497 493
497 496
497 499
498 25
498 141
498 173
498 263
498 309
498 396
498 446
498 459
498 468
498 469
498 471
498 474
498 475
498 479
498 483
498 484
498 486
498 492
498 493
498 495
498 500
499 58
499 111
499 193
499 237
499 267
499 301
499 307
499 311
499 366
499 372
499 392
499 395
499 448
499 455
499 479
499 487
499 496
499 497
500 33
500 35
500 113
500 217
500 243
500 286
500 292
500 327
500 334
500 335
500 425
500 442
500 450
500 471
500 474
500 481
500 492
500 493
500 494
500 495
500 498
