1 31
1 220
1 279
1 363
1 497
2 9
2 132
2 298
2 478
2 493
3 228
3 299
3 307
3 400
3 470
4 86
4 278
4 371
4 434
4 483
5 98
5 223
5 439
5 473
5 497
6 148
6 203
6 371
6 429
6 482
7 197
7 247
7 324
7 446
7 476
8 155
8 174
8 222
8 360
8 461
9 2
9 156
9 290
9 441
9 489
10 322
10 357
10 408
10 445
10 462
11 90
11 207
11 265
11 401
11 488
12 96
12 245
12 266
12 402
12 424
13 31
13 47
13 106
13 111
13 373
14 105
14 227
14 370
14 474
14 483
15 119
15 317
15 325
15 336
15 388
16 317
16 393
16 421
16 446
16 472
17 176
17 244
17 282
17 337
17 499
18 25
18 294
18 371
18 423
18 498
19 286
19 427
19 473
19 491
19 492
20 75
20 233
20 253
20 352
20 487
21 353
21 451
21 461
21 472
21 483
22 63
22 174
22 185
22 207
22 271
23 248
23 249
23 384
23 438
23 449
24 35
24 254
24 379
24 431
24 441
25 18
25 43
25 403
25 429
25 438
26 354
26 442
26 471
26 486
26 487
27 187
27 212
27 341
27 475
27 497
28 51
28 62
28 143
28 323
28 384
29 160
29 213
29 361
29 393
29 498
30 157
30 199
30 234
30 379
30 471
31 1
31 13
31 113
31 345
31 413
32 205
32 251
32 440
32 473
32 495
33 39
33 98
33 219
33 434
33 466
34 67
34 297
34 343
34 434
34 452
35 24
35 138
35 245
35 430
35 494
36 215
36 391
36 414
36 424
36 460
37 143
37 312
37 361
37 420
37 428
38 246
38 252
38 341
38 384
38 452
39 33
39 76
39 130
39 182
39 470
40 101
40 160
40 203
40 409
40 455
41 57
41 187
41 283
41 405
41 459
42 171
42 218
42 295
42 395
42 438
43 25
43 253
43 286
43 377
43 402
44 316
44 465
44 466
44 490
44 495
45 156
45 272
45 350
45 438
45 452
46 83
46 193
46 308
46 328
46 424
47 13
47 66
47 172
47 214
47 497
48 74
48 240
48 253
48 260
48 392
49 323
49 367
49 385
49 421
49 428
50 82
50 292
50 327
50 370
50 430
51 28
51 261
51 267
51 387
51 458
52 126
52 198
52 395
52 426
52 488
53 62
53 191
53 193
53 419
53 491
54 170
54 189
54 268
54 374
54 405
55 85
55 353
55 355
55 432
55 473
56 183
56 308
56 439
56 466
56 482
57 41
57 328
57 397
57 464
57 490
58 139
58 242
58 452
58 454
58 466
59 92
59 440
59 444
59 491
59 497
60 314
60 439
60 474
60 477
60 478
61 327
61 427
61 440
61 457
61 492
62 28
62 53
62 104
62 403
62 422
63 22
63 257
63 272
63 356
63 390
64 179
64 228
64 339
64 384
64 496
65 71
65 216
65 342
65 395
65 486
66 47
66 117
66 464
66 481
66 494
67 34
67 228
67 361
67 376
67 432
68 241
68 254
68 276
68 425
68 496
69 297
69 305
69 338
69 485
69 487
70 234
70 289
70 313
70 425
70 498
71 65
71 87
71 315
71 379
71 430
72 125
72 142
72 335
72 345
72 421
73 264
73 276
73 344
73 349
73 359
74 48
74 219
74 372
74 379
74 494
75 20
75 350
75 412
75 418
75 452
76 39
76 256
76 396
76 479
76 493
77 154
77 353
77 398
77 466
77 473
78 124
78 133
78 159
78 420
78 489
79 163
79 227
79 388
79 482
79 484
80 142
80 312
80 369
80 439
80 483
81 286
81 301
81 460
81 466
81 499
82 50
82 340
82 456
82 461
82 478
83 46
83 92
83 205
83 332
83 448
84 93
84 375
84 418
84 423
84 489
85 55
85 336
85 349
85 456
85 475
86 4
86 155
86 207
86 216
86 460
87 71
87 171
87 266
87 330
87 383
88 116
88 299
88 398
88 479
88 486
89 200
89 229
89 404
89 459
89 461
90 11
90 188
90 402
90 471
90 484
91 92
91 114
91 199
91 238
91 462
92 59
92 83
92 91
92 342
92 497
93 84
93 148
93 217
93 337
93 409
94 270
94 397
94 470
94 479
94 490
95 179
95 319
95 353
95 382
95 446
96 12
96 388
96 414
96 443
96 450
97 149
97 202
97 277
97 406
97 459
98 5
98 33
98 101
98 285
98 496
99 143
99 345
99 377
99 423
99 437
100 132
100 382
100 453
100 463
100 495
101 40
101 98
101 167
101 181
101 392
102 140
102 287
102 366
102 485
102 498
103 368
103 374
103 411
103 423
103 472
104 62
104 132
104 346
104 370
104 412
105 14
105 191
105 250
105 317
105 397
106 13
106 161
106 406
106 439
106 495
107 118
107 175
107 226
107 292
107 353
108 116
108 281
108 390
108 490
108 491
109 185
109 329
109 365
109 440
109 443
110 137
110 279
110 470
110 472
110 476
111 13
111 285
111 324
111 364
111 429
112 183
112 290
112 386
112 424
112 465
113 31
113 279
113 284
113 438
113 488
114 91
114 381
114 405
114 458
114 460
115 131
115 363
115 393
115 454
115 469
116 88
116 108
116 313
116 463
116 477
117 66
117 128
117 393
117 469
117 487
118 107
118 246
118 311
118 409
118 465
119 15
119 129
119 434
119 441
119 447
120 202
120 293
120 366
120 386
120 444
121 213
121 244
121 277
121 278
121 455
122 268
122 282
122 412
122 440
122 451
123 131
123 141
123 252
123 390
123 466
124 78
124 370
124 396
124 463
124 498
125 72
125 244
125 320
125 371
125 495
126 52
126 263
126 269
126 438
126 466
127 167
127 235
127 452
127 459
127 487
128 117
128 180
128 300
128 338
128 391
129 119
129 254
129 400
129 440
129 454
130 39
130 255
130 340
130 367
130 488
131 115
131 123
131 139
131 378
131 497
132 2
132 100
132 104
132 474
132 499
133 78
133 215
133 274
133 355
133 494
134 184
134 314
134 398
134 431
134 436
135 318
135 345
135 367
135 387
135 488
136 145
136 206
136 236
136 358
136 465
137 110
137 231
137 437
137 458
137 493
138 35
138 254
138 272
138 404
138 499
139 58
139 131
139 416
139 432
139 500
140 102
140 304
140 432
140 435
140 481
141 123
141 315
141 322
141 472
141 485
142 72
142 80
142 316
142 342
142 370
143 28
143 37
143 99
143 399
143 459
144 356
144 477
144 478
144 496
144 499
145 136
145 250
145 413
145 422
145 476
146 168
146 303
146 304
146 418
146 481
147 184
147 264
147 346
147 417
147 469
148 6
148 93
148 272
148 457
148 480
149 97
149 190
149 306
149 378
149 455
150 230
150 292
150 443
150 488
150 489
151 193
151 295
151 336
151 387
151 470
152 270
152 435
152 443
152 484
152 485
153 171
153 179
153 385
153 404
153 407
154 77
154 162
154 201
154 433
154 440
155 8
155 86
155 366
155 394
155 486
156 9
156 45
156 188
156 269
156 458
157 30
157 243
157 358
157 387
157 473
158 177
158 362
158 387
158 427
158 492
159 78
159 385
159 450
159 495
159 499
160 29
160 40
160 212
160 234
160 478
161 106
161 259
161 447
161 458
161 481
162 154
162 238
162 384
162 468
162 470
163 79
163 170
163 182
163 333
163 471
164 320
164 341
164 344
164 396
164 489
165 332
165 419
165 453
165 467
165 478
166 172
166 435
166 465
166 487
166 490
167 101
167 127
167 241
167 327
167 500
168 146
168 225
168 248
168 377
168 380
169 264
169 295
169 395
169 490
169 494
170 54
170 163
170 259
170 429
170 472
171 42
171 87
171 153
171 224
171 266
171 462
172 47
172 166
172 183
172 276
172 469
172 488
173 176
173 362
173 379
173 422
173 434
173 483
174 8
174 22
174 303
174 459
174 463
174 488
175 107
175 179
175 324
175 347
175 377
175 485
176 17
176 173
176 230
176 334
176 337
176 413
177 158
177 195
177 327
177 397
177 421
177 498
178 237
178 355
178 362
178 392
178 394
178 415
179 64
179 95
179 153
179 175
179 388
179 484
180 128
180 231
180 235
180 306
180 413
180 451
181 101
181 239
181 277
181 359
181 389
181 397
182 39
182 163
182 220
182 294
182 325
182 461
183 56
183 112
183 172
183 331
183 405
183 488
184 134
184 147
184 257
184 278
184 306
184 453
185 22
185 109
185 250
185 394
185 398
185 400
186 249
186 277
186 351
186 449
186 463
186 480
187 27
187 41
187 314
187 344
187 348
187 383
188 90
188 156
188 313
188 320
188 331
188 471
189 54
189 271
189 288
189 343
189 406
189 480
190 149
190 233
190 399
190 445
190 449
190 495
191 53
191 105
191 403
191 427
191 432
191 436
192 311
192 337
192 356
192 394
192 445
192 484
193 46
193 53
193 151
193 453
193 477
193 490
194 232
194 251
194 275
194 341
194 437
194 499
195 177
195 265
195 396
195 455
195 481
195 500
196 197
196 311
196 344
196 382
196 407
196 491
197 7
197 196
197 275
197 305
197 344
197 387
198 52
198 216
198 346
198 386
198 459
198 475
199 30
199 91
199 248
199 334
199 484
199 498
200 89
200 205
200 356
200 400
200 453
200 469
201 154
201 338
201 404
201 474
201 480
201 499
202 97
202 120
202 336
202 404
202 408
202 486
203 6
203 40
203 314
203 417
203 458
203 477
204 316
204 325
204 352
204 353
204 368
204 454
205 32
205 83
205 200
205 293
205 412
205 435
206 136
206 273
206 294
206 325
206 422
206 427
207 11
207 22
207 86
207 376
207 454
207 484
208 233
208 321
208 453
208 468
208 475
208 480
209 244
209 251
209 271
209 409
209 449
209 480
210 310
210 313
210 350
210 360
210 399
210 408
211 283
211 311
211 452
211 462
211 465
211 490
212 27
212 160
212 252
212 321
212 492
212 495
213 29
213 121
213 247
213 249
213 475
213 477
214 47
214 280
214 315
214 324
214 333
214 468
215 36
215 133
215 339
215 392
215 408
215 429
216 65
216 86
216 198
216 241
216 412
216 485
217 93
217 227
217 309
217 318
217 380
217 382
218 42
218 324
218 364
218 400
218 446
218 483
219 33
219 74
219 243
219 316
219 323
219 382
220 1
220 182
220 221
220 239
220 327
220 490
221 220
221 351
221 381
221 410
221 437
221 485
222 8
222 378
222 405
222 439
222 442
222 489
223 5
223 328
223 340
223 348
223 443
223 490
224 171
224 273
224 294
224 371
224 454
224 494
225 168
225 265
225 365
225 458
225 482
225 499
226 107
226 229
226 363
226 400
226 442
226 472
227 14
227 79
227 217
227 268
227 463
227 498
228 3
228 64
228 67
228 322
228 417
228 479
229 89
229 226
229 383
229 424
229 428
229 442
230 150
230 176
230 284
230 366
230 433
230 467
231 137
231 180
231 298
231 349
231 401
231 445
232 194
232 379
232 402
232 442
232 466
232 490
233 20
233 190
233 208
233 258
233 314
233 358
234 30
234 70
234 160
234 425
234 456
234 482
235 127
235 180
235 241
235 339
235 426
235 499
236 136
236 237
236 326
236 337
236 340
236 442
237 178
237 236
237 242
237 303
237 455
237 496
238 91
238 162
238 348
238 395
238 407
238 456
239 181
239 220
239 317
239 322
239 405
239 473
240 48
240 269
240 286
240 292
240 456
240 475
241 68
241 167
241 216
241 235
241 332
241 494
242 58
242 237
242 291
242 306
242 378
242 424
243 157
243 219
243 401
243 454
243 476
243 493
244 17
244 121
244 125
244 209
244 416
244 489
245 12
245 35
245 252
245 421
245 422
245 461
246 38
246 118
246 398
246 407
246 421
246 469
247 7
247 213
247 327
247 339
247 463
247 482
248 23
248 168
248 199
248 284
248 331
248 492
249 23
249 186
249 213
249 418
249 464
249 487
250 105
250 145
250 185
250 342
250 390
250 446
251 32
251 194
251 209
251 286
251 351
251 495
252 38
252 123
252 212
252 245
252 370
252 431
253 20
253 43
253 48
253 368
253 408
253 477
254 24
254 68
254 129
254 138
254 328
254 340
255 130
255 288
255 312
255 360
255 459
255 487
256 76
256 331
256 360
256 408
256 411
256 429
257 63
257 184
257 349
257 352
257 493
257 496
258 233
258 367
258 389
258 429
258 482
258 492
259 161
259 170
259 366
259 407
259 488
259 496
260 48
260 367
260 408
260 436
260 473
260 484
261 51
261 276
261 322
261 406
261 417
261 486
262 297
262 364
262 384
262 411
262 428
262 431
263 126
263 288
263 403
263 419
263 441
263 480
264 73
264 147
264 169
264 401
264 488
264 498
265 11
265 195
265 225
265 404
265 443
265 486
266 12
266 87
266 171
266 468
266 495
266 500
267 51
267 280
267 339
267 351
267 372
267 448
268 54
268 122
268 227
268 370
268 432
268 475
268 490
269 126
269 156
269 240
269 288
269 345
269 346
269 464
270 94
270 152
270 423
270 439
270 443
270 473
270 484
271 22
271 189
271 209
271 302
271 320
271 472
271 495
272 45
272 63
272 138
272 148
272 425
272 470
272 499
273 206
273 224
273 419
273 452
273 473
273 483
273 498
274 133
274 313
274 365
274 452
274 456
274 483
274 486
275 194
275 197
275 285
275 342
275 380
275 458
275 480
276 68
276 73
276 172
276 261
276 288
276 318
276 492
277 97
277 121
277 181
277 186
277 383
277 423
277 462
278 4
278 121
278 184
278 304
278 433
278 489
278 490
279 1
279 110
279 113
279 300
279 402
279 447
279 487
280 214
280 267
280 289
280 292
280 325
280 351
280 449
281 108
281 321
281 329
281 330
281 347
281 414
281 441
282 17
282 122
282 294
282 320
282 435
282 442
282 477
283 41
283 211
283 330
283 346
283 352
283 425
283 469
284 113
284 230
284 248
284 425
284 468
284 490
284 491
285 98
285 111
285 275
285 304
285 381
285 415
285 445
286 19
286 43
286 81
286 240
286 251
286 418
286 459
287 102
287 355
287 441
287 448
287 479
287 480
287 486
288 189
288 255
288 263
288 269
288 276
288 357
288 436
289 70
289 280
289 335
289 339
289 386
289 443
289 450
290 9
290 112
290 340
290 359
290 465
290 474
290 477
291 242
291 298
291 411
291 448
291 451
291 476
291 486
292 50
292 107
292 150
292 240
292 280
292 329
292 482
293 120
293 205
293 302
293 369
293 418
293 432
293 491
294 18
294 182
294 206
294 224
294 282
294 484
294 496
295 42
295 151
295 169
295 317
295 336
295 365
295 465
296 300
296 323
296 330
296 377
296 415
296 438
296 492
297 34
297 69
297 262
297 478
297 481
297 498
297 500
298 2
298 231
298 291
298 332
298 407
298 450
298 495
299 3
299 88
299 300
299 306
299 393
299 421
299 461
300 128
300 279
300 296
300 299
300 333
300 380
300 450
301 81
301 338
301 359
301 375
301 444
301 454
301 491
302 271
302 293
302 368
302 370
302 375
302 469
302 472
303 146
303 174
303 237
303 331
303 383
303 497
303 499
304 140
304 146
304 278
304 285
304 310
304 311
304 456
305 69
305 197
305 317
305 349
305 381
305 464
305 499
306 149
306 180
306 184
306 242
306 299
306 309
306 485
307 3
307 363
307 376
307 407
307 457
307 474
307 488
308 46
308 56
308 312
308 372
308 421
308 466
308 500
309 217
309 306
309 311
309 328
309 429
309 439
309 493
310 210
310 304
310 316
310 432
310 493
310 494
310 498
311 118
311 192
311 196
311 211
311 304
311 309
311 434
312 37
312 80
312 255
312 308
312 342
312 457
312 489
313 70
313 116
313 188
313 210
313 274
313 343
313 444
314 60
314 134
314 187
314 203
314 233
314 416
314 489
315 71
315 141
315 214
315 330
315 398
315 429
315 476
316 44
316 142
316 204
316 219
316 310
316 488
316 498
317 15
317 16
317 105
317 239
317 295
317 305
317 473
318 135
318 217
318 276
318 366
318 386
318 414
318 497
319 95
319 430
319 446
319 448
319 478
319 493
319 500
320 125
320 164
320 188
320 271
320 282
320 459
320 476
321 208
321 212
321 281
321 335
321 389
321 402
321 460
322 10
322 141
322 228
322 239
322 261
322 447
322 461
323 28
323 49
323 219
323 296
323 392
323 428
323 442
324 7
324 111
324 175
324 214
324 218
324 331
324 478
325 15
325 182
325 204
325 206
325 280
325 454
325 479
326 236
326 420
326 427
326 467
326 484
326 487
326 496
327 50
327 61
327 167
327 177
327 220
327 247
327 333
327 485
328 46
328 57
328 223
328 254
328 309
328 450
328 477
328 495
329 109
329 281
329 292
329 410
329 414
329 457
329 464
329 477
330 87
330 281
330 283
330 296
330 315
330 397
330 470
330 491
331 183
331 188
331 248
331 256
331 303
331 324
331 361
331 433
332 83
332 165
332 241
332 298
332 360
332 448
332 458
332 500
333 163
333 214
333 300
333 327
333 371
333 415
333 436
333 494
334 176
334 199
334 363
334 373
334 397
334 457
334 475
334 478
335 72
335 289
335 321
335 336
335 346
335 401
335 448
335 487
336 15
336 85
336 151
336 202
336 295
336 335
336 363
336 417
337 17
337 93
337 176
337 192
337 236
337 359
337 375
337 495
338 69
338 128
338 201
338 301
338 420
338 469
338 484
338 490
339 64
339 215
339 235
339 247
339 267
339 289
339 380
339 462
340 82
340 130
340 223
340 236
340 254
340 290
340 462
340 494
341 27
341 38
341 164
341 194
341 392
341 424
341 451
341 470
342 65
342 92
342 142
342 250
342 275
342 312
342 427
342 469
343 34
343 189
343 313
343 396
343 458
343 484
343 489
343 491
344 73
344 164
344 187
344 196
344 197
344 376
344 387
344 431
345 31
345 72
345 99
345 135
345 269
345 391
345 472
345 482
346 104
346 147
346 198
346 269
346 283
346 335
346 347
346 348
347 175
347 281
347 346
347 372
347 409
347 436
347 463
347 491
348 187
348 223
348 238
348 346
348 362
348 366
348 402
348 486
349 73
349 85
349 231
349 257
349 305
349 419
349 424
349 486
350 45
350 75
350 210
350 363
350 385
350 440
350 475
350 480
351 186
351 221
351 251
351 267
351 280
351 361
351 466
351 479
352 20
352 204
352 257
352 283
352 431
352 460
352 463
352 468
353 21
353 55
353 77
353 95
353 107
353 204
353 354
353 500
354 26
354 353
354 357
354 376
354 385
354 389
354 459
354 477
355 55
355 133
355 178
355 287
355 370
355 394
355 451
355 496
356 63
356 144
356 192
356 200
356 416
356 419
356 488
356 494
357 10
357 288
357 354
357 380
357 412
357 415
357 475
357 489
358 136
358 157
358 233
358 378
358 383
358 442
358 464
358 467
359 73
359 181
359 290
359 301
359 337
359 393
359 413
359 469
359 491
360 8
360 210
360 255
360 256
360 332
360 391
360 433
360 467
360 483
361 29
361 37
361 67
361 331
361 351
361 471
361 474
361 491
361 497
362 158
362 173
362 178
362 348
362 364
362 438
362 442
362 456
362 491
363 1
363 115
363 226
363 307
363 334
363 336
363 350
363 426
363 486
364 111
364 218
364 262
364 362
364 365
364 372
364 427
364 435
364 483
365 109
365 225
365 274
365 295
365 364
365 388
365 424
365 452
365 453
366 102
366 120
366 155
366 230
366 259
366 318
366 348
366 420
366 493
367 49
367 130
367 135
367 258
367 260
367 422
367 451
367 462
367 470
368 103
368 204
368 253
368 302
368 373
368 399
368 411
368 412
368 446
369 80
369 293
369 383
369 405
369 450
369 460
369 464
369 484
369 489
370 14
370 50
370 104
370 124
370 142
370 252
370 268
370 302
370 355
371 4
371 6
371 18
371 125
371 224
371 333
371 426
371 447
371 482
372 74
372 267
372 308
372 347
372 364
372 374
372 417
372 446
372 473
373 13
373 334
373 368
373 376
373 413
373 430
373 441
373 499
373 500
374 54
374 103
374 372
374 382
374 385
374 440
374 468
374 471
374 478
375 84
375 301
375 302
375 337
375 404
375 464
375 466
375 468
375 497
376 67
376 207
376 307
376 344
376 354
376 373
376 423
376 441
376 499
377 43
377 99
377 168
377 175
377 296
377 393
377 403
377 414
377 421
378 131
378 149
378 222
378 242
378 358
378 382
378 438
378 482
378 500
379 24
379 30
379 71
379 74
379 173
379 232
379 426
379 457
379 474
380 168
380 217
380 275
380 300
380 339
380 357
380 451
380 493
380 497
381 114
381 221
381 285
381 305
381 387
381 393
381 438
381 457
381 468
382 95
382 100
382 196
382 217
382 219
382 374
382 378
382 417
382 434
383 87
383 187
383 229
383 277
383 303
383 358
383 369
383 430
383 485
384 23
384 28
384 38
384 64
384 162
384 262
384 413
384 458
384 465
385 49
385 153
385 159
385 350
385 354
385 374
385 425
385 478
385 483
385 495
386 112
386 120
386 198
386 289
386 318
386 407
386 408
386 447
386 469
386 496
387 51
387 135
387 151
387 157
387 158
387 197
387 344
387 381
387 452
387 494
388 15
388 79
388 96
388 179
388 365
388 419
388 437
388 442
388 456
388 482
389 181
389 258
389 321
389 354
389 395
389 432
389 433
389 439
389 445
389 498
390 63
390 108
390 123
390 250
390 428
390 435
390 436
390 458
390 472
390 483
391 36
391 128
391 345
391 360
391 464
391 465
391 467
391 474
391 499
391 500
392 48
392 101
392 178
392 215
392 323
392 341
392 423
392 448
392 454
392 465
393 16
393 29
393 115
393 117
393 299
393 359
393 377
393 381
393 396
393 403
394 155
394 178
394 185
394 192
394 355
394 397
394 399
394 415
394 455
394 498
395 42
395 52
395 65
395 169
395 238
395 389
395 428
395 445
395 458
395 499
396 76
396 124
396 164
396 195
396 343
396 393
396 399
396 449
396 487
396 496
397 57
397 94
397 105
397 177
397 181
397 330
397 334
397 394
397 456
397 471
398 77
398 88
398 134
398 185
398 246
398 315
398 429
398 433
398 437
398 474
399 143
399 190
399 210
399 368
399 394
399 396
399 414
399 427
399 488
399 494
400 3
400 129
400 185
400 200
400 218
400 226
400 401
400 420
400 437
400 485
401 11
401 231
401 243
401 264
401 335
401 400
401 416
401 476
401 481
401 485
402 12
402 43
402 90
402 232
402 279
402 321
402 348
402 441
402 443
402 485
403 25
403 62
403 191
403 263
403 377
403 393
403 404
403 481
403 485
403 486
404 89
404 138
404 153
404 201
404 202
404 265
404 375
404 403
404 430
404 492
405 41
405 54
405 114
405 183
405 222
405 239
405 369
405 419
405 451
405 481
406 97
406 106
406 189
406 261
406 407
406 410
406 435
406 453
406 493
406 496
407 153
407 196
407 238
407 246
407 259
407 298
407 307
407 386
407 406
407 450
408 10
408 202
408 210
408 215
408 253
408 256
408 260
408 386
408 475
408 488
409 40
409 93
409 118
409 209
409 347
409 414
409 419
409 426
409 462
409 498
410 221
410 329
410 406
410 411
410 414
410 447
410 454
410 465
410 467
410 496
411 103
411 256
411 262
411 291
411 368
411 410
411 413
411 445
411 480
411 492
412 75
412 104
412 122
412 205
412 216
412 357
412 368
412 425
412 437
412 496
413 31
413 145
413 176
413 180
413 359
413 373
413 384
413 411
413 443
413 488
414 36
414 96
414 281
414 318
414 329
414 377
414 399
414 409
414 410
414 457
415 178
415 285
415 296
415 333
415 357
415 394
415 435
415 443
415 467
415 468
416 139
416 244
416 314
416 356
416 401
416 426
416 430
416 492
416 498
416 499
417 147
417 203
417 228
417 261
417 336
417 372
417 382
417 418
417 463
417 499
418 75
418 84
418 146
418 249
418 286
418 293
418 417
418 436
418 442
418 449
418 461
419 53
419 165
419 263
419 273
419 349
419 356
419 388
419 405
419 409
419 444
419 467
420 37
420 78
420 326
420 338
420 366
420 400
420 440
420 461
420 467
420 475
420 491
421 16
421 49
421 72
421 177
421 245
421 246
421 299
421 308
421 377
421 428
421 460
422 62
422 145
422 173
422 206
422 245
422 367
422 423
422 427
422 431
422 476
422 497
423 18
423 84
423 99
423 103
423 270
423 277
423 376
423 392
423 422
423 434
423 482
424 12
424 36
424 46
424 112
424 229
424 242
424 341
424 349
424 365
424 456
424 498
425 68
425 70
425 234
425 272
425 283
425 284
425 385
425 412
425 456
425 481
425 493
426 52
426 235
426 363
426 371
426 379
426 409
426 416
426 435
426 436
426 442
426 490
427 19
427 61
427 158
427 191
427 206
427 326
427 342
427 364
427 399
427 422
427 457
428 37
428 49
428 229
428 262
428 323
428 390
428 395
428 421
428 449
428 494
428 495
429 6
429 25
429 111
429 170
429 215
429 256
429 258
429 309
429 315
429 398
429 444
430 35
430 50
430 71
430 319
430 373
430 383
430 404
430 416
430 441
430 451
430 455
431 24
431 134
431 252
431 262
431 344
431 352
431 422
431 434
431 451
431 486
431 495
432 55
432 67
432 139
432 140
432 191
432 268
432 293
432 310
432 389
432 448
432 480
433 154
433 230
433 278
433 331
433 360
433 389
433 398
433 444
433 453
433 470
433 493
434 4
434 33
434 34
434 119
434 173
434 311
434 382
434 423
434 431
434 476
434 479
434 497
435 140
435 152
435 166
435 205
435 282
435 364
435 390
435 406
435 415
435 426
435 446
435 492
436 134
436 191
436 260
436 288
436 333
436 347
436 390
436 418
436 426
436 441
436 455
436 475
437 99
437 137
437 194
437 221
437 388
437 398
437 400
437 412
437 445
437 462
437 464
437 497
438 23
438 25
438 42
438 45
438 113
438 126
438 296
438 362
438 378
438 381
438 467
438 478
439 5
439 56
439 60
439 80
439 106
439 222
439 270
439 309
439 389
439 455
439 461
439 463
440 32
440 59
440 61
440 109
440 122
440 129
440 154
440 350
440 374
440 420
440 448
440 470
441 9
441 24
441 119
441 263
441 281
441 287
441 373
441 376
441 402
441 430
441 436
441 447
441 478
442 26
442 222
442 226
442 229
442 232
442 236
442 282
442 323
442 358
442 362
442 388
442 418
442 426
443 96
443 109
443 150
443 152
443 223
443 265
443 270
443 289
443 402
443 413
443 415
443 448
443 479
444 59
444 120
444 301
444 313
444 419
444 429
444 433
444 457
444 460
444 463
444 472
444 473
444 474
445 10
445 190
445 192
445 231
445 285
445 389
445 395
445 411
445 437
445 469
445 485
445 486
445 492
446 7
446 16
446 95
446 218
446 250
446 319
446 368
446 372
446 435
446 455
446 463
446 474
446 483
447 119
447 161
447 279
447 322
447 371
447 386
447 410
447 441
447 471
447 472
447 496
447 497
447 500
448 83
448 267
448 287
448 291
448 319
448 332
448 335
448 392
448 432
448 440
448 443
448 450
448 500
449 23
449 186
449 190
449 209
449 280
449 396
449 418
449 428
449 466
449 468
449 473
449 485
449 500
450 96
450 159
450 289
450 298
450 300
450 328
450 369
450 407
450 448
450 459
450 476
450 478
450 492
451 21
451 122
451 180
451 291
451 341
451 355
451 367
451 380
451 405
451 430
451 431
451 476
451 479
451 492
452 34
452 38
452 45
452 58
452 75
452 127
452 211
452 273
452 274
452 365
452 387
452 453
452 466
452 485
453 100
453 165
453 184
453 193
453 200
453 208
453 365
453 406
453 433
453 452
453 457
453 479
453 484
453 493
454 58
454 115
454 129
454 204
454 207
454 224
454 243
454 301
454 325
454 392
454 410
454 479
454 482
454 489
455 40
455 121
455 149
455 195
455 237
455 394
455 430
455 436
455 439
455 446
455 468
455 471
455 487
455 492
456 82
456 85
456 234
456 238
456 240
456 274
456 304
456 362
456 388
456 397
456 424
456 425
456 481
456 494
457 61
457 148
457 307
457 312
457 329
457 334
457 379
457 381
457 414
457 427
457 444
457 453
457 459
457 481
458 51
458 114
458 137
458 156
458 161
458 203
458 225
458 275
458 332
458 343
458 384
458 390
458 395
458 491
459 41
459 89
459 97
459 127
459 143
459 174
459 198
459 255
459 286
459 320
459 354
459 450
459 457
459 460
460 36
460 81
460 86
460 114
460 321
460 352
460 369
460 421
460 444
460 459
460 463
460 467
460 479
460 500
461 8
461 21
461 82
461 89
461 182
461 245
461 299
461 322
461 418
461 420
461 439
461 470
461 481
461 489
462 10
462 91
462 171
462 211
462 277
462 339
462 340
462 367
462 409
462 437
462 464
462 465
462 471
462 479
462 484
463 100
463 116
463 124
463 174
463 186
463 227
463 247
463 347
463 352
463 417
463 439
463 444
463 446
463 460
463 499
464 57
464 66
464 249
464 269
464 305
464 329
464 358
464 369
464 375
464 391
464 437
464 462
464 468
464 483
464 497
465 44
465 112
465 118
465 136
465 166
465 211
465 290
465 295
465 384
465 391
465 392
465 410
465 462
465 480
465 484
466 33
466 44
466 56
466 58
466 77
466 81
466 123
466 126
466 232
466 308
466 351
466 375
466 449
466 452
466 475
467 165
467 230
467 326
467 358
467 360
467 391
467 410
467 415
467 419
467 420
467 438
467 460
467 474
467 481
467 496
468 162
468 208
468 214
468 266
468 284
468 352
468 374
468 375
468 381
468 415
468 449
468 455
468 464
468 475
468 492
469 115
469 117
469 147
469 172
469 200
469 246
469 283
469 302
469 338
469 342
469 359
469 386
469 445
469 481
469 487
470 3
470 39
470 94
470 110
470 151
470 162
470 272
470 330
470 341
470 367
470 433
470 440
470 461
470 490
470 493
471 26
471 30
471 90
471 163
471 188
471 361
471 374
471 397
471 447
471 455
471 462
471 476
471 490
471 493
471 494
472 16
472 21
472 103
472 110
472 141
472 170
472 226
472 271
472 302
472 345
472 390
472 444
472 447
472 483
472 485
472 495
473 5
473 19
473 32
473 55
473 77
473 157
473 239
473 260
473 270
473 273
473 317
473 372
473 444
473 449
473 477
473 479
474 14
474 60
474 132
474 201
474 290
474 307
474 361
474 379
474 391
474 398
474 444
474 446
474 467
474 480
474 483
474 490
475 27
475 85
475 198
475 208
475 213
475 240
475 268
475 334
475 350
475 357
475 408
475 420
475 436
475 466
475 468
475 482
476 7
476 110
476 145
476 243
476 291
476 315
476 320
476 401
476 422
476 434
476 450
476 451
476 471
476 484
476 487
476 497
476 498
477 60
477 116
477 144
477 193
477 203
477 213
477 253
477 282
477 290
477 328
477 329
477 354
477 473
477 480
477 494
477 496
477 500
478 2
478 60
478 82
478 144
478 160
478 165
478 297
478 319
478 324
478 334
478 374
478 385
478 438
478 441
478 450
478 486
478 500
479 76
479 88
479 94
479 228
479 287
479 325
479 351
479 434
479 443
479 451
479 453
479 454
479 460
479 462
479 473
479 488
479 489
480 148
480 186
480 189
480 201
480 208
480 209
480 263
480 275
480 287
480 350
480 411
480 432
480 465
480 474
480 477
480 492
480 493
481 66
481 140
481 146
481 161
481 195
481 297
481 401
481 403
481 405
481 425
481 456
481 457
481 461
481 467
481 469
481 496
481 500
482 6
482 56
482 79
482 225
482 234
482 247
482 258
482 292
482 345
482 371
482 378
482 388
482 423
482 454
482 475
482 491
482 493
483 4
483 14
483 21
483 80
483 173
483 218
483 273
483 274
483 360
483 364
483 385
483 390
483 446
483 464
483 472
483 474
483 489
484 79
484 90
484 152
484 179
484 192
484 199
484 207
484 260
484 270
484 294
484 326
484 338
484 343
484 369
484 453
484 462
484 465
484 476
485 69
485 102
485 141
485 152
485 175
485 216
485 221
485 306
485 327
485 383
485 400
485 401
485 402
485 403
485 445
485 449
485 452
485 472
486 26
486 65
486 88
486 155
486 202
486 261
486 265
486 274
486 287
486 291
486 348
486 349
486 363
486 403
486 431
486 445
486 478
486 488
487 20
487 26
487 69
487 117
487 127
487 166
487 249
487 255
487 279
487 326
487 335
487 396
487 455
487 469
487 476
487 491
487 494
487 497
488 11
488 52
488 113
488 130
488 135
488 150
488 172
488 174
488 183
488 259
488 264
488 307
488 316
488 356
488 399
488 408
488 413
488 479
488 486
489 9
489 78
489 84
489 150
489 164
489 222
489 244
489 278
489 312
489 314
489 343
489 357
489 369
489 454
489 461
489 479
489 483
489 492
489 498
490 44
490 57
490 94
490 108
490 166
490 169
490 193
490 211
490 220
490 223
490 232
490 268
490 278
490 284
490 338
490 426
490 470
490 471
490 474
491 19
491 53
491 59
491 108
491 196
491 284
491 293
491 301
491 330
491 343
491 347
491 359
491 361
491 362
491 420
491 458
491 482
491 487
491 497
492 19
492 61
492 158
492 212
492 248
492 258
492 276
492 296
492 404
492 411
492 416
492 435
492 445
492 450
492 451
492 455
492 468
492 480
492 489
493 2
493 76
493 137
493 243
493 257
493 309
493 310
493 319
493 366
493 380
493 406
493 425
493 433
493 453
493 470
493 471
493 480
493 482
493 495
493 499
494 35
494 66
494 74
494 133
494 169
494 224
494 241
494 310
494 333
494 340
494 356
494 387
494 399
494 428
494 456
494 471
494 477
494 487
494 496
494 500
495 32
495 44
495 100
495 106
495 125
495 159
495 190
495 212
495 251
495 266
495 271
495 298
495 328
495 337
495 385
495 428
495 431
495 472
495 493
495 500
496 64
496 68
496 98
496 144
496 237
496 257
496 259
496 294
496 326
496 355
496 386
496 396
496 406
496 410
496 412
496 447
496 467
496 477
496 481
496 494
497 1
497 5
497 27
497 47
497 59
497 92
497 131
497 303
497 318
497 361
497 375
497 380
497 422
497 434
497 437
497 447
497 464
497 476
497 487
497 491
498 18
498 29
498 70
498 102
498 124
498 177
498 199
498 227
498 264
498 273
498 297
498 310
498 316
498 389
498 394
498 409
498 416
498 424
498 476
498 489
499 17
499 81
499 132
499 138
499 144
499 159
499 194
499 201
499 225
499 235
499 272
499 303
499 305
499 373
499 376
499 391
499 395
499 416
499 417
499 463
499 493
500 139
500 167
500 195
500 266
500 297
500 308
500 319
500 332
500 353
500 373
500 378
500 391
500 447
500 448
500 449
500 460
500 477
500 478
500 481
500 494
500 495
