1 274
1 310
1 323
1 389
1 417
2 12
2 164
2 254
2 385
2 427
3 228
3 326
3 393
3 492
3 495
4 121
4 122
4 123
4 416
4 456
5 19
5 136
5 172
5 179
5 396
6 348
6 381
6 435
6 484
6 489
7 135
7 138
7 185
7 227
7 324
8 12
8 156
8 168
8 254
8 282
9 11
9 348
9 376
9 456
9 491
10 11
10 137
10 375
10 461
10 492
11 9
11 10
11 238
11 326
11 417
12 2
12 8
12 86
12 256
12 394
13 14
13 15
13 199
13 420
13 488
14 13
14 15
14 16
14 370
14 413
15 13
15 14
15 16
15 402
15 451
16 14
16 15
16 17
16 203
16 408
17 16
17 20
17 74
17 77
17 197
18 60
18 154
18 258
18 408
18 438
19 5
19 136
19 170
19 284
19 373
20 17
20 197
20 406
20 482
20 491
21 79
21 207
21 208
21 283
21 414
22 79
22 258
22 453
22 469
22 487
23 24
23 197
23 367
23 458
23 465
24 23
24 26
24 134
24 301
24 498
25 82
25 86
25 87
25 204
25 374
26 24
26 197
26 301
26 386
26 486
27 29
27 96
27 262
27 301
27 493
28 44
28 53
28 270
28 436
28 475
29 27
29 31
29 76
29 116
29 262
30 119
30 120
30 397
30 496
30 499
31 29
31 32
31 324
31 396
31 424
32 31
32 33
32 433
32 487
32 496
33 32
33 34
33 445
33 468
33 494
34 33
34 35
34 420
34 446
34 452
35 34
35 36
35 38
35 425
35 460
36 35
36 38
36 63
36 344
36 449
37 41
37 360
37 416
37 456
37 480
38 35
38 36
38 41
38 97
38 147
39 146
39 147
39 148
39 496
39 499
40 219
40 227
40 369
40 457
40 483
41 37
41 38
41 227
41 429
41 457
42 48
42 227
42 392
42 484
42 489
43 48
43 227
43 356
43 361
43 471
44 28
44 53
44 209
44 480
44 481
45 46
45 49
45 414
45 457
45 466
46 45
46 49
46 416
46 456
46 500
47 72
47 88
47 104
47 218
47 333
48 42
48 43
48 49
48 394
48 431
49 45
49 46
49 48
49 287
49 470
50 51
50 52
50 455
50 462
50 487
51 50
51 52
51 487
51 489
51 496
52 50
52 51
52 57
52 383
52 405
53 28
53 44
53 179
53 299
53 319
54 59
54 61
54 161
54 167
54 368
55 56
55 63
55 450
55 484
55 489
56 55
56 57
56 63
56 363
56 483
57 52
57 56
57 63
57 468
57 494
58 152
58 156
58 290
58 372
58 476
59 54
59 61
59 330
59 340
59 390
60 18
60 62
60 237
60 292
60 312
61 54
61 59
61 387
61 402
61 451
62 60
62 237
62 292
62 327
62 405
63 36
63 55
63 56
63 57
63 344
64 66
64 237
64 431
64 447
64 498
65 79
65 94
65 167
65 480
65 481
66 64
66 231
66 234
66 250
66 292
67 69
67 114
67 234
67 404
67 460
68 69
68 71
68 109
68 234
68 240
69 67
69 68
69 234
69 265
69 500
70 71
70 217
70 435
70 458
70 465
71 68
71 70
71 138
71 217
71 500
72 47
72 212
72 215
72 336
72 346
73 74
73 75
73 128
73 217
73 496
74 17
74 73
74 75
74 77
74 217
75 73
75 74
75 76
75 196
75 232
76 29
76 75
76 83
76 84
76 111
77 17
77 74
77 187
77 352
77 457
78 249
78 257
78 444
78 445
78 485
79 21
79 22
79 65
79 167
79 453
80 187
80 188
80 195
80 324
80 424
81 165
81 280
81 441
81 478
82 25
82 86
82 130
82 269
82 430
83 76
83 84
83 85
83 284
83 373
84 76
84 83
84 85
84 123
84 487
85 83
85 84
85 377
85 450
85 453
86 12
86 25
86 82
86 447
86 449
87 25
87 88
87 269
87 386
87 486
88 47
88 87
88 91
88 122
88 269
89 90
89 95
89 324
89 404
89 424
90 89
90 91
90 95
90 439
90 486
91 88
91 90
91 95
91 454
91 476
92 110
92 111
92 114
92 453
92 469
93 132
93 171
93 265
93 463
93 478
94 65
94 113
94 125
94 440
94 472
95 89
95 90
95 91
95 377
95 450
96 27
96 97
96 382
96 422
96 493
97 38
97 96
97 100
97 114
97 382
98 263
98 365
98 394
98 458
98 465
99 149
99 151
99 156
99 414
99 429
100 97
100 290
100 337
100 382
100 471
101 112
101 194
101 431
101 464
101 495
102 211
102 290
102 344
102 376
102 379
103 104
103 145
103 344
103 350
103 376
104 47
104 103
104 108
104 109
104 489
105 113
105 167
105 372
105 446
105 452
106 107
106 109
106 450
106 492
106 495
107 106
107 109
107 311
107 417
107 487
108 104
108 109
108 222
108 452
108 491
109 68
109 104
109 106
109 107
109 108
110 92
110 114
110 353
110 374
110 404
111 76
111 92
111 183
111 315
111 477
112 101
112 129
112 194
112 389
112 464
113 94
113 105
113 326
113 355
113 466
114 67
114 92
114 97
114 110
114 315
115 187
115 346
115 361
115 389
115 424
116 29
116 117
116 326
116 334
116 367
117 116
117 213
117 334
117 346
117 499
118 119
118 240
118 285
118 477
118 495
119 30
119 118
119 187
119 240
119 389
120 30
120 240
120 272
120 349
120 485
121 4
121 162
121 192
121 427
121 493
122 4
122 88
122 124
122 185
122 452
123 4
123 84
123 124
123 240
123 487
124 122
124 123
124 231
124 237
124 344
125 94
125 134
125 322
125 466
125 472
126 133
126 164
126 171
126 183
126 313
127 128
127 130
127 131
128 73
128 127
128 131
128 231
128 496
129 112
129 235
129 239
129 243
129 390
130 82
130 127
130 131
130 224
130 231
131 127
131 128
131 130
131 435
131 492
132 93
132 265
132 267
132 319
132 342
133 126
133 177
133 368
133 397
133 439
134 24
134 125
134 141
134 421
134 498
135 7
135 284
135 324
135 328
135 373
136 5
136 19
136 259
136 428
136 474
137 10
137 230
137 252
137 352
137 461
138 7
138 71
138 139
138 324
138 500
139 138
139 142
139 378
139 463
139 478
140 226
140 277
140 278
140 279
140 485
141 134
141 145
141 153
141 299
141 318
142 139
142 323
142 324
142 378
142 470
143 144
143 399
143 468
143 493
143 494
144 143
144 145
144 146
144 194
144 214
145 103
145 141
145 144
145 146
145 490
146 39
146 144
146 145
146 446
146 452
147 38
147 39
147 148
147 149
147 151
148 39
148 147
148 149
148 151
148 497
149 99
149 147
149 148
149 151
149 497
150 158
150 159
150 345
150 372
150 475
151 99
151 147
151 148
151 149
151 200
152 58
152 156
152 416
152 428
152 474
153 141
153 387
153 402
153 451
153 468
154 18
154 230
154 252
154 341
154 426
155 157
155 388
155 394
155 458
155 465
156 8
156 58
156 99
156 152
156 168
157 155
157 263
157 273
157 329
157 430
158 150
158 161
158 297
158 372
158 444
159 150
159 161
159 225
159 260
159 499
160 162
160 273
160 435
160 492
160 495
161 54
161 158
161 159
161 166
161 368
162 121
162 160
162 271
162 296
162 323
163 172
163 259
163 395
163 403
163 469
164 2
164 126
164 182
164 250
164 278
165 81
165 310
165 315
165 337
165 471
166 161
166 168
166 218
166 259
166 500
167 54
167 65
167 79
167 105
167 368
168 8
168 156
168 166
168 259
168 481
169 170
169 172
169 177
169 304
169 361
170 19
170 169
170 172
170 446
170 452
171 93
171 126
171 264
171 397
171 434
172 5
172 163
172 169
172 170
172 469
173 174
173 175
173 255
173 282
173 492
174 173
174 175
174 223
174 255
174 407
175 173
175 174
175 176
175 255
175 282
176 175
176 255
176 439
176 456
176 486
177 133
177 169
177 304
177 368
177 423
177 498
178 189
178 314
178 317
178 321
178 468
178 494
179 5
179 53
179 180
179 250
179 318
179 368
180 179
180 250
180 325
180 331
180 368
180 379
181 272
181 275
181 276
181 441
181 480
181 481
182 164
182 250
182 313
182 435
182 492
182 495
183 111
183 126
183 184
183 313
183 326
183 360
184 183
184 261
184 313
184 314
184 329
184 352
185 7
185 122
185 306
185 319
185 435
185 476
186 201
186 304
186 424
186 444
186 478
186 485
187 77
187 80
187 115
187 119
187 378
187 417
188 80
188 204
188 376
188 401
188 416
188 456
189 178
189 193
189 275
189 314
189 466
189 497
190 204
190 270
190 288
190 408
190 436
190 464
191 198
191 247
191 288
191 347
191 433
191 479
192 121
192 196
192 198
192 206
192 367
192 458
193 189
193 312
193 316
193 454
193 469
193 476
194 101
194 112
194 144
194 245
194 464
194 483
195 80
195 204
195 288
195 352
195 446
195 452
196 75
196 192
196 199
196 223
196 259
196 497
197 17
197 20
197 23
197 26
197 393
197 447
198 191
198 192
198 246
198 316
198 477
198 488
199 13
199 196
199 200
199 223
199 381
199 488
200 151
200 199
200 203
200 223
200 479
200 490
201 186
201 220
201 236
201 242
201 484
201 493
202 211
202 214
202 359
202 436
202 464
202 494
203 16
203 200
203 205
203 206
203 385
203 427
204 25
204 188
204 190
204 195
204 353
204 480
205 203
205 206
205 223
205 247
205 433
205 479
206 192
206 203
206 205
206 271
206 313
206 399
207 21
207 208
207 210
207 414
207 470
207 497
208 21
208 207
208 210
208 412
208 490
208 497
209 44
209 274
209 338
209 342
209 352
209 366
210 207
210 208
210 212
210 302
210 317
210 351
211 102
211 202
211 214
211 325
211 359
211 464
212 72
212 210
212 215
212 418
212 480
212 481
213 117
213 247
213 366
213 443
213 459
213 496
214 144
214 202
214 211
214 216
214 245
214 359
215 72
215 212
215 349
215 357
215 464
215 498
216 214
216 220
216 221
216 359
216 480
216 481
217 70
217 71
217 73
217 74
217 289
217 474
218 47
218 166
218 219
218 258
218 474
218 500
219 40
219 218
219 222
219 234
219 333
219 369
220 201
220 216
220 221
220 236
220 386
220 486
221 216
221 220
221 236
221 310
221 359
221 461
222 108
222 219
222 333
222 340
222 491
222 493
223 174
223 196
223 199
223 200
223 205
223 255
224 130
224 225
224 263
224 430
224 446
224 462
225 159
225 224
225 229
225 340
225 496
225 499
226 140
226 233
226 427
226 445
226 485
226 493
227 7
227 40
227 41
227 42
227 43
227 305
228 3
228 322
228 326
228 375
228 484
228 489
229 225
229 233
229 340
229 392
229 407
229 445
230 137
230 154
230 487
230 496
230 499
230 500
231 66
231 124
231 128
231 130
231 358
231 470
232 75
232 235
232 259
232 412
232 414
232 422
233 226
233 229
233 235
233 267
233 336
233 380
234 66
234 67
234 68
234 69
234 219
234 369
235 129
235 232
235 233
235 362
235 392
235 445
236 201
236 220
236 221
236 241
236 242
236 498
237 60
237 62
237 64
237 124
237 292
237 344
238 11
238 242
238 244
238 245
238 389
238 431
239 129
239 243
239 246
239 373
240 68
240 118
240 119
240 120
240 123
240 305
241 236
241 247
241 401
241 440
241 462
241 498
242 201
242 236
242 238
242 245
242 436
242 475
243 129
243 239
243 246
243 249
243 381
243 488
244 238
244 245
244 248
244 436
244 464
244 493
245 194
245 214
245 238
245 242
245 244
245 248
246 198
246 239
246 243
246 249
246 425
246 488
247 191
247 205
247 213
247 241
247 395
247 459
248 244
248 245
248 257
248 281
248 310
248 461
249 78
249 243
249 246
249 256
249 297
249 444
250 66
250 164
250 179
250 180
250 182
250 307
251 253
251 261
251 482
251 484
251 489
251 500
252 137
252 154
252 258
252 302
252 317
252 351
253 251
253 256
253 261
253 419
253 455
253 462
254 2
254 8
254 311
254 433
254 479
254 490
255 173
255 174
255 175
255 176
255 223
255 462
256 12
256 249
256 253
256 261
256 394
256 431
257 78
257 248
257 281
257 284
257 444
257 451
258 18
258 22
258 218
258 252
258 409
258 500
259 136
259 163
259 166
259 168
259 196
259 232
260 159
260 372
260 436
260 484
260 489
260 493
261 184
261 251
261 253
261 256
261 314
261 430
262 27
262 29
262 301
262 442
262 443
262 498
263 98
263 157
263 224
263 264
263 314
263 394
264 171
264 263
264 394
264 414
264 429
264 457
265 69
265 93
265 132
265 338
265 366
265 462
266 349
266 351
266 415
266 425
266 427
266 460
267 132
267 233
267 270
267 271
267 346
267 380
268 328
268 427
268 448
268 454
268 459
268 476
269 82
269 87
269 88
269 425
269 459
269 460
270 28
270 190
270 267
270 271
270 345
270 497
271 162
271 206
271 267
271 270
271 275
271 296
272 120
272 181
272 275
272 491
272 493
272 498
273 157
273 160
273 386
273 439
273 471
273 486
274 1
274 209
274 310
274 323
274 354
274 490
275 181
275 189
275 271
275 272
275 470
275 497
276 181
276 279
276 316
276 381
276 430
276 488
277 140
277 278
277 280
277 422
277 467
277 494
278 140
278 164
278 277
278 280
278 300
278 385
279 140
279 276
279 280
279 371
279 487
279 499
280 81
280 277
280 278
280 279
280 463
280 478
281 248
281 257
281 284
281 484
281 489
281 497
282 8
282 173
282 175
282 283
282 300
282 308
283 21
283 282
283 300
283 308
283 382
283 453
284 19
284 83
284 135
284 257
284 281
284 287
284 406
285 118
285 334
285 362
285 422
285 450
285 467
285 494
286 294
286 295
286 296
286 299
286 449
286 482
286 489
287 49
287 284
287 406
287 432
287 447
287 470
287 497
288 190
288 191
288 195
288 294
288 448
288 460
288 483
289 217
289 291
289 293
289 406
289 428
289 474
289 490
290 58
290 100
290 102
290 344
290 353
290 382
290 454
291 289
291 293
291 294
291 393
291 394
291 406
291 431
292 60
292 62
292 66
292 237
292 293
292 449
292 482
293 289
293 291
293 292
293 294
293 448
293 449
293 482
294 286
294 288
294 291
294 293
294 295
294 448
295 286
295 294
295 298
295 391
295 404
295 464
295 490
296 162
296 271
296 286
296 299
296 302
296 313
296 444
297 158
297 249
297 345
297 373
297 377
297 379
297 444
298 295
298 303
298 304
298 305
298 307
298 335
298 490
299 53
299 141
299 286
299 296
299 302
299 318
299 444
300 278
300 282
300 283
300 308
300 312
300 408
300 438
301 24
301 26
301 27
301 262
301 333
301 401
301 418
302 210
302 252
302 296
302 299
302 351
302 424
302 444
303 298
303 304
303 305
303 399
303 406
303 424
303 485
304 169
304 177
304 186
304 298
304 303
304 423
304 500
305 227
305 240
305 298
305 303
305 309
305 424
305 426
306 185
306 381
306 395
306 435
306 442
306 443
306 459
307 250
307 298
307 309
307 312
307 415
307 451
307 459
308 282
308 283
308 300
308 442
308 443
309 305
309 307
309 312
309 316
309 398
309 399
309 491
310 1
310 165
310 221
310 248
310 274
310 323
310 461
311 107
311 254
311 347
311 365
311 387
311 417
311 425
312 60
312 193
312 300
312 307
312 309
312 316
312 427
313 126
313 182
313 183
313 184
313 206
313 296
313 367
314 178
314 184
314 189
314 261
314 263
314 317
314 455
315 111
315 114
315 165
315 325
315 337
315 346
315 471
316 193
316 198
316 276
316 309
316 312
316 317
316 488
317 178
317 210
317 252
317 314
317 316
317 321
317 351
318 141
318 179
318 299
318 320
318 403
318 441
318 499
319 53
319 132
319 185
319 367
319 381
319 396
319 420
320 318
320 321
320 403
320 424
320 477
321 178
321 317
321 320
321 369
321 403
322 125
322 228
322 375
322 415
322 437
322 440
322 453
323 1
323 142
323 162
323 274
323 310
323 412
323 470
324 7
324 31
324 80
324 89
324 135
324 138
324 142
325 180
325 211
325 315
325 331
325 361
325 374
325 488
326 3
326 11
326 113
326 116
326 183
326 228
326 381
327 62
327 329
327 383
327 403
327 405
327 471
327 498
328 135
328 268
328 384
328 447
328 463
328 470
328 478
329 157
329 184
329 327
329 330
329 331
329 335
329 430
330 59
330 329
330 331
330 335
330 364
330 403
330 432
331 180
331 325
331 329
331 330
331 335
331 413
331 480
332 339
332 377
332 379
332 380
332 385
332 467
332 494
333 47
333 219
333 222
333 301
333 340
333 401
333 418
334 116
334 117
334 285
334 361
334 395
334 442
334 443
335 298
335 329
335 330
335 331
335 336
335 433
335 479
336 72
336 233
336 335
336 337
336 350
336 380
336 433
337 100
337 165
337 315
337 336
337 350
337 361
337 433
337 454
338 209
338 265
338 350
338 366
338 369
338 373
338 433
338 500
339 332
339 342
339 367
339 396
339 430
339 445
339 467
339 494
340 59
340 222
340 225
340 229
340 333
340 375
340 390
340 432
341 154
341 353
341 354
341 355
341 426
341 439
341 473
341 498
342 132
342 209
342 339
342 350
342 396
342 426
342 430
342 488
343 356
343 360
343 388
343 398
343 426
343 430
343 458
343 465
344 36
344 63
344 102
344 103
344 124
344 237
344 290
344 376
345 150
345 270
345 297
345 369
345 373
345 377
345 379
345 475
346 72
346 115
346 117
346 267
346 315
346 361
346 423
346 459
347 191
347 311
347 365
347 387
347 425
347 437
347 440
347 473
348 6
348 9
348 381
348 420
348 422
348 435
348 467
348 468
349 120
349 215
349 266
349 384
349 415
349 420
349 427
349 498
350 103
350 336
350 337
350 338
350 342
350 396
350 433
350 455
351 210
351 252
351 266
351 302
351 317
351 366
351 395
351 415
352 77
352 137
352 184
352 195
352 209
352 409
352 463
352 500
353 110
353 204
353 290
353 341
353 354
353 355
353 439
353 473
354 274
354 341
354 353
354 355
354 358
354 433
354 439
354 490
355 113
355 341
355 353
355 354
355 358
355 370
355 466
355 483
356 43
356 343
356 357
356 360
356 398
356 419
356 455
356 462
357 215
357 356
357 359
357 360
357 392
357 404
357 420
357 450
358 231
358 354
358 355
358 370
358 371
358 411
358 415
358 459
359 202
359 211
359 214
359 216
359 221
359 357
359 421
359 498
360 37
360 183
360 343
360 356
360 357
360 398
360 466
360 483
361 43
361 115
361 169
361 325
361 334
361 337
361 346
361 471
362 235
362 285
362 374
362 384
362 392
362 445
362 452
362 453
363 56
363 371
363 383
363 388
363 411
363 423
363 466
363 483
364 330
364 365
364 375
364 380
364 385
364 386
364 387
364 432
365 98
365 311
365 347
365 364
365 410
365 419
365 425
365 455
366 209
366 213
366 265
366 338
366 351
366 395
366 399
366 415
367 23
367 116
367 192
367 313
367 319
367 339
367 420
367 426
368 54
368 133
368 161
368 167
368 177
368 179
368 180
368 391
369 40
369 219
369 234
369 321
369 338
369 345
369 373
369 433
370 14
370 355
370 358
370 371
370 379
370 411
370 413
370 495
371 279
371 358
371 363
371 370
371 411
371 423
371 487
371 499
372 58
372 105
372 150
372 158
372 260
372 452
373 19
373 83
373 135
373 239
373 297
373 338
373 345
373 369
374 25
374 110
374 325
374 362
374 413
374 452
374 453
374 476
375 10
375 228
375 322
375 340
375 364
375 390
375 432
375 435
376 9
376 102
376 103
376 188
376 344
376 413
377 85
377 95
377 297
377 332
377 345
377 379
377 384
377 403
378 139
378 142
378 187
378 387
378 399
378 402
378 440
378 451
379 102
379 180
379 297
379 332
379 345
379 370
379 377
379 413
380 233
380 267
380 332
380 336
380 364
380 386
380 415
380 500
381 6
381 199
381 243
381 276
381 306
381 319
381 326
381 348
382 96
382 97
382 100
382 283
382 290
382 414
382 453
382 469
383 52
383 327
383 363
383 388
383 390
383 405
383 411
383 423
384 328
384 349
384 362
384 377
384 400
384 413
384 427
384 450
385 2
385 203
385 278
385 332
385 364
385 386
385 438
385 494
386 26
386 87
386 220
386 273
386 364
386 380
386 385
386 387
387 61
387 153
387 311
387 347
387 364
387 378
387 386
387 451
388 155
388 343
388 363
388 383
388 390
388 402
388 411
388 458
388 465
389 1
389 112
389 115
389 119
389 238
389 431
389 447
389 451
389 464
390 59
390 129
390 340
390 375
390 383
390 388
390 402
390 410
390 423
391 295
391 368
391 432
391 447
391 448
391 455
391 466
392 42
392 229
392 235
392 357
392 362
392 404
392 407
392 422
392 450
393 3
393 197
393 291
393 437
393 442
393 447
393 449
393 468
393 470
394 12
394 48
394 98
394 155
394 256
394 263
394 264
394 291
394 444
395 163
395 247
395 306
395 334
395 351
395 366
395 415
395 442
395 443
396 5
396 31
396 319
396 339
396 342
396 350
396 420
396 426
396 445
397 30
397 133
397 171
397 432
397 437
397 457
397 458
397 463
397 495
398 309
398 343
398 356
398 360
398 399
398 406
398 430
398 445
398 491
399 143
399 206
399 303
399 309
399 366
399 378
399 398
399 479
399 493
400 384
400 403
400 418
400 438
400 450
400 471
400 475
400 487
400 498
401 188
401 241
401 301
401 333
401 418
401 440
401 454
401 462
401 481
402 15
402 61
402 153
402 378
402 388
402 390
402 410
402 412
402 423
403 163
403 318
403 320
403 321
403 327
403 330
403 377
403 400
403 450
404 67
404 89
404 110
404 295
404 357
404 392
404 422
404 450
404 490
405 52
405 62
405 327
405 383
405 410
405 412
405 417
405 419
405 493
406 20
406 284
406 287
406 289
406 291
406 303
406 398
406 438
406 485
407 174
407 229
407 392
407 408
407 416
407 436
407 445
407 463
407 499
408 16
408 18
408 190
408 300
408 407
408 416
408 436
408 446
408 475
409 258
409 352
409 434
409 472
409 478
409 483
409 492
409 494
409 500
410 365
410 390
410 402
410 405
410 412
410 417
410 419
410 455
410 462
411 358
411 363
411 370
411 371
411 383
411 388
411 423
411 480
411 481
412 208
412 232
412 323
412 402
412 405
412 410
412 417
412 419
412 497
413 14
413 331
413 370
413 374
413 376
413 379
413 384
413 452
413 453
414 21
414 45
414 99
414 207
414 232
414 264
414 382
414 457
414 496
415 266
415 307
415 322
415 349
415 351
415 358
415 366
415 380
415 395
415 459
416 4
416 37
416 46
416 152
416 188
416 407
416 408
416 436
416 463
416 498
417 1
417 11
417 107
417 187
417 311
417 405
417 410
417 412
417 419
417 493
418 212
418 301
418 333
418 400
418 401
418 438
418 471
418 475
418 487
418 497
419 253
419 356
419 365
419 405
419 410
419 412
419 417
419 446
419 462
419 493
420 13
420 34
420 319
420 348
420 349
420 357
420 367
420 396
420 421
420 498
421 134
421 359
421 420
421 428
421 429
421 434
421 456
421 460
421 498
421 499
422 96
422 232
422 277
422 285
422 348
422 392
422 404
422 450
422 453
422 468
423 177
423 304
423 346
423 363
423 371
423 383
423 390
423 402
423 411
423 459
424 31
424 80
424 89
424 115
424 186
424 302
424 303
424 305
424 320
424 444
425 35
425 246
425 266
425 269
425 311
425 347
425 365
425 440
425 448
425 460
426 154
426 305
426 341
426 342
426 343
426 367
426 396
426 437
426 445
426 473
427 2
427 121
427 203
427 226
427 266
427 268
427 312
427 349
427 384
427 438
428 136
428 152
428 289
428 421
428 429
428 434
428 456
428 460
428 474
428 497
429 41
429 99
429 264
429 421
429 428
429 434
429 456
429 457
429 460
429 491
430 82
430 157
430 224
430 261
430 276
430 329
430 339
430 342
430 343
430 398
431 48
431 64
431 101
431 238
431 256
431 291
431 389
431 432
431 448
431 451
432 287
432 330
432 340
432 364
432 375
432 391
432 397
432 431
432 447
432 448
432 451
433 32
433 191
433 205
433 254
433 335
433 336
433 337
433 338
433 350
433 354
433 369
434 171
434 409
434 421
434 428
434 429
434 435
434 456
434 460
434 477
434 492
434 495
435 6
435 70
435 131
435 160
435 182
435 185
435 306
435 348
435 375
435 434
435 492
436 28
436 190
436 202
436 242
436 244
436 260
436 407
436 408
436 416
436 446
436 463
437 322
437 347
437 393
437 397
437 426
437 449
437 457
437 458
437 463
437 472
437 473
438 18
438 300
438 385
438 400
438 406
438 418
438 427
438 471
438 473
438 475
438 498
439 90
439 133
439 176
439 273
439 341
439 353
439 354
439 473
439 475
439 486
439 498
440 94
440 241
440 322
440 347
440 378
440 401
440 425
440 459
440 462
440 472
440 473
441 81
441 181
441 318
441 454
441 455
441 463
441 466
441 477
441 478
441 480
442 262
442 306
442 308
442 334
442 393
442 395
442 454
442 462
442 468
442 470
442 477
443 213
443 262
443 306
443 308
443 334
443 395
443 449
443 457
443 458
443 470
443 495
444 78
444 158
444 186
444 249
444 257
444 296
444 297
444 299
444 302
444 394
444 424
445 33
445 78
445 226
445 229
445 235
445 339
445 362
445 396
445 398
445 407
445 426
446 34
446 105
446 146
446 170
446 195
446 224
446 408
446 419
446 436
446 491
446 493
447 64
447 86
447 197
447 287
447 328
447 389
447 391
447 393
447 432
447 448
447 451
448 268
448 288
448 293
448 294
448 391
448 425
448 431
448 432
448 447
448 451
449 36
449 86
449 286
449 292
449 293
449 393
449 437
449 443
449 457
449 470
449 482
450 55
450 85
450 95
450 106
450 285
450 357
450 384
450 392
450 400
450 403
450 404
450 422
451 15
451 61
451 153
451 257
451 307
451 378
451 387
451 389
451 431
451 432
451 447
451 448
452 34
452 105
452 108
452 122
452 146
452 170
452 195
452 362
452 372
452 374
452 413
452 453
453 22
453 79
453 85
453 92
453 283
453 322
453 362
453 374
453 382
453 413
453 422
453 452
454 91
454 193
454 268
454 290
454 337
454 401
454 441
454 442
454 468
454 476
454 477
454 480
455 50
455 253
455 314
455 350
455 356
455 365
455 391
455 410
455 441
455 466
455 477
455 480
456 4
456 9
456 37
456 46
456 176
456 188
456 421
456 428
456 429
456 434
456 460
456 487
457 40
457 41
457 45
457 77
457 264
457 397
457 414
457 429
457 437
457 443
457 449
457 458
458 23
458 70
458 98
458 155
458 192
458 343
458 388
458 397
458 437
458 443
458 457
458 463
459 213
459 247
459 268
459 269
459 306
459 307
459 346
459 358
459 415
459 423
459 440
459 468
460 35
460 67
460 266
460 269
460 288
460 421
460 425
460 428
460 429
460 434
460 456
460 487
461 10
461 137
461 221
461 248
461 310
461 474
461 479
461 485
461 491
461 495
461 497
461 499
462 50
462 224
462 241
462 253
462 255
462 265
462 356
462 401
462 410
462 419
462 440
462 442
463 93
463 139
463 280
463 328
463 352
463 397
463 407
463 416
463 436
463 437
463 441
463 458
464 101
464 112
464 190
464 194
464 202
464 211
464 215
464 244
464 295
464 389
464 472
464 475
465 23
465 70
465 98
465 155
465 343
465 388
465 467
465 472
465 476
465 481
465 484
465 488
465 500
466 45
466 113
466 125
466 189
466 355
466 360
466 363
466 391
466 441
466 455
466 480
466 483
466 492
467 277
467 285
467 332
467 339
467 348
467 465
467 469
467 476
467 481
467 488
467 489
467 494
467 500
468 33
468 57
468 143
468 153
468 178
468 348
468 393
468 422
468 442
468 454
468 459
468 470
468 493
469 22
469 92
469 163
469 172
469 193
469 382
469 467
469 476
469 481
469 488
469 489
469 491
469 500
470 49
470 142
470 207
470 231
470 275
470 287
470 323
470 328
470 393
470 442
470 443
470 449
470 468
471 43
471 100
471 165
471 273
471 315
471 327
471 361
471 400
471 418
471 438
471 473
471 475
471 498
472 94
472 125
472 409
472 437
472 440
472 464
472 465
472 473
472 478
472 483
472 484
472 492
472 494
473 341
473 347
473 353
473 426
473 437
473 438
473 439
473 440
473 471
473 472
473 475
473 493
473 498
474 136
474 152
474 217
474 218
474 289
474 428
474 461
474 479
474 485
474 489
474 491
474 495
474 497
475 28
475 150
475 242
475 345
475 400
475 408
475 418
475 438
475 439
475 464
475 471
475 473
475 487
476 58
476 91
476 185
476 193
476 268
476 374
476 454
476 465
476 467
476 469
476 481
476 488
476 489
476 500
477 111
477 118
477 198
477 320
477 434
477 441
477 442
477 454
477 455
477 480
477 492
477 495
478 81
478 93
478 139
478 186
478 280
478 328
478 409
478 441
478 472
478 483
478 484
478 490
478 492
478 494
479 191
479 200
479 205
479 254
479 335
479 399
479 461
479 474
479 485
479 489
479 490
479 491
479 495
479 497
480 37
480 44
480 65
480 181
480 204
480 212
480 216
480 331
480 411
480 441
480 454
480 455
480 466
480 477
481 44
481 65
481 168
481 181
481 212
481 216
481 401
481 411
481 465
481 467
481 469
481 476
481 488
481 490
481 500
482 20
482 251
482 286
482 292
482 293
482 449
482 485
482 486
482 495
482 496
482 497
482 499
483 40
483 56
483 194
483 288
483 355
483 360
483 363
483 409
483 466
483 472
483 478
483 484
483 490
483 492
483 494
484 6
484 42
484 55
484 201
484 228
484 251
484 260
484 281
484 465
484 472
484 478
484 483
484 490
484 492
484 494
485 78
485 120
485 140
485 186
485 226
485 303
485 406
485 461
485 474
485 479
485 482
485 491
485 493
485 495
485 497
485 499
486 26
486 87
486 90
486 176
486 220
486 273
486 439
486 482
486 496
486 499
487 22
487 32
487 50
487 51
487 84
487 107
487 123
487 230
487 279
487 371
487 400
487 418
487 456
487 460
487 475
487 492
488 13
488 198
488 199
488 243
488 246
488 276
488 316
488 325
488 342
488 465
488 467
488 469
488 476
488 481
488 489
488 490
488 500
489 6
489 42
489 51
489 55
489 104
489 228
489 251
489 260
489 281
489 286
489 467
489 469
489 474
489 476
489 479
489 488
489 491
490 145
490 200
490 208
490 254
490 274
490 289
490 295
490 298
490 354
490 404
490 478
490 479
490 481
490 483
490 484
490 488
490 492
490 494
491 9
491 20
491 108
491 222
491 272
491 309
491 398
491 429
491 446
491 461
491 469
491 474
491 479
491 485
491 489
491 495
491 497
491 500
492 3
492 10
492 106
492 131
492 160
492 173
492 182
492 409
492 434
492 435
492 466
492 472
492 477
492 478
492 483
492 484
492 487
492 490
492 494
493 27
493 96
493 121
493 143
493 201
493 222
493 226
493 244
493 260
493 272
493 399
493 405
493 417
493 419
493 446
493 468
493 473
493 485
493 494
494 33
494 57
494 143
494 178
494 202
494 277
494 285
494 332
494 339
494 385
494 409
494 467
494 472
494 478
494 483
494 484
494 490
494 492
494 493
495 3
495 101
495 106
495 118
495 160
495 182
495 370
495 397
495 434
495 443
495 461
495 474
495 477
495 479
495 482
495 485
495 491
495 497
495 499
496 30
496 32
496 39
496 51
496 73
496 128
496 213
496 225
496 230
496 414
496 482
496 486
496 499
497 148
497 149
497 189
497 196
497 207
497 208
497 270
497 275
497 281
497 287
497 412
497 418
497 428
497 461
497 474
497 479
497 482
497 485
497 491
497 495
497 499
498 24
498 64
498 134
498 177
498 215
498 236
498 241
498 262
498 272
498 327
498 341
498 349
498 359
498 400
498 416
498 420
498 421
498 438
498 439
498 471
498 473
499 30
499 39
499 117
499 159
499 225
499 230
499 279
499 318
499 371
499 407
499 421
499 461
499 482
499 485
499 486
499 495
499 496
499 497
500 46
500 69
500 71
500 138
500 166
500 218
500 230
500 251
500 258
500 304
500 338
500 352
500 380
500 409
500 465
500 467
500 469
500 476
500 481
500 488
500 491
