1 42
1 183
1 190
1 314
1 319
2 3
2 119
2 126
2 288
2 454
3 2
3 96
3 145
3 295
3 332
4 130
4 181
4 259
4 261
4 375
5 263
5 266
5 338
5 474
6 23
6 187
6 263
6 400
6 434
7 96
7 190
7 192
7 250
7 464
8 9
8 183
8 266
8 382
8 434
9 8
9 12
9 358
9 382
9 471
10 13
10 24
10 148
10 415
10 427
11 64
11 292
11 312
11 390
11 494
12 9
12 68
12 351
12 358
12 382
13 10
13 28
13 125
13 455
13 497
14 34
14 67
14 73
14 305
14 312
15 16
15 52
15 351
15 358
15 473
16 15
16 47
16 247
16 351
16 400
17 18
17 351
17 393
17 428
17 492
18 17
18 19
18 20
18 388
18 393
19 18
19 71
19 74
19 76
19 79
19 80
20 18
20 377
20 393
20 467
20 480
21 35
21 210
21 251
21 258
21 378
22 26
22 75
22 81
22 95
22 245
23 6
23 247
23 377
23 388
23 393
24 10
24 148
24 219
24 256
24 434
25 26
25 182
25 324
25 399
25 485
26 22
26 25
26 182
26 324
26 369
27 31
27 165
27 273
27 276
27 336
28 13
28 30
28 58
28 464
29 75
29 110
29 111
29 113
29 299
30 28
30 37
30 192
30 205
30 388
31 27
31 61
31 206
31 414
31 462
32 41
32 290
32 355
32 369
32 478
33 34
33 39
33 274
33 366
33 434
34 14
34 33
34 35
34 39
34 355
35 21
35 34
35 38
35 39
35 290
36 37
36 46
36 283
36 327
36 337
37 30
37 36
37 46
37 188
37 189
38 35
38 39
38 44
38 290
38 438
39 33
39 34
39 35
39 38
39 193
40 41
40 44
40 300
40 434
40 494
41 32
41 40
41 42
41 43
41 44
42 1
42 41
42 43
42 44
42 437
43 41
43 42
43 44
43 148
43 466
44 38
44 40
44 41
44 42
44 43
45 93
45 94
45 98
45 107
45 473
46 36
46 37
46 139
46 311
46 497
47 16
47 159
47 289
47 373
47 455
48 49
48 51
48 144
48 330
48 454
49 48
49 51
49 165
49 330
49 383
50 53
50 57
50 66
50 452
50 467
51 48
51 49
51 330
51 428
51 467
52 15
52 139
52 153
52 165
52 381
53 50
53 57
53 463
53 492
53 495
54 130
54 268
54 384
54 425
54 452
55 146
55 172
55 227
55 337
55 449
56 60
56 109
56 268
56 292
56 384
57 50
57 53
57 59
57 153
57 342
58 28
58 125
58 131
58 422
59 57
59 63
59 65
59 409
59 459
60 56
60 64
60 292
60 409
60 458
61 31
61 84
61 195
61 335
61 433
62 160
62 268
62 292
62 384
62 400
63 59
63 65
63 466
63 491
63 499
64 11
64 60
64 305
64 312
64 487
65 59
65 63
65 66
65 67
65 102
66 50
66 65
66 70
66 77
66 452
67 14
67 65
67 376
67 416
67 495
68 12
68 74
68 252
68 427
68 451
69 73
69 74
69 76
69 87
69 305
70 66
70 77
70 281
70 309
70 365
71 19
71 79
71 80
71 82
71 487
72 229
72 234
72 235
72 236
72 449
72 485
73 14
73 69
73 74
73 447
73 472
74 19
74 68
74 69
74 73
74 76
75 22
75 29
75 95
75 168
75 245
76 19
76 69
76 74
76 166
76 312
77 66
77 70
77 78
77 429
77 472
78 77
78 86
78 123
78 236
78 439
79 19
79 71
79 80
79 133
79 191
80 19
80 71
80 79
80 301
80 439
81 22
81 105
81 169
81 245
81 417
82 71
82 91
82 191
82 301
82 317
83 164
83 168
83 327
83 408
83 428
84 61
84 138
84 139
84 271
84 273
85 86
85 89
85 202
85 315
85 345
86 78
86 85
86 89
86 100
86 332
87 69
87 191
87 265
87 301
87 412
88 146
88 218
88 233
88 384
88 399
89 85
89 86
89 92
89 441
89 484
90 146
90 218
90 221
90 233
90 415
91 82
91 211
91 374
91 438
91 479
92 89
92 97
92 359
92 360
93 45
93 94
93 164
93 211
93 265
94 45
94 93
94 98
94 107
94 481
95 22
95 75
95 151
95 164
95 168
96 3
96 7
96 142
96 295
96 332
97 92
97 100
97 178
97 371
97 447
98 45
98 94
98 211
98 367
98 443
99 106
99 108
99 186
99 412
99 437
100 86
100 97
100 101
100 420
100 451
101 100
101 102
101 330
101 354
101 490
102 65
102 101
102 114
102 328
102 358
103 105
103 120
103 122
103 458
103 474
104 230
104 300
104 308
104 361
104 420
105 81
105 103
105 122
105 297
105 479
106 99
106 107
106 108
106 475
106 493
107 45
107 94
107 106
107 108
107 249
108 99
108 106
108 107
108 193
108 255
109 56
109 193
109 296
109 354
109 409
110 29
110 193
110 296
110 354
110 471
111 29
111 112
111 113
111 270
111 376
112 111
112 113
112 114
112 143
112 270
113 29
113 111
113 112
113 114
113 449
114 102
114 112
114 113
114 117
114 217
115 116
115 187
115 217
115 288
115 489
116 115
116 117
116 121
116 217
116 288
117 114
117 116
117 217
117 288
117 296
118 119
118 121
118 319
118 420
118 479
119 2
119 118
119 293
119 319
119 481
120 103
120 122
120 293
120 377
120 431
121 116
121 118
121 288
121 319
121 455
122 103
122 105
122 120
122 240
122 308
123 78
123 124
123 125
123 236
123 378
124 123
124 125
124 288
124 298
124 500
125 13
125 58
125 123
125 124
125 458
126 2
126 319
126 414
126 439
126 477
127 144
127 145
127 147
127 173
127 295
128 129
128 135
128 325
128 388
128 491
129 128
129 135
129 321
129 351
129 472
130 4
130 54
130 258
130 385
130 477
131 58
131 132
131 260
131 425
131 445
132 131
132 137
132 227
132 233
132 260
133 79
133 135
133 136
133 237
133 325
134 181
134 206
134 278
134 402
134 480
135 128
135 129
135 133
135 237
135 325
136 133
136 237
136 294
136 323
136 440
137 132
137 138
137 156
137 303
137 485
138 84
138 137
138 271
138 327
138 477
139 46
139 52
139 84
139 153
139 387
140 141
140 239
140 315
140 480
140 488
141 140
141 143
141 239
141 315
141 430
142 96
142 143
142 239
142 444
142 460
143 112
143 141
143 142
143 239
143 315
144 48
144 127
144 149
144 369
144 387
145 3
145 127
145 149
145 332
145 472
146 55
146 88
146 90
146 221
146 420
147 127
147 149
147 154
147 442
147 498
148 10
148 24
148 43
148 219
148 256
149 144
149 145
149 147
149 151
149 463
150 151
150 154
150 168
150 416
150 419
151 95
151 149
151 150
151 154
151 492
152 154
152 171
152 334
152 365
152 463
153 52
153 57
153 139
153 389
153 445
154 147
154 150
154 151
154 152
154 334
155 158
155 220
155 334
155 339
155 365
156 137
156 271
156 308
156 335
156 472
157 175
157 392
157 394
157 423
157 427
158 155
158 160
158 163
158 167
158 342
159 47
159 170
159 289
159 326
159 418
160 62
160 158
160 163
160 365
160 440
161 164
161 167
161 197
161 213
161 482
162 167
162 210
162 213
162 342
162 474
163 158
163 160
163 167
163 179
163 342
164 83
164 93
164 95
164 161
164 327
165 27
165 49
165 52
165 212
165 300
166 76
166 210
166 257
166 326
166 432
167 158
167 161
167 162
167 163
167 213
168 75
168 83
168 95
168 150
168 424
169 81
169 171
169 173
169 245
169 450
170 159
170 180
170 248
170 291
170 326
171 152
171 169
171 173
171 176
171 267
172 55
172 219
172 254
172 256
172 300
173 127
173 169
173 171
173 176
173 267
174 178
174 179
174 207
174 411
174 488
175 157
175 180
175 181
175 392
175 394
175 423
176 171
176 173
176 178
176 267
176 465
176 468
177 184
177 188
177 199
177 395
177 448
177 498
178 97
178 174
178 176
178 179
178 185
178 373
179 163
179 174
179 178
179 207
179 373
179 374
180 170
180 175
180 188
180 197
180 463
180 497
181 4
181 134
181 175
181 292
181 375
181 422
182 25
182 26
182 324
182 369
182 393
182 460
183 1
183 8
183 186
183 189
183 373
183 455
184 177
184 188
184 197
184 199
184 325
184 469
185 178
185 207
185 229
185 288
185 373
185 470
186 99
186 183
186 189
186 373
186 388
186 398
187 6
187 115
187 263
187 363
187 400
187 434
188 37
188 177
188 180
188 184
188 197
188 199
189 37
189 183
189 186
189 314
189 437
189 481
190 1
190 7
190 250
190 314
190 320
190 381
191 79
191 82
191 87
191 265
191 301
191 430
192 7
192 30
192 226
192 250
192 381
192 460
193 39
193 108
193 109
193 110
193 296
193 354
194 318
194 371
194 412
194 415
194 476
194 492
195 61
195 206
195 276
195 278
195 298
195 422
196 199
196 255
196 286
196 293
196 303
196 311
197 161
197 180
197 184
197 188
197 199
197 394
198 201
198 309
198 367
198 368
198 395
198 496
199 177
199 184
199 188
199 196
199 197
199 203
200 203
200 204
200 222
200 245
200 423
200 468
201 198
201 367
201 371
201 374
201 404
201 438
202 85
202 205
202 345
202 372
202 381
202 487
203 199
203 200
203 204
203 215
203 237
203 496
204 200
204 203
204 215
204 222
204 404
204 446
205 30
205 202
205 209
205 226
205 381
205 395
206 31
206 134
206 195
206 273
206 278
206 486
207 174
207 179
207 185
207 433
207 493
207 497
208 220
208 221
208 224
208 226
208 435
208 445
209 205
209 214
209 216
209 281
209 309
209 421
210 21
210 162
210 166
210 253
210 289
210 378
211 91
211 93
211 98
211 265
211 301
211 433
212 165
212 214
212 276
212 336
212 416
212 496
213 161
213 162
213 167
213 244
213 327
213 465
214 209
214 212
214 216
214 233
214 261
214 391
215 203
215 204
215 222
215 223
215 249
215 415
216 209
216 214
216 233
216 329
216 454
216 461
217 114
217 115
217 116
217 117
217 270
217 494
218 88
218 90
218 220
218 269
218 435
218 473
219 24
219 148
219 172
219 256
219 337
219 376
220 155
220 208
220 218
220 221
220 233
220 437
221 90
221 146
221 208
221 220
221 423
221 456
222 200
222 204
222 215
222 223
222 249
222 284
223 215
223 222
223 249
223 470
223 487
223 497
224 208
224 226
224 228
224 238
224 271
224 476
225 294
225 302
225 304
225 307
225 339
225 497
226 192
226 205
226 208
226 224
226 228
226 469
227 55
227 132
227 256
227 337
227 380
227 497
228 224
228 226
228 229
228 231
228 370
228 444
229 72
229 185
229 228
229 234
229 305
229 498
230 104
230 280
230 295
230 308
230 403
230 469
231 228
231 252
231 298
231 358
231 370
231 499
232 252
232 355
232 431
232 441
232 485
232 488
233 88
233 90
233 132
233 214
233 216
233 220
234 72
234 229
234 236
234 238
234 374
234 440
235 72
235 277
235 297
235 371
235 397
235 407
236 72
236 78
236 123
236 234
236 238
236 277
237 133
237 135
237 136
237 203
237 315
237 354
238 224
238 234
238 236
238 277
238 424
238 461
239 140
239 141
239 142
239 143
239 375
239 474
240 122
240 241
240 277
240 312
240 462
240 494
241 240
241 246
241 306
241 316
241 483
241 498
242 243
242 246
242 313
242 340
242 355
242 448
243 242
243 246
243 286
243 318
243 340
243 404
244 213
244 348
244 363
244 370
244 400
244 418
245 22
245 75
245 81
245 169
245 200
245 267
246 241
246 242
246 243
246 340
246 390
246 453
247 16
247 23
247 351
247 365
247 388
247 468
248 170
248 291
248 305
248 340
248 354
248 412
249 107
249 215
249 222
249 223
249 262
249 490
250 7
250 190
250 192
250 314
250 344
250 381
251 21
251 258
251 388
251 390
251 456
251 480
252 68
252 231
252 232
252 312
252 456
252 486
253 210
253 291
253 321
253 378
253 460
253 494
254 172
254 256
254 280
254 300
254 308
254 363
255 108
255 196
255 286
255 287
255 293
255 303
256 24
256 148
256 172
256 219
256 227
256 254
257 166
257 289
257 321
257 326
257 378
257 494
258 21
258 130
258 251
258 308
258 378
258 421
259 4
259 261
259 299
259 346
259 375
259 381
260 131
260 132
260 271
260 280
260 336
260 414
261 4
261 214
261 259
261 375
261 416
261 458
262 249
262 272
262 279
262 382
262 406
262 439
263 5
263 6
263 187
263 279
263 338
263 382
264 272
264 317
264 402
264 415
264 416
264 421
265 87
265 93
265 191
265 211
265 331
265 493
266 5
266 8
266 338
266 358
266 382
266 499
267 171
267 173
267 176
267 245
267 402
267 427
268 54
268 56
268 62
268 330
268 380
268 384
269 218
269 274
269 373
269 393
269 422
269 435
270 111
270 112
270 217
270 438
270 481
270 485
271 84
271 138
271 156
271 224
271 260
271 442
272 262
272 264
272 279
272 283
272 406
272 439
273 27
273 84
273 206
273 291
273 335
273 428
274 33
274 269
274 275
274 375
274 422
274 497
275 274
275 331
275 353
275 393
275 422
276 27
276 195
276 212
276 317
276 335
276 336
277 235
277 236
277 238
277 240
277 473
277 494
278 134
278 195
278 206
278 375
278 409
278 459
279 262
279 263
279 272
279 283
279 406
279 439
280 230
280 254
280 260
280 404
280 418
280 438
281 70
281 209
281 284
281 285
281 392
281 439
281 495
282 304
282 310
282 322
282 341
282 453
282 465
282 476
283 36
283 272
283 279
283 285
283 406
283 439
283 477
284 222
284 281
284 285
284 286
284 435
284 453
284 496
285 281
285 283
285 284
285 286
285 287
285 346
285 458
286 196
286 243
286 255
286 284
286 285
286 287
286 318
287 255
287 285
287 286
287 293
287 296
287 358
287 427
288 2
288 115
288 116
288 117
288 121
288 124
288 185
289 47
289 159
289 210
289 257
289 477
289 479
290 32
290 35
290 38
290 355
290 466
290 470
290 500
291 170
291 248
291 253
291 273
291 294
291 326
291 340
292 11
292 56
292 60
292 62
292 181
292 459
292 500
293 119
293 120
293 196
293 255
293 287
293 461
293 489
294 136
294 225
294 291
294 302
294 307
294 339
294 420
295 3
295 96
295 127
295 230
295 332
295 429
295 493
296 109
296 110
296 117
296 193
296 287
296 354
296 489
297 105
297 235
297 307
297 316
297 372
297 424
297 482
298 124
298 195
298 231
298 300
298 422
298 439
298 450
299 29
299 259
299 309
299 353
299 368
299 414
299 420
300 40
300 104
300 165
300 172
300 254
300 298
300 308
301 80
301 82
301 87
301 191
301 211
301 334
301 406
302 225
302 294
302 307
302 314
302 339
302 457
302 460
303 137
303 196
303 255
303 306
303 311
303 485
303 498
304 225
304 282
304 310
304 322
304 341
304 344
304 487
305 14
305 64
305 69
305 229
305 248
305 312
305 466
306 241
306 303
306 311
306 313
306 320
306 323
306 483
307 225
307 294
307 297
307 302
307 316
307 339
307 372
308 104
308 122
308 156
308 230
308 254
308 258
308 300
309 70
309 198
309 209
309 299
309 353
309 367
309 414
310 282
310 304
310 322
310 341
310 344
310 440
310 487
311 46
311 196
311 303
311 306
311 313
311 323
311 489
312 11
312 14
312 64
312 76
312 240
312 252
312 305
313 242
313 306
313 311
313 320
313 323
313 405
313 448
314 1
314 189
314 190
314 250
314 302
314 399
314 490
315 85
315 140
315 141
315 143
315 237
315 437
315 481
316 241
316 297
316 307
316 346
316 372
316 493
316 495
317 82
317 264
317 276
317 404
317 412
317 415
317 416
318 194
318 243
318 286
318 371
318 374
318 404
318 415
319 1
319 118
319 119
319 121
319 126
319 320
319 321
320 190
320 306
320 313
320 319
320 323
320 428
320 470
321 129
321 253
321 257
321 319
321 325
321 384
321 476
322 282
322 304
322 310
322 341
322 344
322 349
322 426
323 136
323 306
323 311
323 313
323 320
323 333
323 434
324 25
324 26
324 182
324 369
324 480
324 492
324 498
325 128
325 133
325 135
325 184
325 321
325 378
325 475
326 159
326 166
326 170
326 257
326 291
326 495
326 498
327 36
327 83
327 138
327 164
327 213
327 486
327 489
328 102
328 329
328 333
328 343
328 345
328 347
328 419
329 216
329 328
329 333
329 343
329 345
329 347
329 493
330 48
330 49
330 51
330 101
330 268
330 384
330 412
331 265
331 275
331 346
331 359
331 360
331 361
331 424
332 3
332 86
332 96
332 145
332 295
332 420
332 491
333 323
333 328
333 329
333 337
333 345
333 347
333 476
334 152
334 154
334 155
334 301
334 342
334 365
334 406
335 61
335 156
335 273
335 276
335 336
335 350
335 446
336 27
336 212
336 260
336 276
336 335
336 414
336 435
337 36
337 55
337 219
337 227
337 333
337 422
337 476
338 5
338 263
338 266
338 424
338 433
339 155
339 225
339 294
339 302
339 307
339 343
339 420
340 242
340 243
340 246
340 248
340 291
340 390
340 436
341 282
341 304
341 310
341 322
341 344
341 349
341 351
342 57
342 158
342 162
342 163
342 334
342 389
342 455
343 328
343 329
343 339
343 345
343 347
343 359
343 424
344 250
344 304
344 310
344 322
344 341
344 349
344 357
345 85
345 202
345 328
345 329
345 333
345 343
345 347
346 259
346 285
346 316
346 331
346 359
346 372
346 424
347 328
347 329
347 333
347 343
347 345
347 467
348 244
348 349
348 370
348 388
348 399
348 418
348 434
349 322
349 341
349 344
349 348
349 350
349 357
349 362
349 464
350 335
350 349
350 357
350 362
350 380
350 401
350 446
350 478
351 12
351 15
351 16
351 17
351 129
351 247
351 341
351 432
352 367
352 389
352 417
352 428
352 452
352 466
352 494
352 498
353 275
353 299
353 309
353 354
353 368
353 414
353 495
354 101
354 109
354 110
354 193
354 237
354 248
354 296
354 353
355 32
355 34
355 232
355 242
355 290
355 369
355 417
355 443
356 379
356 395
356 402
356 433
356 442
356 471
356 495
356 500
357 344
357 349
357 350
357 362
357 380
357 401
357 491
357 499
358 9
358 12
358 15
358 102
358 231
358 266
358 287
358 396
359 92
359 331
359 343
359 346
359 360
359 361
359 411
360 92
360 331
360 359
360 361
360 394
360 424
360 431
360 444
361 104
361 331
361 359
361 360
361 393
361 424
361 461
361 488
362 349
362 350
362 357
362 380
362 385
362 401
362 467
362 471
363 187
363 244
363 254
363 377
363 400
363 418
363 434
363 464
364 376
364 390
364 409
364 421
364 425
364 435
364 451
364 482
365 70
365 152
365 155
365 160
365 247
365 334
365 414
365 451
366 33
366 370
366 372
366 383
366 399
366 452
366 482
366 487
367 98
367 198
367 201
367 309
367 352
367 368
367 432
367 436
368 198
368 299
368 353
368 367
368 402
368 403
368 414
368 476
369 26
369 32
369 144
369 182
369 324
369 355
369 466
369 470
370 228
370 231
370 244
370 348
370 366
370 387
370 399
370 418
371 97
371 194
371 201
371 235
371 318
371 404
371 415
371 465
372 202
372 297
372 307
372 316
372 346
372 366
372 482
372 488
373 47
373 178
373 179
373 183
373 185
373 186
373 269
373 487
374 91
374 179
374 201
374 234
374 318
374 389
374 404
374 496
375 4
375 181
375 239
375 259
375 261
375 274
375 278
375 448
376 67
376 111
376 219
376 364
376 390
376 409
376 421
376 435
377 20
377 23
377 120
377 363
377 382
377 388
377 434
377 446
378 21
378 123
378 210
378 253
378 257
378 258
378 325
378 460
379 356
379 395
379 411
379 432
379 433
379 442
379 468
379 493
380 227
380 268
380 350
380 357
380 362
380 385
380 391
380 401
381 52
381 190
381 192
381 202
381 205
381 250
381 259
381 480
382 8
382 9
382 12
382 262
382 263
382 266
382 377
382 465
383 49
383 366
383 387
383 390
383 399
383 411
383 459
383 464
384 54
384 56
384 62
384 88
384 268
384 321
384 330
384 497
385 130
385 362
385 380
385 386
385 398
385 401
385 445
385 495
386 385
386 387
386 391
386 398
386 445
386 478
386 479
386 489
387 139
387 144
387 370
387 383
387 386
387 390
387 409
387 415
387 490
388 18
388 23
388 30
388 128
388 186
388 247
388 251
388 348
388 377
389 153
389 342
389 352
389 374
389 396
389 397
389 417
389 466
389 473
390 11
390 246
390 251
390 340
390 364
390 376
390 383
390 387
390 409
391 214
391 380
391 386
391 398
391 401
391 445
391 451
391 473
391 498
392 157
392 175
392 281
392 394
392 412
392 423
392 427
392 433
392 476
393 17
393 18
393 20
393 23
393 182
393 269
393 275
393 361
393 461
394 157
394 175
394 197
394 360
394 392
394 423
394 442
394 444
394 468
395 177
395 198
395 205
395 356
395 379
395 405
395 411
395 461
395 468
396 358
396 389
396 397
396 401
396 417
396 438
396 452
396 473
396 500
397 235
397 389
397 396
397 407
397 417
397 466
397 473
397 485
397 494
398 186
398 385
398 386
398 391
398 401
398 405
398 432
398 445
398 451
399 25
399 88
399 314
399 348
399 366
399 370
399 383
399 418
399 490
400 6
400 16
400 62
400 187
400 244
400 363
400 409
400 411
400 434
401 350
401 357
401 362
401 380
401 385
401 391
401 396
401 398
401 500
402 134
402 264
402 267
402 356
402 368
402 416
402 421
402 435
402 476
403 230
403 368
403 405
403 425
403 428
403 445
403 461
403 466
403 469
404 201
404 204
404 243
404 280
404 317
404 318
404 371
404 374
404 474
405 313
405 395
405 398
405 403
405 425
405 428
405 461
405 462
405 468
406 262
406 272
406 279
406 283
406 301
406 334
406 439
406 451
406 473
407 235
407 397
407 419
407 436
407 447
407 449
407 458
407 459
407 465
408 83
408 437
408 440
408 445
408 451
408 455
408 489
408 490
408 497
409 59
409 60
409 109
409 278
409 364
409 376
409 387
409 390
409 400
409 435
410 412
410 429
410 430
410 444
410 456
410 470
410 475
410 480
410 487
410 488
411 174
411 359
411 379
411 383
411 395
411 400
411 427
411 432
411 433
411 442
412 87
412 99
412 194
412 248
412 317
412 330
412 392
412 410
412 461
412 480
413 420
413 431
413 450
413 454
413 460
413 464
413 467
413 474
413 491
413 499
414 31
414 126
414 260
414 299
414 309
414 336
414 353
414 365
414 368
414 420
415 10
415 90
415 194
415 215
415 264
415 317
415 318
415 371
415 387
415 416
416 67
416 150
416 212
416 261
416 264
416 317
416 402
416 415
416 469
416 488
417 81
417 352
417 355
417 389
417 396
417 397
417 418
417 453
417 473
417 485
418 159
418 244
418 280
418 348
418 363
418 370
418 399
418 417
418 453
418 470
419 150
419 328
419 407
419 449
419 458
419 459
419 462
419 465
419 481
419 486
420 100
420 104
420 118
420 146
420 294
420 299
420 332
420 339
420 413
420 414
421 209
421 258
421 264
421 364
421 376
421 402
421 423
421 435
421 436
421 461
422 58
422 181
422 195
422 269
422 274
422 275
422 298
422 337
422 458
422 474
423 157
423 175
423 200
423 221
423 392
423 394
423 421
423 427
423 432
423 436
424 168
424 238
424 297
424 331
424 338
424 343
424 346
424 360
424 361
424 497
425 54
425 131
425 364
425 403
425 405
425 428
425 461
425 466
425 468
425 481
426 322
426 430
426 448
426 457
426 470
426 475
426 484
426 485
426 488
426 497
427 10
427 68
427 157
427 267
427 287
427 392
427 411
427 423
427 432
427 433
428 17
428 51
428 83
428 273
428 320
428 352
428 403
428 405
428 425
428 446
428 461
429 77
429 295
429 410
429 430
429 441
429 444
429 456
429 471
429 475
429 480
429 494
430 141
430 191
430 410
430 426
430 429
430 439
430 448
430 470
430 475
430 480
430 488
431 120
431 232
431 360
431 413
431 450
431 453
431 460
431 463
431 464
431 484
431 485
432 166
432 351
432 367
432 379
432 398
432 411
432 423
432 427
432 433
432 442
432 462
433 61
433 207
433 211
433 338
433 356
433 379
433 392
433 411
433 427
433 432
433 442
434 6
434 8
434 24
434 33
434 40
434 187
434 323
434 348
434 363
434 377
434 400
435 208
435 218
435 269
435 284
435 336
435 364
435 376
435 402
435 409
435 421
435 483
436 340
436 367
436 407
436 421
436 423
436 447
436 454
436 458
436 460
436 465
436 474
437 42
437 99
437 189
437 220
437 315
437 408
437 438
437 440
437 451
437 452
437 455
438 38
438 91
438 201
438 270
438 280
438 396
438 437
438 440
438 452
438 455
438 473
439 78
439 80
439 126
439 262
439 272
439 279
439 281
439 283
439 298
439 406
439 430
440 136
440 160
440 234
440 310
440 408
440 437
440 438
440 445
440 451
440 455
440 469
441 89
441 232
441 429
441 444
441 456
441 471
441 475
441 480
441 482
441 484
441 494
442 147
442 271
442 356
442 379
442 394
442 411
442 432
442 433
442 447
442 462
442 500
443 98
443 355
443 471
443 482
443 484
443 489
443 490
443 493
443 494
443 496
443 498
443 500
444 142
444 228
444 360
444 394
444 410
444 429
444 441
444 456
444 471
444 475
444 480
444 494
445 131
445 153
445 208
445 385
445 386
445 391
445 398
445 403
445 408
445 440
445 451
445 481
446 204
446 335
446 350
446 377
446 428
446 450
446 453
446 463
446 472
446 476
446 485
446 487
447 73
447 97
447 407
447 436
447 442
447 449
447 458
447 467
447 474
447 477
447 490
447 500
448 177
448 242
448 313
448 375
448 426
448 430
448 457
448 469
448 470
448 478
448 488
448 497
449 55
449 72
449 113
449 407
449 419
449 447
449 458
449 462
449 465
449 467
449 475
449 481
450 169
450 298
450 413
450 431
450 446
450 454
450 460
450 464
450 467
450 471
450 478
450 496
451 68
451 100
451 364
451 365
451 391
451 398
451 406
451 408
451 437
451 440
451 445
451 482
452 50
452 54
452 66
452 352
452 366
452 396
452 437
452 438
452 455
452 457
452 464
452 473
453 246
453 282
453 284
453 417
453 418
453 431
453 446
453 463
453 472
453 476
453 485
453 487
454 2
454 48
454 216
454 413
454 436
454 450
454 460
454 464
454 467
454 468
454 474
454 493
455 13
455 47
455 121
455 183
455 342
455 408
455 437
455 438
455 440
455 452
455 472
455 474
456 221
456 251
456 252
456 410
456 429
456 441
456 444
456 471
456 475
456 480
456 486
456 494
457 302
457 426
457 448
457 452
457 466
457 469
457 477
457 478
457 479
457 488
457 497
458 60
458 103
458 125
458 261
458 285
458 407
458 419
458 422
458 436
458 447
458 449
458 459
458 465
459 59
459 278
459 292
459 383
459 407
459 419
459 458
459 462
459 465
459 477
459 478
459 479
459 481
460 142
460 182
460 192
460 253
460 302
460 378
460 413
460 431
460 436
460 450
460 454
460 464
460 467
461 216
461 238
461 293
461 361
461 393
461 395
461 403
461 405
461 412
461 421
461 425
461 428
461 468
462 31
462 240
462 405
462 419
462 432
462 442
462 449
462 459
462 465
462 477
462 478
462 479
462 481
463 53
463 149
463 152
463 180
463 431
463 446
463 453
463 472
463 476
463 478
463 485
463 487
463 496
464 7
464 28
464 349
464 363
464 383
464 413
464 431
464 450
464 452
464 454
464 460
464 467
464 474
465 176
465 213
465 282
465 371
465 382
465 407
465 419
465 436
465 449
465 458
465 459
465 462
465 481
466 43
466 63
466 290
466 305
466 352
466 369
466 389
466 397
466 403
466 425
466 457
466 468
466 473
467 20
467 50
467 51
467 347
467 362
467 413
467 447
467 449
467 450
467 454
467 460
467 464
467 474
468 176
468 200
468 247
468 379
468 394
468 395
468 405
468 425
468 454
468 461
468 466
468 487
468 493
469 184
469 226
469 230
469 403
469 416
469 440
469 448
469 457
469 470
469 477
469 478
469 479
469 488
469 497
470 185
470 223
470 290
470 320
470 369
470 410
470 418
470 426
470 430
470 448
470 469
470 475
470 480
470 488
471 9
471 110
471 356
471 362
471 429
471 441
471 443
471 444
471 450
471 456
471 482
471 484
471 490
471 494
472 73
472 77
472 129
472 145
472 156
472 446
472 453
472 455
472 463
472 475
472 476
472 485
472 487
472 500
473 15
473 45
473 218
473 277
473 389
473 391
473 396
473 397
473 406
473 417
473 438
473 452
473 466
473 498
474 5
474 103
474 162
474 239
474 404
474 413
474 422
474 436
474 447
474 454
474 455
474 464
474 467
474 492
475 106
475 325
475 410
475 426
475 429
475 430
475 441
475 444
475 449
475 456
475 470
475 472
475 480
475 488
476 194
476 224
476 282
476 321
476 333
476 337
476 368
476 392
476 402
476 446
476 453
476 463
476 472
476 485
476 487
477 126
477 130
477 138
477 283
477 289
477 447
477 457
477 459
477 462
477 469
477 478
477 479
477 481
477 483
477 497
478 32
478 350
478 386
478 448
478 450
478 457
478 459
478 462
478 463
478 469
478 477
478 479
478 488
478 496
478 497
479 91
479 105
479 118
479 289
479 386
479 457
479 459
479 462
479 469
479 477
479 478
479 487
479 488
479 497
480 20
480 134
480 140
480 251
480 324
480 381
480 410
480 412
480 429
480 430
480 441
480 444
480 456
480 470
480 475
481 94
481 119
481 189
481 270
481 315
481 419
481 425
481 445
481 449
481 459
481 462
481 465
481 477
481 484
481 494
482 161
482 297
482 364
482 366
482 372
482 441
482 443
482 451
482 471
482 484
482 489
482 490
482 494
482 496
482 498
483 241
483 306
483 435
483 477
483 486
483 489
483 491
483 492
483 493
483 495
483 496
483 498
483 499
483 500
484 89
484 426
484 431
484 441
484 443
484 471
484 481
484 482
484 489
484 490
484 493
484 494
484 495
484 496
484 498
484 500
485 25
485 72
485 137
485 232
485 270
485 303
485 397
485 417
485 426
485 431
485 446
485 453
485 463
485 472
485 476
485 487
486 206
486 252
486 327
486 419
486 456
486 483
486 491
486 492
486 495
486 499
486 500
487 64
487 71
487 202
487 223
487 304
487 310
487 366
487 373
487 410
487 446
487 453
487 463
487 468
487 472
487 476
487 479
487 485
488 140
488 174
488 232
488 361
488 372
488 410
488 416
488 426
488 430
488 448
488 457
488 469
488 470
488 475
488 478
488 479
488 496
489 115
489 293
489 296
489 311
489 327
489 386
489 408
489 443
489 482
489 483
489 484
489 490
489 492
489 493
489 495
489 496
489 498
489 500
490 101
490 249
490 314
490 387
490 399
490 408
490 443
490 447
490 471
490 482
490 484
490 489
490 493
490 494
490 495
490 496
490 498
490 500
491 63
491 128
491 332
491 357
491 413
491 483
491 486
491 492
491 495
491 499
491 500
492 17
492 53
492 151
492 194
492 324
492 474
492 483
492 486
492 489
492 491
492 493
492 495
492 496
492 499
493 106
493 207
493 265
493 295
493 316
493 329
493 379
493 443
493 454
493 468
493 483
493 484
493 489
493 490
493 492
493 495
493 496
493 498
493 500
494 11
494 40
494 217
494 240
494 253
494 257
494 277
494 352
494 397
494 429
494 441
494 443
494 444
494 456
494 471
494 481
494 482
494 484
494 490
494 498
495 53
495 67
495 281
495 316
495 326
495 353
495 356
495 385
495 483
495 484
495 486
495 489
495 490
495 491
495 492
495 493
495 496
495 499
495 500
496 198
496 203
496 212
496 284
496 374
496 443
496 450
496 463
496 478
496 482
496 483
496 484
496 488
496 489
496 490
496 492
496 493
496 495
496 498
496 500
497 13
497 46
497 180
497 207
497 223
497 225
497 227
497 274
497 384
497 408
497 424
497 426
497 448
497 457
497 469
497 477
497 478
497 479
497 499
497 500
498 147
498 177
498 229
498 241
498 303
498 324
498 326
498 352
498 391
498 443
498 473
498 482
498 483
498 484
498 489
498 490
498 493
498 494
498 496
498 500
499 63
499 231
499 266
499 357
499 413
499 483
499 486
499 491
499 492
499 495
499 497
500 124
500 290
500 292
500 356
500 396
500 401
500 442
500 443
500 447
500 472
500 483
500 484
500 486
500 489
500 490
500 491
500 493
500 495
500 496
500 497
500 498
