1 28
2 5
3 3
4 28
5 44
6 22
7 31
8 54
9 48
10 40
11 2
12 34
13 16
14 26
15 9
16 50
17 23
18 30
19 26
20 45
21 12
22 43
23 25
24 1
25 13
26 48
27 51
28 19
29 53
30 6
31 44
32 53
33 50
34 38
35 40
36 34
37 20
38 11
39 20
40 25
41 36
42 30
43 30
44 32
45 2
46 16
47 51
48 11
49 7
50 45
51 31
52 40
53 36
54 24
55 19
56 33
57 28
58 31
59 25
60 34
61 3
62 31
63 16
64 33
65 15
66 51
67 33
68 3
69 25
70 1
71 11
72 45
73 27
74 24
75 21
76 15
77 44
78 45
79 7
80 50
81 24
82 40
83 34
84 39
85 3
86 9
87 23
88 15
89 46
90 24
91 35
92 17
93 25
94 13
95 9
96 45
97 50
98 17
99 22
100 47
101 44
102 40
103 36
104 43
105 17
106 20
107 54
108 5
109 43
110 40
111 48
112 6
113 40
114 11
115 41
116 14
117 47
118 12
119 26
120 45
121 37
122 7
123 44
124 26
125 35
126 14
127 31
128 23
129 21
130 21
131 43
132 31
133 51
134 48
135 34
136 52
137 14
138 49
139 29
140 21
141 54
142 14
143 40
144 5
145 50
146 38
147 22
148 4
149 3
150 33
151 22
152 49
153 34
154 2
155 9
156 11
157 16
158 44
159 36
160 11
161 48
162 6
163 15
164 50
165 8
166 35
167 31
168 23
169 49
170 26
171 20
172 12
173 44
174 12
175 16
176 21
177 40
178 22
179 5
180 14
181 25
182 5
183 49
184 3
185 16
186 48
187 19
188 3
189 1
190 18
191 12
192 26
193 12
194 44
195 13
196 10
197 10
198 33
199 52
200 47
201 14
202 31
203 23
204 53
205 30
206 31
207 48
208 34
209 15
210 8
211 44
212 43
213 6
214 46
215 17
216 33
217 40
218 45
219 35
220 29
221 44
222 9
223 15
224 40
225 31
226 36
227 1
228 12
229 29
230 48
231 31
232 7
233 19
234 17
235 34
236 13
237 21
238 32
239 29
240 54
241 11
242 44
243 30
244 21
245 41
246 16
247 49
248 16
249 47
250 18
251 8
252 48
253 21
254 35
255 34
256 43
257 38
258 25
259 37
260 49
261 12
262 2
263 44
264 27
265 33
266 21
267 26
268 21
269 48
270 43
271 53
272 32
273 34
274 14
275 16
276 16
277 47
278 12
279 54
280 10
281 39
282 40
283 43
284 2
285 11
286 11
287 42
288 43
289 47
290 31
291 8
292 5
293 12
294 42
295 33
296 20
297 29
298 14
299 21
300 21
301 11
302 36
303 47
304 50
305 31
306 35
307 25
308 6
309 16
310 7
311 4
312 20
313 48
314 34
315 50
316 46
317 37
318 26
319 18
320 36
321 7
322 11
323 40
324 15
325 52
326 13
327 26
328 43
329 47
330 43
331 11
332 25
333 9
334 12
335 48
336 28
337 33
338 27
339 44
340 11
341 21
342 36
343 35
344 22
345 34
346 27
347 7
348 36
349 12
350 27
351 40
352 5
353 34
354 8
355 2
356 48
357 24
358 28
359 16
360 21
361 41
362 39
363 20
364 43
365 21
366 27
367 17
368 31
369 32
370 28
371 41
372 8
373 28
374 9
375 40
376 50
377 6
378 53
379 4
380 3
381 31
382 19
383 6
384 30
385 23
386 36
387 45
388 6
389 23
390 37
391 16
392 1
393 17
394 41
395 6
396 5
397 41
398 46
399 21
400 39
401 42
402 38
403 31
404 24
405 53
406 12
407 24
408 21
409 16
410 14
411 28
412 34
413 11
414 4
415 28
416 53
417 8
418 46
419 23
420 44
421 34
422 38
423 37
424 9
425 42
426 48
427 5
428 51
429 36
430 19
431 12
432 10
433 26
434 13
435 31
436 25
437 30
438 21
439 18
440 52
441 52
442 39
443 34
444 13
445 18
446 17
447 5
448 52
449 36
450 4
451 7
452 31
453 21
454 16
455 40
456 12
457 16
458 18
459 40
460 51
461 25
462 44
463 32
464 29
465 33
466 18
467 31
468 20
469 40
470 51
471 21
472 40
473 51
474 40
475 21
476 33
477 10
478 33
479 31
480 12
481 24
482 42
483 1
484 31
485 43
486 4
487 28
488 10
489 3
490 15
491 21
492 24
493 15
494 31
495 49
496 12
497 4
498 27
499 12
500 21
