1 7
1 284
1 329
1 335
1 416
2 4
2 6
2 295
2 329
2 467
3 12
3 13
3 18
3 255
3 270
4 2
4 6
4 284
4 295
4 376
5 38
5 58
5 221
5 277
5 305
6 2
6 4
6 7
6 295
6 329
7 1
7 6
7 284
7 295
7 329
8 10
8 11
8 367
8 431
8 489
9 10
9 11
9 255
9 270
9 295
10 8
10 9
10 11
10 255
10 270
11 8
11 9
11 10
11 270
11 295
12 3
12 13
12 19
12 456
12 496
13 3
13 12
13 15
13 19
13 255
14 31
14 32
14 33
14 245
14 424
15 13
15 18
15 19
15 158
15 335
16 33
16 34
16 35
16 37
16 42
17 51
17 53
17 301
17 476
17 495
18 3
18 15
18 19
18 158
18 270
19 12
19 13
19 15
19 18
19 158
20 124
20 192
20 230
20 265
20 310
21 22
21 177
21 238
21 498
21 499
22 21
22 158
22 177
22 238
22 304
23 26
23 28
23 30
23 32
23 177
24 56
24 86
24 165
24 375
24 427
25 95
25 130
25 145
25 146
25 337
26 23
26 28
26 30
26 295
26 401
27 142
27 174
27 232
27 248
27 494
28 23
28 26
28 30
28 177
28 461
29 160
29 184
29 194
29 264
29 321
30 23
30 26
30 28
30 238
30 494
31 14
31 32
31 177
31 245
31 448
32 14
32 23
32 31
32 245
32 476
33 14
33 16
33 37
33 278
33 448
34 16
34 35
34 37
34 245
34 489
35 16
35 34
35 37
35 42
35 291
36 130
36 143
36 144
36 229
36 248
37 16
37 33
37 34
37 35
37 42
38 5
38 58
38 221
38 444
38 455
39 45
39 48
39 50
39 51
39 457
40 58
40 62
40 65
40 91
40 459
41 102
41 126
41 131
41 132
41 421
42 16
42 35
42 37
42 43
42 49
43 42
43 45
43 49
43 261
43 480
44 52
44 53
44 54
44 57
44 191
45 39
45 43
45 48
45 49
45 50
46 122
46 123
46 124
46 300
46 467
47 111
47 116
47 329
47 420
47 490
48 39
48 45
48 49
48 50
48 486
49 42
49 43
49 45
49 48
49 50
50 39
50 45
50 48
50 49
50 51
51 17
51 39
51 50
51 52
51 53
52 44
52 51
52 53
52 313
52 444
53 17
53 44
53 51
53 52
53 483
54 44
54 57
54 338
54 431
54 494
55 57
55 167
55 191
55 288
55 402
56 24
56 86
56 155
56 161
56 209
57 44
57 54
57 55
57 167
57 191
58 5
58 38
58 40
58 91
58 405
59 62
59 64
59 84
59 310
59 497
60 69
60 70
60 71
60 220
60 498
61 63
61 66
61 67
61 68
61 496
62 40
62 59
62 65
62 83
62 91
63 61
63 67
63 68
63 191
63 490
64 59
64 84
64 267
64 487
64 500
65 40
65 62
65 83
65 84
65 477
66 61
66 67
66 68
66 167
66 191
67 61
67 63
67 66
67 68
67 167
68 61
68 63
68 66
68 67
68 70
69 60
69 70
69 220
69 329
69 493
70 60
70 68
70 69
70 220
70 423
71 60
71 73
71 220
71 222
71 453
72 131
72 132
72 138
72 420
72 439
73 71
73 74
73 75
73 222
73 310
74 73
74 75
74 222
74 366
74 389
75 73
75 74
75 222
75 250
75 310
76 77
76 79
76 250
76 355
76 469
77 76
77 78
77 79
77 250
77 310
78 77
78 79
78 80
78 81
78 489
79 76
79 77
79 78
79 81
79 250
80 78
80 81
80 82
80 85
80 479
81 78
81 79
81 80
81 82
81 87
82 80
82 81
82 85
82 87
82 425
83 62
83 65
83 84
83 91
83 220
84 59
84 64
84 65
84 83
84 353
85 80
85 82
85 87
85 90
85 246
86 24
86 56
86 121
86 185
86 237
87 81
87 82
87 85
87 90
87 246
88 90
88 92
88 94
88 246
88 318
89 92
89 94
89 246
89 354
89 423
90 85
90 87
90 88
90 92
90 246
91 40
91 58
91 62
91 83
91 495
92 88
92 89
92 90
92 94
92 96
93 97
93 98
93 165
93 420
93 434
94 88
94 89
94 92
94 96
94 463
95 25
95 145
95 146
95 164
95 444
96 92
96 94
96 99
96 343
96 398
97 93
97 98
97 102
97 326
97 441
98 93
98 97
98 279
98 426
98 446
99 96
99 100
99 105
99 317
99 474
100 99
100 101
100 103
100 105
100 430
101 100
101 103
101 105
101 106
101 107
102 41
102 97
102 126
102 395
102 426
103 100
103 101
103 105
103 106
103 496
104 190
104 207
104 209
104 373
104 422
105 99
105 100
105 101
105 103
105 106
106 101
106 103
106 105
106 107
106 202
107 101
107 106
107 202
107 412
107 473
108 109
108 189
108 202
108 351
108 431
109 108
109 110
109 189
109 202
109 493
110 109
110 189
110 202
110 396
110 465
111 47
111 112
111 115
111 117
111 479
112 111
112 115
112 117
112 445
112 493
113 123
113 241
113 374
113 398
113 410
114 153
114 154
114 155
114 237
114 262
115 111
115 112
115 117
115 189
115 289
116 47
116 117
116 189
116 437
116 475
117 111
117 112
117 115
117 116
117 224
118 119
118 224
118 241
118 470
118 478
119 118
119 224
119 241
119 372
119 492
120 140
120 141
120 174
120 236
120 393
121 86
121 155
121 161
121 237
121 328
122 46
122 123
122 224
122 393
122 473
123 46
123 113
123 122
123 241
123 490
124 20
124 46
124 192
124 230
124 264
124 373
125 159
125 179
125 192
125 230
125 373
126 41
126 102
126 359
126 378
126 482
127 133
127 159
127 172
127 382
127 465
128 129
128 133
128 231
128 373
128 456
129 128
129 133
129 159
129 179
129 231
130 25
130 36
130 146
130 435
130 467
131 41
131 72
131 289
131 430
131 473
132 41
132 72
132 138
132 256
132 372
133 127
133 128
133 129
133 134
133 231
134 133
134 135
134 136
134 231
134 454
135 134
135 136
135 137
135 139
135 223
136 134
136 135
136 139
136 231
136 391
137 135
137 139
137 223
137 231
137 494
138 72
138 132
138 221
138 252
138 305
139 135
139 136
139 137
139 141
139 223
140 120
140 141
140 223
140 236
140 275
141 120
141 139
141 140
141 236
141 476
142 27
142 174
142 232
142 451
142 477
143 36
143 144
143 174
143 248
143 480
144 36
144 143
144 345
144 441
144 457
145 25
145 95
145 146
145 164
145 229
146 25
146 95
146 130
146 145
146 229
147 148
147 149
147 164
147 229
147 314
148 147
148 149
148 150
148 151
148 152
149 147
149 148
149 152
149 417
149 468
150 148
150 151
150 152
150 426
150 472
151 148
151 150
151 152
151 314
151 325
152 148
152 149
152 150
152 151
152 386
153 114
153 154
153 373
153 403
153 464
154 114
154 153
154 161
154 353
154 416
155 56
155 114
155 121
155 161
155 468
156 157
156 292
156 356
156 363
156 376
156 379
157 156
157 163
157 166
157 168
157 376
157 441
158 15
158 18
158 19
158 22
158 238
158 463
159 125
159 127
159 129
159 172
159 179
159 468
160 29
160 184
160 194
160 270
160 305
160 419
161 56
161 121
161 154
161 155
161 237
161 399
162 165
162 185
162 190
162 209
162 330
162 348
163 157
163 166
163 168
163 273
163 376
163 451
164 95
164 145
164 147
164 229
164 248
164 314
165 24
165 93
165 162
165 190
165 368
165 467
166 157
166 163
166 168
166 169
166 273
166 433
167 55
167 57
167 66
167 67
167 191
167 421
168 157
168 163
168 166
168 169
168 273
168 376
169 166
169 168
169 173
169 175
169 176
169 273
170 235
170 239
170 240
170 308
170 330
170 462
171 173
171 176
171 178
171 180
171 273
171 363
172 127
172 159
172 179
172 230
172 267
172 415
173 169
173 171
173 175
173 176
173 178
173 180
174 27
174 120
174 142
174 143
174 232
174 236
175 169
175 173
175 176
175 178
175 490
175 491
176 169
176 171
176 173
176 175
176 178
176 273
177 21
177 22
177 23
177 28
177 31
177 238
178 171
178 173
178 175
178 176
178 180
178 404
179 125
179 129
179 159
179 172
179 352
179 477
180 171
180 173
180 178
180 404
180 473
180 496
181 183
181 186
181 187
181 351
181 404
181 426
182 297
182 301
182 306
182 319
182 327
182 358
183 181
183 186
183 187
183 404
183 463
183 480
184 29
184 160
184 194
184 221
184 305
184 444
185 86
185 162
185 190
185 209
185 414
185 485
186 181
186 183
186 187
186 333
186 404
186 441
187 181
187 183
187 186
187 351
187 404
187 405
188 193
188 200
188 247
188 265
188 298
188 478
189 108
189 109
189 110
189 115
189 116
189 421
190 104
190 162
190 165
190 185
190 209
190 430
191 44
191 55
191 57
191 63
191 66
191 167
192 20
192 124
192 125
192 230
192 414
192 499
193 188
193 247
193 262
193 265
193 300
193 461
194 29
194 160
194 184
194 221
194 305
194 321
195 276
195 297
195 302
195 315
195 320
195 374
196 207
196 234
196 299
196 314
196 400
196 489
197 276
197 288
197 302
197 324
197 332
197 338
198 243
198 275
198 289
198 313
198 323
198 382
199 206
199 243
199 275
199 289
199 291
199 313
200 188
200 352
200 356
200 456
200 460
200 466
201 203
201 204
201 205
201 266
201 426
201 489
202 106
202 107
202 108
202 109
202 110
202 424
203 201
203 204
203 205
203 266
203 351
203 495
204 201
204 203
204 205
204 266
204 351
204 426
205 201
205 203
205 204
205 216
205 266
205 426
206 199
206 243
206 257
206 275
206 296
206 301
206 313
207 104
207 196
207 234
207 252
207 379
207 484
208 210
208 211
208 213
208 216
208 336
208 471
209 56
209 104
209 162
209 185
209 190
209 285
210 208
210 211
210 213
210 216
210 266
210 435
211 208
211 210
211 213
211 216
211 217
211 228
212 263
212 299
212 316
212 368
212 415
212 443
213 208
213 210
213 211
213 216
213 217
213 228
214 297
214 306
214 319
214 320
214 374
214 394
215 300
215 317
215 365
215 398
215 474
215 479
216 205
216 208
216 210
216 211
216 213
216 217
217 211
217 213
217 216
217 227
217 228
217 404
218 226
218 227
218 228
218 235
218 240
218 417
219 251
219 254
219 258
219 260
219 343
219 431
220 60
220 69
220 70
220 71
220 83
220 222
220 324
221 5
221 38
221 138
221 184
221 194
221 305
222 71
222 73
222 74
222 75
222 220
222 250
223 135
223 137
223 139
223 140
223 271
223 338
224 117
224 118
224 119
224 122
224 241
224 380
225 272
225 285
225 343
225 389
225 403
225 493
226 218
226 227
226 235
226 240
226 479
226 483
227 217
227 218
227 226
227 228
227 235
227 240
228 211
228 213
228 217
228 218
228 227
228 235
229 36
229 145
229 146
229 147
229 164
229 314
230 20
230 124
230 125
230 172
230 192
230 373
231 128
231 129
231 133
231 134
231 136
231 137
232 27
232 142
232 174
232 236
232 248
232 364
233 279
233 285
233 311
233 359
233 389
233 490
234 196
234 207
234 252
234 256
234 474
234 500
235 170
235 218
235 226
235 227
235 228
235 240
236 120
236 140
236 141
236 174
236 232
236 488
237 86
237 114
237 121
237 161
237 455
237 457
238 21
238 22
238 30
238 158
238 177
238 374
239 170
239 242
239 308
239 326
239 330
239 405
240 170
240 218
240 226
240 227
240 235
240 347
241 113
241 118
241 119
241 123
241 224
241 427
242 239
242 244
242 308
242 326
242 330
242 393
243 198
243 199
243 206
243 257
243 275
243 296
244 242
244 249
244 326
244 393
244 395
244 490
245 14
245 31
245 32
245 34
245 438
245 482
246 85
246 87
246 88
246 89
246 90
246 464
247 188
247 193
247 265
247 267
247 298
247 352
248 27
248 36
248 143
248 164
248 232
248 339
249 244
249 326
249 330
249 344
249 393
249 400
250 75
250 76
250 77
250 79
250 222
250 310
251 219
251 254
251 258
251 260
251 344
251 460
252 138
252 207
252 234
252 253
252 256
252 498
253 252
253 256
253 264
253 387
253 467
253 499
254 219
254 251
254 258
254 260
254 344
254 473
255 3
255 9
255 10
255 13
255 270
255 459
256 132
256 234
256 252
256 253
256 264
256 433
257 206
257 243
257 272
257 275
257 289
257 301
257 459
258 219
258 251
258 254
258 260
258 455
258 478
259 276
259 288
259 302
259 315
259 338
259 374
260 219
260 251
260 254
260 258
260 343
260 344
261 43
261 278
261 291
261 301
261 304
261 323
261 376
262 114
262 193
262 265
262 298
262 300
262 317
262 352
263 212
263 267
263 285
263 299
263 316
263 328
263 368
264 29
264 124
264 253
264 256
264 321
264 329
264 377
265 20
265 188
265 193
265 247
265 262
265 298
265 352
266 201
266 203
266 204
266 205
266 210
266 359
266 417
266 457
267 64
267 172
267 247
267 263
267 271
267 281
267 325
267 328
268 269
268 277
268 369
268 422
268 437
268 463
268 473
269 268
269 277
269 369
269 422
269 437
269 463
269 470
270 3
270 9
270 10
270 11
270 18
270 160
270 255
271 223
271 267
271 281
271 325
271 328
271 368
271 450
271 453
272 225
272 257
272 343
272 344
272 371
272 383
272 403
273 163
273 166
273 168
273 169
273 171
273 176
273 424
274 292
274 349
274 355
274 379
274 412
274 435
274 483
275 140
275 198
275 199
275 206
275 243
275 257
275 313
276 195
276 197
276 259
276 280
276 302
276 315
276 324
277 5
277 268
277 269
277 369
277 422
277 437
277 463
277 467
278 33
278 261
278 304
278 323
278 450
278 488
278 491
279 98
279 233
279 311
279 343
279 403
279 404
279 475
280 276
280 288
280 315
280 324
280 334
280 398
280 418
280 472
281 267
281 271
281 316
281 325
281 328
281 352
281 500
282 331
282 341
282 354
282 366
282 367
282 485
282 491
283 307
283 309
283 342
283 350
283 387
283 454
283 480
284 1
284 4
284 7
284 329
284 331
284 335
284 367
284 496
285 209
285 225
285 233
285 263
285 299
285 311
285 496
286 287
286 290
286 369
286 386
286 397
286 454
286 464
287 286
287 293
287 303
287 369
287 386
287 397
287 422
288 55
288 197
288 259
288 280
288 302
288 338
288 463
289 115
289 131
289 198
289 199
289 257
289 291
289 313
289 452
290 286
290 293
290 303
290 386
290 397
290 428
290 464
291 35
291 199
291 261
291 289
291 304
291 323
291 327
292 156
292 274
292 349
292 356
292 364
292 424
292 474
293 287
293 290
293 303
293 307
293 387
293 397
293 464
294 333
294 336
294 347
294 395
294 414
294 421
294 431
295 2
295 4
295 6
295 7
295 9
295 11
295 26
296 206
296 243
296 301
296 374
296 389
296 455
296 457
297 182
297 195
297 214
297 306
297 320
297 358
297 374
298 188
298 247
298 262
298 265
298 300
298 352
298 485
299 196
299 212
299 263
299 285
299 316
299 359
299 389
300 46
300 193
300 215
300 262
300 298
300 317
300 318
301 17
301 182
301 206
301 257
301 261
301 296
301 327
302 195
302 197
302 259
302 276
302 288
302 426
302 465
303 287
303 290
303 293
303 307
303 386
303 387
303 397
304 22
304 261
304 278
304 291
304 323
304 335
304 436
304 493
305 5
305 138
305 160
305 184
305 194
305 221
305 479
306 182
306 214
306 297
306 319
306 358
306 407
306 500
307 283
307 293
307 303
307 309
307 387
307 397
307 476
308 170
308 239
308 242
308 330
308 393
308 409
308 480
309 283
309 307
309 342
309 346
309 348
309 350
309 387
310 20
310 59
310 73
310 75
310 77
310 250
310 435
310 461
311 233
311 279
311 285
311 359
311 429
311 436
311 484
312 322
312 332
312 354
312 382
312 394
312 445
312 499
313 52
313 198
313 199
313 206
313 275
313 289
313 323
314 147
314 151
314 164
314 196
314 229
314 476
314 483
315 195
315 259
315 276
315 280
315 324
315 398
315 402
316 212
316 263
316 281
316 299
316 368
316 422
316 425
316 479
317 99
317 215
317 262
317 300
317 318
317 398
317 429
318 88
318 300
318 317
318 324
318 398
318 401
318 500
319 182
319 214
319 306
319 327
319 358
319 430
319 498
320 195
320 214
320 297
320 338
320 358
320 374
320 402
321 29
321 194
321 264
321 335
321 416
321 453
321 458
322 312
322 332
322 354
322 382
322 394
322 397
322 464
323 198
323 261
323 278
323 291
323 304
323 313
323 335
324 197
324 220
324 276
324 280
324 315
324 318
324 398
325 151
325 267
325 271
325 281
325 328
325 452
325 484
326 97
326 239
326 242
326 244
326 249
326 330
326 393
326 457
327 182
327 291
327 301
327 319
327 358
327 437
327 486
328 121
328 263
328 267
328 271
328 281
328 325
328 368
328 459
329 1
329 2
329 6
329 7
329 47
329 69
329 264
329 284
329 335
330 162
330 170
330 239
330 242
330 249
330 308
330 326
330 344
331 282
331 284
331 341
331 346
331 354
331 366
331 367
331 382
331 438
332 197
332 312
332 322
332 354
332 365
332 382
332 394
332 402
333 186
333 294
333 336
333 347
333 355
333 395
333 421
333 472
334 280
334 365
334 391
334 401
334 402
334 407
334 414
334 473
335 1
335 15
335 284
335 304
335 321
335 323
335 329
335 451
336 208
336 294
336 333
336 347
336 355
336 395
336 421
336 431
337 25
337 345
337 348
337 350
337 353
337 372
337 417
337 466
338 54
338 197
338 223
338 259
338 288
338 320
338 398
338 443
339 248
339 341
339 345
339 353
339 366
339 372
339 440
339 463
340 360
340 361
340 419
340 438
340 443
340 450
340 454
340 473
341 282
341 331
341 339
341 345
341 366
341 367
341 456
341 499
342 283
342 309
342 346
342 348
342 350
342 387
342 417
342 450
343 96
343 219
343 225
343 260
343 272
343 279
343 389
343 403
344 249
344 251
344 254
344 260
344 272
344 330
344 393
344 432
345 144
345 337
345 339
345 341
345 353
345 366
345 372
345 498
346 309
346 331
346 342
346 348
346 350
346 413
346 417
346 456
347 240
347 294
347 333
347 336
347 355
347 407
347 421
347 431
348 162
348 309
348 337
348 342
348 346
348 350
348 384
348 417
348 494
349 274
349 292
349 356
349 363
349 364
349 379
349 424
349 435
350 283
350 309
350 337
350 342
350 346
350 348
350 353
350 417
351 108
351 181
351 187
351 203
351 204
351 404
351 426
351 496
352 179
352 200
352 247
352 262
352 265
352 281
352 298
352 373
353 84
353 154
353 337
353 339
353 345
353 350
353 372
353 417
353 464
354 89
354 282
354 312
354 322
354 331
354 332
354 382
354 394
355 76
355 274
355 333
355 336
355 347
355 395
355 421
355 494
356 156
356 200
356 292
356 349
356 363
356 364
356 424
356 464
357 385
357 388
357 406
357 418
357 420
357 422
357 437
357 463
358 182
358 297
358 306
358 319
358 320
358 327
358 477
358 494
359 126
359 233
359 266
359 299
359 311
359 391
359 403
359 463
360 340
360 377
360 419
360 438
360 450
360 454
360 473
360 474
361 340
361 377
361 384
361 399
361 419
361 438
361 450
361 473
362 371
362 381
362 383
362 415
362 423
362 427
362 430
362 432
363 156
363 171
363 349
363 356
363 376
363 435
363 436
363 494
364 232
364 292
364 349
364 356
364 376
364 379
364 424
364 435
365 215
365 332
365 334
365 391
365 401
365 407
365 414
365 420
366 74
366 282
366 331
366 339
366 341
366 345
366 367
366 372
367 8
367 282
367 284
367 331
367 341
367 366
367 448
367 454
367 482
368 165
368 212
368 263
368 271
368 316
368 328
368 411
368 482
369 268
369 269
369 277
369 286
369 287
369 386
369 443
369 464
370 378
370 390
370 392
370 410
370 416
370 442
370 453
370 465
370 470
371 272
371 362
371 375
371 381
371 383
371 409
371 415
371 423
371 466
372 119
372 132
372 337
372 339
372 345
372 353
372 366
372 417
372 478
373 104
373 124
373 125
373 128
373 153
373 230
373 352
373 404
373 486
374 113
374 195
374 214
374 238
374 259
374 296
374 297
374 320
374 482
375 24
375 371
375 381
375 383
375 405
375 409
375 433
375 441
375 457
376 4
376 156
376 157
376 163
376 168
376 261
376 363
376 364
376 424
377 264
377 360
377 361
377 380
377 384
377 399
377 419
377 427
377 444
378 126
378 370
378 390
378 392
378 410
378 416
378 436
378 469
378 470
378 495
379 156
379 207
379 274
379 349
379 364
379 406
379 435
379 461
379 479
380 224
380 377
380 384
380 396
380 399
380 427
380 430
380 432
380 444
381 362
381 371
381 375
381 403
381 409
381 415
381 423
381 427
381 430
381 490
382 127
382 198
382 312
382 322
382 331
382 332
382 354
382 394
382 442
383 272
383 362
383 371
383 375
383 405
383 409
383 423
383 432
383 457
384 348
384 361
384 377
384 380
384 399
384 438
384 468
384 483
384 485
385 357
385 388
385 400
385 406
385 412
385 420
385 425
385 437
385 467
386 152
386 286
386 287
386 290
386 303
386 369
386 387
386 397
386 464
387 253
387 283
387 293
387 303
387 307
387 309
387 342
387 386
387 490
388 357
388 385
388 400
388 406
388 412
388 418
388 420
388 422
388 463
389 74
389 225
389 233
389 296
389 299
389 343
389 403
389 445
389 492
390 370
390 378
390 392
390 410
390 416
390 436
390 442
390 470
390 492
391 136
391 334
391 359
391 365
391 401
391 402
391 407
391 414
391 461
392 370
392 378
392 390
392 410
392 416
392 436
392 470
392 483
392 498
393 120
393 122
393 242
393 244
393 249
393 308
393 326
393 344
393 472
394 214
394 312
394 322
394 332
394 354
394 382
394 402
394 457
394 477
395 102
395 244
395 294
395 333
395 336
395 355
395 421
395 431
395 464
396 110
396 380
396 399
396 415
396 427
396 430
396 432
396 444
396 450
397 286
397 287
397 290
397 293
397 303
397 307
397 322
397 386
397 437
397 485
398 96
398 113
398 215
398 280
398 315
398 317
398 318
398 324
398 338
399 161
399 361
399 377
399 380
399 384
399 396
399 427
399 432
399 444
400 196
400 249
400 385
400 388
400 406
400 412
400 418
400 420
400 425
400 433
400 467
401 26
401 318
401 334
401 365
401 391
401 402
401 407
401 414
401 433
401 470
402 55
402 315
402 320
402 332
402 334
402 391
402 394
402 401
402 414
402 418
403 153
403 225
403 272
403 279
403 343
403 359
403 381
403 389
403 482
403 500
404 178
404 180
404 181
404 183
404 186
404 187
404 217
404 279
404 351
404 373
405 58
405 187
405 239
405 375
405 383
405 409
405 423
405 425
405 433
405 441
405 457
406 357
406 379
406 385
406 388
406 400
406 412
406 418
406 420
406 435
406 452
406 467
407 306
407 334
407 347
407 365
407 391
407 401
407 414
407 429
407 431
407 495
408 411
408 440
408 468
408 474
408 478
408 480
408 482
408 483
408 485
408 489
409 308
409 371
409 375
409 381
409 383
409 405
409 423
409 433
409 441
409 457
410 113
410 370
410 378
410 390
410 392
410 416
410 436
410 442
410 470
410 475
411 368
411 408
411 434
411 440
411 452
411 465
411 466
411 474
411 476
411 480
411 483
412 107
412 274
412 385
412 388
412 400
412 406
412 420
412 425
412 467
412 484
413 346
413 428
413 429
413 445
413 448
413 451
413 455
413 456
413 461
413 479
414 185
414 192
414 294
414 334
414 365
414 391
414 401
414 402
414 407
414 431
415 172
415 212
415 362
415 371
415 381
415 396
415 423
415 430
415 432
415 444
416 1
416 154
416 321
416 370
416 378
416 390
416 392
416 410
416 429
416 436
416 470
416 490
417 149
417 218
417 266
417 337
417 342
417 346
417 348
417 350
417 353
417 372
417 481
418 280
418 357
418 388
418 400
418 402
418 406
418 420
418 422
418 437
418 470
418 478
419 160
419 340
419 360
419 361
419 377
419 438
419 442
419 443
419 450
419 454
419 473
419 489
420 47
420 72
420 93
420 357
420 365
420 385
420 388
420 400
420 406
420 412
420 418
420 467
421 41
421 167
421 189
421 294
421 333
421 336
421 347
421 355
421 395
421 426
421 431
422 104
422 268
422 269
422 277
422 287
422 316
422 357
422 388
422 418
422 437
422 463
423 70
423 89
423 362
423 371
423 381
423 383
423 405
423 409
423 415
423 441
423 457
424 14
424 202
424 273
424 292
424 349
424 356
424 364
424 376
424 433
424 455
424 474
425 82
425 316
425 385
425 400
425 405
425 412
425 433
425 435
425 441
425 457
425 467
426 98
426 102
426 150
426 181
426 201
426 204
426 205
426 302
426 351
426 421
426 466
427 24
427 241
427 362
427 377
427 380
427 381
427 396
427 399
427 430
427 432
427 444
428 290
428 413
428 438
428 445
428 448
428 450
428 451
428 454
428 456
428 473
428 486
429 311
429 317
429 407
429 413
429 416
429 436
429 445
429 448
429 451
429 455
429 461
429 479
430 100
430 131
430 190
430 319
430 362
430 380
430 381
430 396
430 415
430 427
430 432
430 444
431 8
431 54
431 108
431 219
431 294
431 336
431 347
431 395
431 407
431 414
431 421
432 344
432 362
432 380
432 383
432 396
432 399
432 415
432 427
432 430
432 444
432 462
433 166
433 256
433 375
433 400
433 401
433 405
433 409
433 424
433 425
433 441
433 457
433 467
434 93
434 411
434 447
434 452
434 453
434 465
434 466
434 476
434 483
434 490
434 497
435 130
435 210
435 274
435 310
435 349
435 363
435 364
435 379
435 406
435 425
435 437
436 304
436 311
436 363
436 378
436 390
436 392
436 410
436 416
436 429
436 445
436 461
436 479
437 116
437 268
437 269
437 277
437 327
437 357
437 385
437 397
437 418
437 422
437 435
437 463
438 245
438 331
438 340
438 360
438 361
438 384
438 419
438 428
438 443
438 450
438 454
438 473
439 72
439 446
439 459
439 462
439 469
439 474
439 475
439 477
439 478
439 482
439 485
439 489
439 494
440 339
440 408
440 411
440 447
440 452
440 468
440 474
440 478
440 480
440 482
440 483
440 485
441 97
441 144
441 157
441 186
441 375
441 405
441 409
441 423
441 425
441 433
441 457
441 467
442 370
442 382
442 390
442 410
442 419
442 447
442 453
442 465
442 466
442 470
442 476
442 490
443 212
443 338
443 340
443 369
443 419
443 438
443 447
443 450
443 451
443 454
443 473
443 481
444 38
444 52
444 95
444 184
444 377
444 380
444 396
444 399
444 415
444 427
444 430
444 432
445 112
445 312
445 389
445 413
445 428
445 429
445 436
445 448
445 455
445 456
445 461
445 479
446 98
446 439
446 459
446 462
446 475
446 477
446 478
446 482
446 485
446 489
446 494
446 497
447 434
447 440
447 442
447 443
447 452
447 453
447 464
447 465
447 466
447 476
447 490
447 500
448 31
448 33
448 367
448 413
448 428
448 429
448 445
448 451
448 455
448 456
448 461
448 465
448 479
449 460
449 462
449 469
449 472
449 475
449 484
449 488
449 491
449 492
449 493
449 494
449 500
450 271
450 278
450 340
450 342
450 360
450 361
450 396
450 419
450 428
450 438
450 443
450 454
450 473
451 142
451 163
451 335
451 413
451 428
451 429
451 443
451 448
451 455
451 456
451 461
451 470
451 479
452 289
452 325
452 406
452 411
452 434
452 440
452 447
452 453
452 465
452 466
452 476
452 483
452 490
453 71
453 271
453 321
453 370
453 434
453 442
453 447
453 452
453 465
453 466
453 470
453 483
453 490
454 134
454 283
454 286
454 340
454 360
454 367
454 419
454 428
454 438
454 443
454 450
454 456
454 473
455 38
455 237
455 258
455 296
455 413
455 424
455 429
455 445
455 448
455 451
455 456
455 461
455 469
455 479
456 12
456 128
456 200
456 341
456 346
456 413
456 428
456 445
456 448
456 451
456 454
456 455
456 461
456 479
457 39
457 144
457 237
457 266
457 296
457 326
457 375
457 383
457 394
457 405
457 409
457 423
457 425
457 433
457 441
458 321
458 462
458 471
458 481
458 484
458 487
458 488
458 491
458 492
458 493
458 494
458 495
458 496
458 498
458 500
459 40
459 255
459 257
459 328
459 439
459 446
459 468
459 469
459 474
459 475
459 477
459 478
459 482
459 485
459 489
460 200
460 251
460 449
460 462
460 469
460 472
460 475
460 477
460 488
460 492
460 493
460 494
460 498
460 500
461 28
461 193
461 310
461 379
461 391
461 413
461 429
461 436
461 445
461 448
461 451
461 455
461 456
461 479
462 170
462 432
462 439
462 446
462 449
462 458
462 460
462 469
462 472
462 475
462 477
462 488
462 492
462 494
463 94
463 158
463 183
463 268
463 269
463 277
463 288
463 339
463 357
463 359
463 388
463 422
463 437
463 492
464 153
464 246
464 286
464 290
464 293
464 322
464 353
464 356
464 369
464 386
464 395
464 447
464 466
464 475
464 485
465 110
465 127
465 302
465 370
465 411
465 434
465 442
465 447
465 448
465 452
465 453
465 466
465 476
465 480
465 490
466 200
466 337
466 371
466 411
466 426
466 434
466 442
466 447
466 452
466 453
466 464
466 465
466 476
466 483
466 490
467 2
467 46
467 130
467 165
467 253
467 277
467 385
467 400
467 406
467 412
467 420
467 425
467 433
467 441
467 490
468 149
468 155
468 159
468 384
468 408
468 440
468 459
468 474
468 477
468 478
468 480
468 482
468 485
468 489
468 491
469 76
469 378
469 439
469 449
469 455
469 459
469 460
469 462
469 472
469 475
469 477
469 489
469 491
469 492
469 494
470 118
470 269
470 370
470 378
470 390
470 392
470 401
470 410
470 416
470 418
470 442
470 451
470 453
470 476
470 490
471 208
471 458
471 486
471 487
471 495
471 496
471 497
471 498
471 499
472 150
472 280
472 333
472 393
472 449
472 460
472 462
472 469
472 475
472 477
472 484
472 488
472 491
472 492
472 494
472 500
473 107
473 122
473 131
473 180
473 254
473 268
473 334
473 340
473 360
473 361
473 419
473 428
473 438
473 443
473 450
473 454
474 99
474 215
474 234
474 292
474 360
474 408
474 411
474 424
474 439
474 440
474 459
474 468
474 478
474 480
474 482
474 483
474 485
475 116
475 279
475 410
475 439
475 446
475 449
475 459
475 460
475 462
475 464
475 469
475 472
475 477
475 488
475 492
475 494
475 499
476 17
476 32
476 141
476 307
476 314
476 411
476 434
476 442
476 447
476 452
476 465
476 466
476 470
476 483
476 490
476 492
477 65
477 142
477 179
477 358
477 394
477 439
477 446
477 459
477 460
477 462
477 468
477 469
477 472
477 475
477 488
477 489
477 494
478 118
478 188
478 258
478 372
478 408
478 418
478 439
478 440
478 446
478 459
478 468
478 474
478 480
478 482
478 485
478 489
479 80
479 111
479 215
479 226
479 305
479 316
479 379
479 413
479 429
479 436
479 445
479 448
479 451
479 455
479 456
479 461
480 43
480 143
480 183
480 283
480 308
480 408
480 411
480 440
480 465
480 468
480 474
480 478
480 482
480 483
480 485
480 489
481 417
481 443
481 458
481 484
481 486
481 487
481 491
481 493
481 495
481 496
481 497
481 498
481 499
482 126
482 245
482 367
482 368
482 374
482 403
482 408
482 439
482 440
482 446
482 459
482 468
482 474
482 478
482 480
482 485
482 489
483 53
483 226
483 274
483 314
483 384
483 392
483 408
483 411
483 434
483 440
483 452
483 453
483 466
483 474
483 476
483 480
483 487
484 207
484 311
484 325
484 412
484 449
484 458
484 472
484 481
484 487
484 488
484 491
484 492
484 493
484 495
484 496
484 498
484 500
485 185
485 282
485 298
485 384
485 397
485 408
485 439
485 440
485 446
485 459
485 464
485 468
485 474
485 478
485 480
485 482
485 489
486 48
486 327
486 373
486 428
486 471
486 481
486 487
486 495
486 497
486 498
486 499
487 64
487 458
487 471
487 481
487 483
487 484
487 486
487 491
487 492
487 493
487 495
487 496
487 497
487 498
487 499
487 500
488 236
488 278
488 449
488 458
488 460
488 462
488 472
488 475
488 477
488 484
488 491
488 492
488 493
488 494
488 496
488 498
488 500
489 8
489 34
489 78
489 196
489 201
489 408
489 419
489 439
489 446
489 459
489 468
489 469
489 477
489 478
489 480
489 482
489 485
490 47
490 63
490 123
490 175
490 233
490 244
490 381
490 387
490 416
490 434
490 442
490 447
490 452
490 453
490 465
490 466
490 467
490 470
490 476
491 175
491 278
491 282
491 449
491 458
491 468
491 469
491 472
491 481
491 484
491 487
491 488
491 492
491 493
491 495
491 496
491 498
491 500
492 119
492 389
492 390
492 449
492 458
492 460
492 462
492 463
492 469
492 472
492 475
492 476
492 484
492 487
492 488
492 491
492 493
492 494
492 500
493 69
493 109
493 112
493 225
493 304
493 449
493 458
493 460
493 481
493 484
493 487
493 488
493 491
493 492
493 495
493 496
493 498
493 500
494 27
494 30
494 54
494 137
494 348
494 355
494 358
494 363
494 439
494 446
494 449
494 458
494 460
494 462
494 469
494 472
494 475
494 477
494 488
494 492
495 17
495 91
495 203
495 378
495 407
495 458
495 471
495 481
495 484
495 486
495 487
495 491
495 493
495 496
495 497
495 498
495 499
495 500
496 12
496 61
496 103
496 180
496 284
496 285
496 351
496 458
496 471
496 481
496 484
496 487
496 488
496 491
496 493
496 495
496 497
496 498
496 499
496 500
497 59
497 434
497 446
497 471
497 481
497 486
497 487
497 495
497 496
497 499
498 21
498 60
498 252
498 319
498 345
498 392
498 458
498 460
498 471
498 481
498 484
498 486
498 487
498 488
498 491
498 493
498 495
498 496
498 499
498 500
499 21
499 192
499 253
499 312
499 341
499 471
499 475
499 481
499 486
499 487
499 495
499 496
499 497
499 498
500 64
500 234
500 281
500 306
500 318
500 403
500 447
500 449
500 458
500 460
500 472
500 484
500 487
500 488
500 491
500 492
500 493
500 495
500 496
500 498
