1 13
2 7
3 33
4 45
5 12
6 44
7 27
8 40
9 20
10 38
11 18
12 27
13 46
14 19
15 38
16 15
17 7
18 29
19 44
20 18
21 8
22 2
23 11
24 15
25 26
26 5
27 13
28 20
29 41
30 25
31 43
32 4
33 30
34 25
35 11
36 22
37 19
38 12
39 1
40 20
41 37
42 32
43 43
44 40
45 22
46 30
47 25
48 8
49 38
50 11
51 13
52 18
53 44
54 5
55 20
56 36
57 31
58 27
59 43
60 17
61 37
62 31
63 17
64 25
65 33
66 44
67 44
68 41
69 45
70 43
71 23
72 26
73 30
74 10
75 5
76 45
77 45
78 35
79 15
80 17
81 29
82 31
83 2
84 34
85 41
86 43
87 37
88 18
89 4
90 10
91 14
92 28
93 17
94 31
95 23
96 1
97 37
98 28
99 43
100 22
101 44
102 8
103 17
104 39
105 4
106 33
107 29
108 27
109 41
110 38
111 15
112 4
113 44
114 5
115 32
116 17
117 44
118 39
119 38
120 16
121 19
122 8
123 23
124 27
125 10
126 29
127 14
128 27
129 33
130 27
131 21
132 44
133 5
134 12
135 5
136 30
137 43
138 24
139 29
140 31
141 47
142 30
143 33
144 27
145 20
146 18
147 33
148 1
149 43
150 25
151 43
152 29
153 33
154 12
155 46
156 14
157 31
158 21
159 44
160 35
161 42
162 38
163 38
164 21
165 46
166 13
167 32
168 24
169 9
170 5
171 27
172 14
173 44
174 34
175 38
176 31
177 24
178 25
179 38
180 33
181 3
182 37
183 12
184 38
185 25
186 33
187 45
188 29
189 46
190 33
191 3
192 6
193 45
194 20
195 14
196 6
197 37
198 3
199 25
200 2
201 46
202 28
203 46
204 33
205 7
206 27
207 44
208 32
209 22
210 10
211 5
212 27
213 2
214 33
215 19
216 7
217 3
218 21
219 22
220 33
221 27
222 46
223 36
224 37
225 34
226 42
227 21
228 25
229 43
230 44
231 16
232 19
233 9
234 45
235 34
236 46
237 22
238 14
239 21
240 2
241 26
242 8
243 37
244 3
245 5
246 1
247 32
248 26
249 31
250 8
251 5
252 43
253 15
254 46
255 28
256 1
257 19
258 46
259 47
260 24
261 35
262 10
263 25
264 1
265 33
266 4
267 5
268 43
269 3
270 26
271 40
272 10
273 21
274 17
275 9
276 45
277 6
278 6
279 43
280 40
281 25
282 24
283 19
284 19
285 25
286 39
287 19
288 27
289 35
290 31
291 34
292 37
293 43
294 6
295 20
296 9
297 39
298 3
299 16
300 19
301 18
302 16
303 40
304 21
305 19
306 6
307 17
308 41
309 12
310 38
311 37
312 36
313 12
314 12
315 38
316 5
317 25
318 45
319 46
320 11
321 20
322 19
323 36
324 13
325 35
326 8
327 21
328 25
329 42
330 22
331 27
332 7
333 24
334 39
335 10
336 32
337 42
338 7
339 37
340 25
341 17
342 31
343 26
344 1
345 43
346 14
347 46
348 17
349 43
350 2
351 47
352 33
353 37
354 2
355 23
356 36
357 11
358 2
359 44
360 1
361 37
362 16
363 36
364 12
365 12
366 2
367 15
368 4
369 11
370 25
371 25
372 27
373 17
374 4
375 45
376 4
377 3
378 38
379 28
380 11
381 17
382 2
383 44
384 42
385 46
386 38
387 25
388 11
389 11
390 7
391 44
392 6
393 17
394 16
395 47
396 43
397 36
398 6
399 6
400 38
401 33
402 28
403 5
404 14
405 15
406 47
407 38
408 1
409 6
410 11
411 6
412 25
413 12
414 14
415 36
416 9
417 23
418 35
419 47
420 18
421 3
422 30
423 35
424 45
425 29
426 38
427 4
428 38
429 3
430 2
431 8
432 41
433 38
434 12
435 38
436 33
437 42
438 2
439 36
440 46
441 27
442 43
443 2
444 10
445 16
446 46
447 4
448 12
449 38
450 37
451 12
452 25
453 14
454 45
455 27
456 38
457 8
458 44
459 16
460 22
461 2
462 25
463 4
464 37
465 10
466 33
467 1
468 45
469 45
470 30
471 20
472 26
473 8
474 12
475 11
476 22
477 25
478 17
479 45
480 33
481 43
482 2
483 4
484 3
485 43
486 22
487 19
488 25
489 21
490 37
491 30
492 12
493 43
494 43
495 19
496 6
497 6
498 12
499 2
500 19
