1 61
1 257
1 356
1 466
1 473
2 96
2 147
2 314
2 344
2 457
3 166
3 181
3 413
3 429
3 463
4 10
4 231
4 241
4 301
4 495
5 54
5 347
5 373
5 424
5 443
6 63
6 251
6 396
6 478
6 488
7 133
7 273
7 472
7 489
7 495
8 213
8 286
8 367
8 484
8 500
9 39
9 137
9 189
9 201
9 492
10 4
10 233
10 392
10 489
10 490
11 183
11 248
11 297
11 322
11 499
12 60
12 109
12 255
12 397
12 479
13 142
13 216
13 353
13 450
13 454
14 199
14 229
14 419
14 452
14 499
15 123
15 243
15 315
15 332
15 392
16 32
16 127
16 174
16 359
16 443
17 316
17 445
17 469
17 476
17 482
18 36
18 73
18 308
18 348
18 500
19 172
19 260
19 381
19 432
19 449
20 29
20 129
20 373
20 404
20 465
21 176
21 332
21 344
21 347
21 386
22 24
22 284
22 403
22 418
22 487
23 28
23 310
23 318
23 488
23 490
24 22
24 194
24 245
24 333
24 391
25 72
25 246
25 348
25 432
25 498
26 295
26 365
26 424
26 466
26 473
27 440
27 451
27 457
27 463
27 467
28 23
28 431
28 437
28 440
28 484
29 20
29 138
29 301
29 359
29 459
30 77
30 135
30 420
30 478
30 492
31 44
31 50
31 323
31 493
31 495
32 16
32 53
32 246
32 261
32 488
33 90
33 255
33 364
33 390
33 446
34 55
34 154
34 241
34 259
34 276
35 108
35 319
35 450
35 468
35 494
36 18
36 104
36 191
36 249
36 469
37 86
37 156
37 429
37 436
37 486
38 51
38 78
38 294
38 338
38 485
39 9
39 446
39 468
39 491
39 495
40 146
40 163
40 299
40 454
40 490
41 79
41 134
41 264
41 270
41 338
42 50
42 304
42 312
42 345
42 430
43 48
43 78
43 355
43 390
43 461
44 31
44 205
44 248
44 302
44 435
45 339
45 379
45 408
45 447
45 497
46 139
46 361
46 400
46 417
46 438
47 113
47 119
47 190
47 395
47 494
48 43
48 78
48 81
48 296
48 494
49 62
49 409
49 414
49 478
49 489
50 31
50 42
50 161
50 370
50 449
51 38
51 325
51 338
51 423
51 465
52 303
52 462
52 468
52 472
52 491
53 32
53 228
53 352
53 415
53 491
54 5
54 71
54 223
54 443
54 475
55 34
55 313
55 486
55 492
55 497
56 358
56 389
56 396
56 426
56 485
57 60
57 263
57 287
57 295
57 389
58 154
58 340
58 386
58 411
58 476
59 218
59 381
59 396
59 432
59 485
60 12
60 57
60 161
60 196
60 469
61 1
61 250
61 467
61 491
61 493
62 49
62 256
62 317
62 394
62 476
63 6
63 260
63 287
63 301
63 434
64 139
64 203
64 290
64 383
64 473
65 237
65 360
65 383
65 480
65 499
66 112
66 227
66 413
66 478
66 492
67 234
67 393
67 403
67 468
67 492
68 306
68 360
68 437
68 472
68 487
69 114
69 302
69 361
69 385
69 407
70 406
70 416
70 428
70 481
70 495
71 54
71 167
71 225
71 463
71 466
72 25
72 213
72 316
72 404
72 425
73 18
73 134
73 165
73 272
73 450
74 143
74 341
74 351
74 409
74 445
75 127
75 197
75 369
75 452
75 462
76 103
76 163
76 216
76 397
76 414
77 30
77 254
77 365
77 385
77 430
78 38
78 43
78 48
78 294
78 338
79 41
79 286
79 340
79 470
79 496
80 90
80 191
80 204
80 423
80 492
81 48
81 223
81 446
81 468
81 489
82 142
82 292
82 324
82 410
82 458
83 104
83 134
83 276
83 297
83 456
84 225
84 431
84 467
84 487
84 493
85 277
85 378
85 395
85 438
85 494
86 37
86 124
86 252
86 262
86 384
87 89
87 211
87 230
87 326
87 353
88 431
88 437
88 453
88 476
88 487
89 87
89 300
89 357
89 425
89 484
90 33
90 80
90 394
90 459
90 486
91 358
91 417
91 449
91 459
91 476
92 128
92 355
92 451
92 456
92 496
93 357
93 379
93 402
93 434
93 479
94 295
94 305
94 346
94 403
94 467
95 200
95 281
95 388
95 411
95 414
96 2
96 110
96 368
96 389
96 476
97 153
97 188
97 192
97 199
97 478
98 212
98 220
98 410
98 448
98 470
99 310
99 382
99 443
99 490
99 496
100 172
100 228
100 376
100 384
100 423
101 218
101 273
101 315
101 332
101 455
102 199
102 232
102 246
102 255
102 489
103 76
103 210
103 273
103 431
103 482
104 36
104 83
104 128
104 447
104 495
105 132
105 194
105 235
105 322
105 417
106 110
106 420
106 474
106 495
106 496
107 123
107 281
107 292
107 324
107 384
108 35
108 296
108 440
108 452
108 494
109 12
109 195
109 277
109 397
109 479
110 96
110 106
110 387
110 418
110 442
111 215
111 253
111 374
111 467
111 499
112 66
112 320
112 354
112 378
112 492
113 47
113 124
113 252
113 374
113 376
114 69
114 363
114 407
114 440
114 493
115 145
115 184
115 426
115 448
115 483
116 220
116 328
116 339
116 493
116 499
117 292
117 303
117 410
117 434
117 481
118 158
118 180
118 216
118 406
118 489
119 47
119 122
119 238
119 319
119 465
120 178
120 315
120 399
120 461
120 477
121 147
121 225
121 300
121 355
121 497
122 119
122 130
122 197
122 275
122 433
123 15
123 107
123 315
123 332
123 446
124 86
124 113
124 224
124 374
124 400
125 179
125 328
125 339
125 342
125 462
126 210
126 331
126 484
126 491
126 498
127 16
127 75
127 192
127 393
127 415
128 92
128 104
128 377
128 421
128 464
129 20
129 229
129 361
129 373
129 472
130 122
130 133
130 229
130 273
130 291
131 132
131 404
131 425
131 443
131 461
132 105
132 131
132 453
132 486
132 492
133 7
133 130
133 305
133 358
133 425
134 41
134 73
134 83
134 236
134 362
135 30
135 240
135 276
135 453
135 500
136 140
136 412
136 468
136 483
136 499
137 9
137 189
137 228
137 285
137 488
138 29
138 229
138 455
138 460
138 489
139 46
139 64
139 247
139 298
139 448
140 136
140 252
140 389
140 426
140 483
141 368
141 460
141 470
141 471
141 497
142 13
142 82
142 266
142 287
142 370
143 74
143 238
143 302
143 411
143 415
144 253
144 277
144 350
144 426
144 483
145 115
145 195
145 201
145 277
145 482
146 40
146 374
146 400
146 402
146 497
147 2
147 121
147 385
147 461
147 494
148 307
148 316
148 403
148 448
148 471
149 195
149 262
149 377
149 385
149 485
150 443
150 454
150 462
150 475
150 480
151 253
151 263
151 448
151 479
151 494
152 251
152 254
152 258
152 313
152 352
153 97
153 207
153 237
153 323
153 497
154 34
154 58
154 208
154 304
154 337
155 181
155 353
155 377
155 407
155 436
156 37
156 362
156 427
156 436
156 450
157 221
157 380
157 413
157 429
157 432
158 118
158 294
158 459
158 466
158 473
159 270
159 344
159 405
159 445
159 460
160 165
160 202
160 214
160 271
160 279
161 50
161 60
161 196
161 271
161 391
162 356
162 360
162 391
162 417
162 467
163 40
163 76
163 351
163 481
163 488
164 290
164 356
164 383
164 416
164 472
165 73
165 160
165 202
165 245
165 272
166 3
166 233
166 259
166 413
166 429
167 71
167 196
167 397
167 467
167 484
168 173
168 284
168 370
168 439
168 493
169 201
169 217
169 299
169 379
169 479
170 227
170 317
170 328
170 481
170 499
171 241
171 311
171 433
171 474
171 493
172 19
172 100
172 332
172 356
172 417
173 168
173 305
173 318
173 438
173 457
174 16
174 390
174 398
174 441
174 488
175 201
175 268
175 285
175 331
175 443
176 21
176 240
176 312
176 438
176 496
177 267
177 288
177 373
177 414
177 421
178 120
178 236
178 326
178 358
178 401
179 125
179 402
179 435
179 483
179 497
180 118
180 309
180 360
180 388
180 462
181 3
181 155
181 209
181 383
181 407
182 302
182 304
182 308
182 375
182 470
183 11
183 244
183 446
183 477
183 484
184 115
184 360
184 363
184 378
184 499
185 202
185 214
185 453
185 470
185 482
186 316
186 345
186 390
186 398
186 449
187 272
187 353
187 368
187 427
187 496
188 97
188 221
188 239
188 329
188 430
189 9
189 137
189 260
189 285
189 465
190 47
190 413
190 429
190 486
190 495
191 36
191 80
191 241
191 396
191 401
192 97
192 127
192 230
192 264
192 424
193 314
193 339
193 343
193 378
193 406
194 24
194 105
194 245
194 272
194 328
195 109
195 145
195 149
195 329
195 483
196 60
196 161
196 167
196 295
196 338
197 75
197 122
197 246
197 400
197 415
198 240
198 265
198 327
198 440
198 496
199 14
199 97
199 102
199 226
199 419
200 95
200 258
200 287
200 306
200 455
201 9
201 145
201 169
201 175
201 206
201 435
202 160
202 165
202 185
202 205
202 368
202 500
203 64
203 251
203 290
203 383
203 414
203 488
204 80
204 276
204 295
204 396
204 456
204 486
205 44
205 202
205 214
205 233
205 335
205 445
206 201
206 209
206 275
206 366
206 395
206 484
207 153
207 320
207 386
207 388
207 428
207 476
208 154
208 218
208 306
208 430
208 439
208 472
209 181
209 206
209 244
209 434
209 439
209 498
210 103
210 126
210 234
210 315
210 341
210 409
211 87
211 274
211 286
211 322
211 326
211 452
212 98
212 244
212 290
212 423
212 431
212 440
213 8
213 72
213 295
213 311
213 453
213 486
214 160
214 185
214 205
214 215
214 355
214 432
215 111
215 214
215 253
215 263
215 370
215 412
216 13
216 76
216 118
216 366
216 428
216 489
217 169
217 229
217 362
217 405
217 460
217 493
218 59
218 101
218 208
218 312
218 349
218 458
219 265
219 320
219 333
219 408
219 443
219 483
220 98
220 116
220 384
220 441
220 470
220 492
221 157
221 188
221 228
221 302
221 357
221 423
222 224
222 267
222 330
222 343
222 371
222 411
223 54
223 81
223 367
223 398
223 469
223 482
224 124
224 222
224 226
224 239
224 347
224 477
225 71
225 84
225 121
225 421
225 457
225 465
226 199
226 224
226 232
226 335
226 346
226 383
227 66
227 170
227 296
227 316
227 494
227 498
228 53
228 100
228 137
228 221
228 423
228 463
229 14
229 129
229 130
229 138
229 217
229 475
230 87
230 192
230 291
230 434
230 464
230 498
231 4
231 273
231 356
231 449
231 459
231 474
232 102
232 226
232 365
232 433
232 487
232 490
233 10
233 166
233 205
233 310
233 414
233 489
234 67
234 210
234 429
234 446
234 468
234 487
235 105
235 258
235 337
235 365
235 465
235 499
236 134
236 178
236 237
236 279
236 358
236 446
237 65
237 153
237 236
237 264
237 482
237 499
238 119
238 143
238 287
238 377
238 483
238 487
239 188
239 224
239 264
239 279
239 280
239 498
240 135
240 176
240 198
240 399
240 456
240 496
241 4
241 34
241 171
241 191
241 297
241 381
242 271
242 335
242 391
242 410
242 420
242 459
243 15
243 309
243 326
243 346
243 462
243 498
244 183
244 209
244 212
244 291
244 352
244 437
245 24
245 165
245 194
245 421
245 469
245 496
246 25
246 32
246 102
246 197
246 410
246 415
247 139
247 251
247 319
247 335
247 478
247 497
248 11
248 44
248 345
248 399
248 477
248 499
249 36
249 308
249 348
249 463
249 470
249 471
250 61
250 288
250 437
250 456
250 462
250 477
251 6
251 152
251 203
251 247
251 303
251 476
252 86
252 113
252 140
252 339
252 457
252 465
253 111
253 144
253 151
253 215
253 263
253 341
254 77
254 152
254 331
254 359
254 418
254 442
255 12
255 33
255 102
255 268
255 457
255 496
256 62
256 362
256 394
256 478
256 483
256 495
257 1
257 412
257 430
257 446
257 473
257 496
258 152
258 200
258 235
258 262
258 329
258 484
259 34
259 166
259 363
259 367
259 469
259 482
260 19
260 63
260 189
260 421
260 464
260 477
261 32
261 347
261 357
261 405
261 496
261 499
262 86
262 149
262 258
262 447
262 464
262 474
263 57
263 151
263 215
263 253
263 351
263 498
264 41
264 192
264 237
264 239
264 422
264 499
265 198
265 219
265 330
265 333
265 349
265 443
266 142
266 281
266 411
266 441
266 444
266 500
267 177
267 222
267 343
267 361
267 450
267 453
268 175
268 255
268 364
268 417
268 422
268 496
269 297
269 380
269 383
269 399
269 449
269 477
270 41
270 159
270 432
270 437
270 486
270 498
271 160
271 161
271 242
271 299
271 335
271 500
272 73
272 165
272 187
272 194
272 347
272 442
273 7
273 101
273 103
273 130
273 231
273 292
274 211
274 356
274 359
274 432
274 449
274 459
275 122
275 206
275 282
275 354
275 366
275 379
276 34
276 83
276 135
276 204
276 450
276 500
277 85
277 109
277 144
277 145
277 280
277 483
278 309
278 320
278 397
278 419
278 443
278 498
279 160
279 236
279 239
279 376
279 423
279 497
280 239
280 277
280 325
280 472
280 489
280 497
281 95
281 107
281 266
281 372
281 411
281 427
282 275
282 344
282 384
282 386
282 409
282 422
283 427
283 436
283 458
283 470
283 471
283 493
284 22
284 168
284 383
284 387
284 397
284 442
285 137
285 175
285 189
285 410
285 434
285 454
286 8
286 79
286 211
286 300
286 412
286 477
287 57
287 63
287 142
287 200
287 238
287 411
288 177
288 250
288 299
288 388
288 407
288 490
289 340
289 380
289 444
289 469
289 482
289 493
290 64
290 164
290 203
290 212
290 392
290 451
291 130
291 230
291 244
291 456
291 496
291 498
292 82
292 107
292 117
292 273
292 364
292 407
293 323
293 342
293 428
293 429
293 449
293 497
294 38
294 78
294 158
294 338
294 442
294 455
295 26
295 57
295 94
295 196
295 204
295 213
296 48
296 108
296 227
296 368
296 433
296 500
297 11
297 83
297 241
297 269
297 484
297 497
298 139
298 318
298 361
298 414
298 437
298 445
299 40
299 169
299 271
299 288
299 388
299 462
300 89
300 121
300 286
300 487
300 493
300 497
300 500
301 4
301 29
301 63
301 381
301 404
301 464
301 494
302 44
302 69
302 143
302 182
302 221
302 395
302 464
303 52
303 117
303 251
303 324
303 352
303 410
303 477
304 42
304 154
304 182
304 306
304 354
304 484
304 500
305 94
305 133
305 173
305 310
305 314
305 336
305 438
306 68
306 200
306 208
306 304
306 377
306 385
306 447
307 148
307 335
307 442
307 444
307 475
307 480
307 492
308 18
308 182
308 249
308 348
308 395
308 400
308 401
309 180
309 243
309 278
309 404
309 405
309 421
309 498
310 23
310 99
310 233
310 305
310 415
310 476
310 481
311 171
311 213
311 322
311 327
311 334
311 349
311 495
312 42
312 176
312 218
312 418
312 461
312 480
312 485
313 55
313 152
313 398
313 412
313 441
313 466
313 473
314 2
314 193
314 305
314 341
314 370
314 378
314 438
315 15
315 101
315 120
315 123
315 210
315 332
315 458
316 17
316 72
316 148
316 186
316 227
316 404
316 425
317 62
317 170
317 375
317 395
317 466
317 483
317 494
318 23
318 173
318 298
318 324
318 361
318 468
318 477
319 35
319 119
319 247
319 375
319 386
319 445
319 494
320 112
320 207
320 219
320 278
320 420
320 445
320 453
321 323
321 355
321 382
321 446
321 488
321 490
321 495
322 11
322 105
322 211
322 311
322 326
322 339
322 411
323 31
323 153
323 293
323 321
323 327
323 469
323 473
324 82
324 107
324 303
324 318
324 350
324 463
324 482
325 51
325 280
325 326
325 331
325 363
325 387
325 496
326 87
326 178
326 211
326 243
326 322
326 325
326 487
327 198
327 311
327 323
327 330
327 359
327 409
327 486
328 116
328 125
328 170
328 194
328 372
328 388
328 440
329 188
329 195
329 258
329 381
329 386
329 421
329 478
330 222
330 265
330 327
330 333
330 340
330 351
330 500
331 126
331 175
331 254
331 325
331 355
331 482
331 491
332 15
332 21
332 101
332 123
332 172
332 315
332 492
333 24
333 219
333 265
333 330
333 337
333 425
333 443
334 311
334 406
334 409
334 451
334 456
334 474
334 494
335 205
335 226
335 242
335 247
335 271
335 307
335 367
336 305
336 350
336 392
336 395
336 431
336 453
336 473
337 154
337 235
337 333
337 420
337 451
337 474
337 495
338 38
338 41
338 51
338 78
338 196
338 294
338 498
339 45
339 116
339 125
339 193
339 252
339 322
339 462
340 58
340 79
340 289
340 330
340 359
340 374
340 389
341 74
341 210
341 253
341 314
341 445
341 460
341 499
342 125
342 293
342 373
342 414
342 485
342 489
342 498
343 193
343 222
343 267
343 371
343 450
343 451
343 452
344 2
344 21
344 159
344 282
344 346
344 347
344 422
345 42
345 186
345 248
345 390
345 398
345 404
345 433
346 94
346 226
346 243
346 344
346 372
346 430
346 432
347 5
347 21
347 224
347 261
347 272
347 344
347 422
348 18
348 25
348 249
348 308
348 402
348 408
348 460
349 218
349 265
349 311
349 382
349 401
349 483
349 485
350 144
350 324
350 336
350 358
350 393
350 468
350 488
351 74
351 163
351 263
351 330
351 435
351 471
351 478
352 53
352 152
352 244
352 303
352 376
352 410
352 491
353 13
353 87
353 155
353 187
353 371
353 450
353 465
354 112
354 275
354 304
354 356
354 419
354 422
354 498
355 43
355 92
355 121
355 214
355 321
355 331
355 485
356 1
356 162
356 164
356 172
356 231
356 274
356 354
356 461
357 89
357 93
357 221
357 261
357 365
357 424
357 472
357 499
358 56
358 91
358 133
358 178
358 236
358 350
358 413
358 425
359 16
359 29
359 254
359 274
359 327
359 340
359 445
359 476
360 65
360 68
360 162
360 180
360 184
360 424
360 464
360 499
361 46
361 69
361 129
361 267
361 298
361 318
361 400
361 494
362 134
362 156
362 217
362 256
362 394
362 436
362 469
362 491
363 114
363 184
363 259
363 325
363 371
363 455
363 490
363 500
364 33
364 268
364 292
364 418
364 425
364 456
364 475
364 496
365 26
365 77
365 232
365 235
365 357
365 424
365 485
365 499
366 206
366 216
366 275
366 369
366 474
366 475
366 481
366 498
367 8
367 223
367 259
367 335
367 369
367 469
367 482
367 492
368 96
368 141
368 187
368 202
368 296
368 390
368 441
368 471
369 75
369 366
369 367
369 396
369 419
369 434
369 452
369 455
370 50
370 142
370 168
370 215
370 314
370 380
370 382
370 481
371 222
371 343
371 353
371 363
371 426
371 438
371 450
371 484
372 281
372 328
372 346
372 403
372 419
372 434
372 436
372 481
373 5
373 20
373 129
373 177
373 342
373 381
373 398
373 489
374 111
374 113
374 124
374 146
374 340
374 400
374 426
374 484
375 182
375 317
375 319
375 387
375 389
375 433
375 453
375 494
376 100
376 113
376 279
376 352
376 386
376 419
376 423
376 446
377 128
377 149
377 155
377 238
377 306
377 430
377 448
377 480
378 85
378 112
378 184
378 193
378 314
378 436
378 438
378 489
379 45
379 93
379 169
379 275
379 397
379 463
379 479
379 498
380 157
380 269
380 289
380 370
380 481
380 488
380 490
380 491
381 19
381 59
381 241
381 301
381 329
381 373
381 447
381 496
382 99
382 321
382 349
382 370
382 409
382 441
382 449
382 488
383 64
383 65
383 164
383 181
383 203
383 226
383 269
383 284
384 86
384 100
384 107
384 220
384 282
384 438
384 463
384 465
385 69
385 77
385 147
385 149
385 306
385 430
385 435
385 477
386 21
386 58
386 207
386 282
386 319
386 329
386 376
386 422
387 110
387 284
387 325
387 375
387 397
387 399
387 418
387 442
388 95
388 180
388 207
388 288
388 299
388 328
388 406
388 489
389 56
389 57
389 96
389 140
389 340
389 375
389 461
389 485
390 33
390 43
390 174
390 186
390 345
390 368
390 398
390 413
391 24
391 161
391 162
391 242
391 457
391 463
391 465
391 474
392 10
392 15
392 290
392 336
392 404
392 437
392 440
392 497
393 67
393 127
393 350
393 446
393 457
393 468
393 480
393 492
393 500
394 62
394 90
394 256
394 362
394 401
394 436
394 447
394 455
394 494
395 47
395 85
395 206
395 302
395 308
395 317
395 336
395 431
395 440
396 6
396 56
396 59
396 191
396 204
396 369
396 439
396 461
396 481
397 12
397 76
397 109
397 167
397 278
397 284
397 379
397 387
397 479
398 174
398 186
398 223
398 313
398 345
398 373
398 390
398 435
398 463
399 120
399 240
399 248
399 269
399 387
399 416
399 475
399 477
399 493
400 46
400 124
400 146
400 197
400 308
400 361
400 374
400 422
400 458
401 178
401 191
401 308
401 349
401 394
401 402
401 461
401 474
401 485
402 93
402 146
402 179
402 348
402 401
402 435
402 468
402 478
402 497
403 22
403 67
403 94
403 148
403 372
403 432
403 451
403 452
403 499
404 20
404 72
404 131
404 301
404 309
404 316
404 345
404 392
404 425
405 159
405 217
405 261
405 309
405 409
405 434
405 460
405 462
405 480
406 70
406 118
406 193
406 334
406 388
406 430
406 451
406 474
406 495
407 69
407 114
407 155
407 181
407 288
407 292
407 408
407 410
407 453
408 45
408 219
408 348
408 407
408 412
408 415
408 428
408 435
408 476
409 49
409 74
409 210
409 282
409 327
409 334
409 382
409 405
409 445
410 82
410 98
410 117
410 242
410 246
410 285
410 303
410 352
410 407
411 58
411 95
411 143
411 222
411 266
411 281
411 287
411 322
411 473
412 136
412 215
412 257
412 286
412 313
412 408
412 420
412 466
412 473
413 3
413 66
413 157
413 166
413 190
413 358
413 390
413 429
413 444
414 49
414 76
414 95
414 177
414 203
414 233
414 298
414 342
414 419
414 466
415 53
415 127
415 143
415 197
415 246
415 310
415 408
415 426
415 461
415 482
416 70
416 164
416 399
416 427
416 444
416 454
416 458
416 462
416 475
416 480
417 46
417 91
417 105
417 162
417 172
417 268
417 418
417 425
417 438
417 459
418 22
418 110
418 254
418 312
418 364
418 387
418 417
418 442
418 464
418 491
419 14
419 199
419 278
419 354
419 369
419 372
419 376
419 414
419 426
419 431
420 30
420 106
420 242
420 320
420 337
420 412
420 431
420 453
420 486
420 492
421 128
421 177
421 225
421 245
421 260
421 309
421 329
421 447
421 455
421 464
422 264
422 268
422 282
422 344
422 347
422 354
422 386
422 400
422 454
422 468
423 51
423 80
423 100
423 212
423 221
423 228
423 279
423 376
423 424
423 480
424 5
424 26
424 192
424 357
424 360
424 365
424 423
424 458
424 471
424 499
425 72
425 89
425 131
425 133
425 316
425 333
425 358
425 364
425 404
425 417
426 56
426 115
426 140
426 144
426 371
426 374
426 415
426 419
426 429
426 483
427 156
427 187
427 281
427 283
427 416
427 441
427 448
427 451
427 470
427 488
428 70
428 207
428 216
428 293
428 408
428 473
428 478
428 481
428 495
428 497
429 3
429 37
429 157
429 166
429 190
429 234
429 293
429 413
429 426
429 487
430 42
430 77
430 188
430 208
430 257
430 346
430 377
430 385
430 406
430 461
431 28
431 84
431 88
431 103
431 212
431 336
431 395
431 419
431 420
431 436
432 19
432 25
432 59
432 157
432 214
432 270
432 274
432 346
432 403
432 441
433 122
433 171
433 232
433 296
433 345
433 375
433 439
433 479
433 491
433 494
434 63
434 93
434 117
434 209
434 230
434 285
434 369
434 372
434 405
434 452
435 44
435 179
435 201
435 351
435 385
435 398
435 402
435 408
435 467
435 476
436 37
436 155
436 156
436 283
436 362
436 372
436 378
436 394
436 431
436 475
437 28
437 68
437 88
437 244
437 250
437 270
437 298
437 392
437 440
437 471
438 46
438 85
438 173
438 176
438 305
438 314
438 371
438 378
438 384
438 417
438 497
439 168
439 208
439 209
439 396
439 433
439 467
439 470
439 487
439 488
439 493
439 500
440 27
440 28
440 108
440 114
440 198
440 212
440 328
440 392
440 395
440 437
440 486
441 174
441 220
441 266
441 313
441 368
441 382
441 427
441 432
441 448
441 460
441 499
442 110
442 254
442 272
442 284
442 294
442 307
442 387
442 418
442 448
442 474
442 483
443 5
443 16
443 54
443 99
443 131
443 150
443 175
443 219
443 265
443 278
443 333
444 266
444 289
444 307
444 413
444 416
444 447
444 454
444 458
444 475
444 479
444 480
445 17
445 74
445 159
445 205
445 298
445 319
445 320
445 341
445 359
445 409
445 460
446 33
446 39
446 81
446 123
446 183
446 234
446 236
446 257
446 321
446 376
446 393
447 45
447 104
447 262
447 306
447 381
447 394
447 421
447 444
447 450
447 464
447 500
448 98
448 115
448 139
448 148
448 151
448 377
448 427
448 441
448 442
448 467
448 471
449 19
449 50
449 91
449 186
449 231
449 269
449 274
449 293
449 382
449 459
449 496
450 13
450 35
450 73
450 156
450 267
450 276
450 343
450 353
450 371
450 447
450 483
451 27
451 92
451 290
451 334
451 337
451 343
451 403
451 406
451 427
451 474
451 495
452 14
452 75
452 108
452 211
452 343
452 369
452 403
452 434
452 479
452 498
452 499
453 88
453 132
453 135
453 185
453 213
453 267
453 320
453 336
453 375
453 407
453 420
453 492
454 13
454 40
454 150
454 285
454 416
454 422
454 444
454 458
454 459
454 475
454 485
454 486
455 101
455 138
455 200
455 294
455 363
455 369
455 394
455 421
455 472
455 491
455 493
455 500
456 83
456 92
456 204
456 240
456 250
456 291
456 334
456 364
456 460
456 465
456 492
456 496
457 2
457 27
457 173
457 225
457 252
457 255
457 391
457 393
457 459
457 462
457 463
457 465
458 82
458 218
458 283
458 315
458 400
458 416
458 424
458 444
458 454
458 475
458 480
458 488
459 29
459 90
459 91
459 158
459 231
459 242
459 274
459 417
459 449
459 454
459 457
459 460
460 138
460 141
460 159
460 217
460 341
460 348
460 405
460 441
460 445
460 456
460 459
460 490
461 43
461 120
461 131
461 147
461 312
461 356
461 389
461 396
461 401
461 415
461 430
461 470
462 52
462 75
462 125
462 150
462 180
462 243
462 250
462 299
462 339
462 405
462 416
462 457
463 3
463 27
463 71
463 228
463 249
463 324
463 379
463 384
463 391
463 398
463 457
463 464
463 465
464 128
464 230
464 260
464 262
464 301
464 302
464 360
464 418
464 421
464 447
464 463
464 466
464 472
465 20
465 51
465 119
465 189
465 225
465 235
465 252
465 353
465 384
465 391
465 456
465 457
465 463
466 1
466 26
466 71
466 158
466 313
466 317
466 412
466 414
466 464
466 467
466 473
466 476
466 482
467 27
467 61
467 84
467 94
467 111
467 162
467 167
467 435
467 439
467 448
467 466
467 484
467 500
468 35
468 39
468 52
468 67
468 81
468 136
468 234
468 318
468 350
468 393
468 402
468 422
468 480
469 17
469 36
469 60
469 223
469 245
469 259
469 289
469 323
469 362
469 367
469 472
469 473
469 482
470 79
470 98
470 141
470 182
470 185
470 220
470 249
470 283
470 427
470 439
470 461
470 471
470 489
471 141
471 148
471 249
471 283
471 351
471 368
471 424
471 437
471 448
471 470
471 490
471 491
471 494
472 7
472 52
472 68
472 129
472 164
472 208
472 280
472 357
472 455
472 464
472 469
472 487
472 491
473 1
473 26
473 64
473 158
473 257
473 313
473 323
473 336
473 411
473 412
473 428
473 466
473 469
473 474
474 106
474 171
474 231
474 262
474 334
474 337
474 366
474 391
474 401
474 406
474 442
474 451
474 473
474 495
475 54
475 150
475 229
475 307
475 364
475 366
475 399
475 416
475 436
475 444
475 454
475 458
475 477
475 480
476 17
476 58
476 62
476 88
476 91
476 96
476 207
476 251
476 310
476 359
476 408
476 435
476 466
476 481
477 120
477 183
477 224
477 248
477 250
477 260
477 269
477 286
477 303
477 318
477 385
477 399
477 475
477 478
478 6
478 30
478 49
478 66
478 97
478 247
478 256
478 329
478 351
478 402
478 428
478 477
478 485
478 497
479 12
479 93
479 109
479 151
479 169
479 379
479 397
479 433
479 444
479 452
479 485
479 486
479 494
479 495
480 65
480 150
480 307
480 312
480 377
480 393
480 405
480 416
480 423
480 444
480 458
480 468
480 475
480 485
481 70
481 117
481 163
481 170
481 310
481 366
481 370
481 372
481 380
481 396
481 428
481 476
481 488
481 490
482 17
482 103
482 145
482 185
482 223
482 237
482 259
482 289
482 324
482 331
482 367
482 415
482 466
482 469
482 490
483 115
483 136
483 140
483 144
483 179
483 195
483 219
483 238
483 256
483 277
483 317
483 349
483 426
483 442
483 450
484 8
484 28
484 89
484 126
484 167
484 183
484 206
484 258
484 297
484 304
484 371
484 374
484 467
484 493
484 500
485 38
485 56
485 59
485 149
485 312
485 342
485 349
485 355
485 365
485 389
485 401
485 454
485 478
485 479
485 480
486 37
486 55
486 90
486 132
486 190
486 204
486 213
486 270
486 327
486 420
486 440
486 454
486 479
486 487
486 492
487 22
487 68
487 84
487 88
487 232
487 234
487 238
487 300
487 326
487 429
487 439
487 472
487 486
487 493
487 500
488 6
488 23
488 32
488 137
488 163
488 174
488 203
488 321
488 350
488 380
488 382
488 427
488 439
488 458
488 481
488 490
489 7
489 10
489 49
489 81
489 102
489 118
489 138
489 216
489 233
489 280
489 342
489 373
489 378
489 388
489 470
489 500
490 10
490 23
490 40
490 99
490 232
490 288
490 321
490 363
490 380
490 460
490 471
490 481
490 482
490 488
490 491
490 492
491 39
491 52
491 53
491 61
491 126
491 331
491 352
491 362
491 380
491 418
491 433
491 455
491 471
491 472
491 490
491 493
491 498
491 500
492 9
492 30
492 55
492 66
492 67
492 80
492 112
492 132
492 220
492 307
492 332
492 367
492 393
492 420
492 453
492 456
492 486
492 490
493 31
493 61
493 84
493 114
493 116
493 168
493 171
493 217
493 283
493 289
493 300
493 399
493 439
493 455
493 484
493 487
493 491
493 498
494 35
494 47
494 48
494 85
494 108
494 147
494 151
494 227
494 301
494 317
494 319
494 334
494 361
494 375
494 394
494 433
494 471
494 479
495 4
495 7
495 31
495 39
495 70
495 104
495 106
495 190
495 256
495 311
495 321
495 337
495 406
495 428
495 451
495 474
495 479
495 497
496 79
496 92
496 99
496 106
496 176
496 187
496 198
496 240
496 245
496 255
496 257
496 261
496 268
496 291
496 325
496 364
496 381
496 449
496 456
497 45
497 55
497 121
497 141
497 146
497 153
497 179
497 247
497 279
497 280
497 293
497 297
497 300
497 392
497 402
497 428
497 438
497 478
497 495
498 25
498 126
498 209
498 227
498 230
498 239
498 243
498 263
498 270
498 278
498 291
498 309
498 338
498 342
498 354
498 366
498 379
498 452
498 491
498 493
499 11
499 14
499 65
499 111
499 116
499 136
499 170
499 184
499 235
499 237
499 248
499 261
499 264
499 341
499 357
499 360
499 365
499 403
499 424
499 441
499 452
500 8
500 18
500 135
500 202
500 266
500 271
500 276
500 296
500 300
500 304
500 330
500 363
500 393
500 439
500 447
500 455
500 467
500 484
500 487
500 489
500 491
