1 183
1 204
1 209
1 215
1 450
2 22
2 239
2 250
2 296
2 418
3 4
3 29
3 191
3 257
3 280
4 3
4 47
4 121
4 191
4 250
5 7
5 13
5 14
5 317
5 443
6 43
6 49
6 88
6 110
6 280
7 5
7 13
7 14
7 19
7 214
8 46
8 69
8 166
8 168
8 259
9 92
9 105
9 106
9 111
9 196
10 16
10 20
10 28
10 43
10 392
11 74
11 270
11 327
11 333
11 451
12 154
12 213
12 231
12 248
12 343
13 5
13 7
13 14
13 19
13 214
14 5
14 7
14 13
14 19
14 214
15 16
15 18
15 21
15 175
15 430
16 10
16 15
16 20
16 21
16 291
17 25
17 33
17 35
17 36
17 306
18 15
18 21
18 146
18 323
18 443
19 7
19 13
19 14
19 31
19 214
20 10
20 16
20 21
20 43
20 489
21 15
21 16
21 18
21 20
21 68
22 2
22 23
22 37
22 428
22 433
23 22
23 37
23 237
23 252
23 380
24 281
24 283
24 288
24 354
24 441
25 17
25 26
25 31
25 33
25 35
26 25
26 31
26 33
26 356
26 396
27 28
27 29
27 72
27 175
27 318
28 10
28 27
28 29
28 37
28 175
29 3
29 27
29 28
29 175
29 303
30 46
30 137
30 166
30 168
30 213
31 19
31 25
31 26
31 33
31 497
32 57
32 261
32 345
32 358
32 419
33 17
33 25
33 26
33 31
33 479
34 39
34 102
34 107
34 285
34 301
35 17
35 25
35 36
35 313
35 437
36 17
36 35
36 45
36 306
36 313
37 22
37 23
37 28
37 175
37 292
38 40
38 108
38 358
38 464
38 495
39 34
39 221
39 295
39 370
39 448
40 38
40 48
40 108
40 175
40 484
41 134
41 171
41 177
41 180
41 421
42 231
42 275
42 402
42 415
42 471
43 6
43 10
43 20
43 110
43 477
44 52
44 144
44 146
44 194
44 208
45 36
45 73
45 306
45 313
45 422
46 8
46 30
46 89
46 96
46 137
47 4
47 191
47 296
47 432
47 433
48 40
48 49
48 53
48 208
48 431
49 6
49 48
49 53
49 108
49 432
50 128
50 192
50 195
50 202
50 335
51 56
51 220
51 225
51 395
51 461
52 44
52 119
52 141
52 178
52 236
53 48
53 49
53 56
53 277
53 458
54 176
54 217
54 233
54 270
54 307
55 75
55 76
55 79
55 358
55 379
56 51
56 53
56 62
56 113
56 242
57 32
57 207
57 261
57 318
57 358
58 60
58 81
58 115
58 242
58 496
59 138
59 145
59 153
59 416
59 490
60 58
60 115
60 374
60 432
60 489
61 62
61 115
61 181
61 242
61 413
62 56
62 61
62 181
62 242
62 319
63 66
63 148
63 184
63 342
63 408
64 93
64 135
64 283
64 298
64 410
65 66
65 115
65 184
65 481
65 494
66 63
66 65
66 68
66 184
66 449
67 68
67 71
67 162
67 462
67 496
68 21
68 66
68 67
68 71
68 184
69 8
69 91
69 162
69 446
69 499
70 120
70 170
70 172
70 179
70 425
71 67
71 68
71 147
71 184
71 430
72 27
72 75
72 112
72 366
72 399
73 45
73 77
73 306
73 313
73 437
74 11
74 189
74 249
74 255
74 327
75 55
75 72
75 76
75 98
75 112
76 55
76 75
76 81
76 112
76 271
77 73
77 78
77 306
77 418
77 496
78 77
78 87
78 99
78 382
78 418
79 55
79 80
79 81
79 112
79 402
80 79
80 81
80 83
80 190
80 472
81 58
81 76
81 79
81 80
81 83
82 83
82 90
82 344
82 369
82 418
83 80
83 81
83 82
83 90
83 105
84 90
84 143
84 167
84 350
84 494
85 272
85 297
85 331
85 402
85 460
86 87
86 96
86 99
86 294
86 418
87 78
87 86
87 96
87 99
87 443
88 6
88 110
88 257
88 280
88 350
89 46
89 91
89 137
89 163
89 242
90 82
90 83
90 84
90 167
90 268
91 69
91 89
91 162
91 211
91 486
92 9
92 105
92 106
92 109
92 187
93 64
93 104
93 135
93 344
93 479
94 241
94 260
94 264
94 405
94 439
95 100
95 167
95 354
95 402
95 450
96 46
96 86
96 87
96 99
96 116
96 451
97 226
97 227
97 229
97 254
97 489
98 75
98 100
98 248
98 282
98 296
99 78
99 86
99 87
99 96
99 116
100 95
100 98
100 106
100 167
100 282
101 103
101 196
101 253
101 293
101 470
102 34
102 107
102 221
102 295
102 301
103 101
103 196
103 222
103 253
103 282
104 93
104 135
104 154
104 190
104 213
105 9
105 83
105 92
105 106
105 381
106 9
106 92
106 100
106 105
106 477
107 34
107 102
107 221
107 301
107 373
108 38
108 40
108 49
108 321
108 375
109 92
109 122
109 191
109 297
109 374
110 6
110 43
110 88
110 452
110 485
111 9
111 113
111 122
111 185
111 272
112 72
112 75
112 76
112 79
112 471
113 56
113 111
113 117
113 122
113 331
114 190
114 281
114 298
114 379
114 385
115 58
115 60
115 61
115 65
115 181
116 96
116 99
116 118
116 124
116 349
117 113
117 119
117 122
117 127
117 487
118 116
118 120
118 124
118 349
118 492
119 52
119 117
119 127
119 130
119 478
120 70
120 118
120 124
120 125
120 205
120 349
121 4
121 176
121 182
121 235
121 270
121 291
122 109
122 111
122 113
122 117
122 184
123 248
123 262
123 308
123 314
123 339
124 116
124 118
124 120
124 125
124 349
125 120
125 124
125 126
125 205
125 349
126 125
126 131
126 132
126 136
126 349
127 117
127 119
127 130
127 347
127 454
128 50
128 192
128 209
128 271
128 335
129 201
129 293
129 373
129 380
129 470
130 119
130 127
130 168
130 390
130 406
131 126
131 132
131 136
131 437
131 471
132 126
132 131
132 136
132 205
132 473
133 141
133 143
133 178
133 305
133 386
134 41
134 185
134 188
134 193
134 342
135 64
135 93
135 104
135 231
135 343
136 126
136 131
136 132
136 138
136 474
137 30
137 46
137 89
137 221
137 298
138 59
138 136
138 145
138 152
138 153
139 195
139 198
139 200
139 202
139 277
140 173
140 176
140 182
140 291
140 307
141 52
141 133
141 178
141 439
141 477
142 266
142 269
142 274
142 276
142 449
143 84
143 133
143 178
143 459
143 492
144 44
144 194
144 208
144 331
144 379
145 59
145 138
145 152
145 153
145 444
146 18
146 44
146 147
146 194
146 368
147 71
147 146
147 148
147 149
147 208
148 63
148 147
148 149
148 150
148 158
149 147
149 148
149 158
149 339
149 352
150 148
150 158
150 300
150 469
150 475
151 155
151 418
151 434
151 435
151 491
152 138
152 145
152 153
152 155
152 382
153 59
153 138
153 145
153 152
153 155
154 12
154 104
154 213
154 343
154 426
155 151
155 152
155 153
155 368
155 374
156 236
156 273
156 305
156 402
156 406
157 159
157 161
157 164
157 368
157 485
158 148
158 149
158 150
158 160
158 325
159 157
159 161
159 164
159 368
159 493
160 158
160 162
160 211
160 346
160 406
161 157
161 159
161 164
161 169
161 368
162 67
162 69
162 91
162 160
162 211
163 89
163 166
163 168
163 197
163 444
164 157
164 159
164 161
164 169
164 368
165 169
165 171
165 177
165 180
165 495
166 8
166 30
166 163
166 197
166 362
167 84
167 90
167 95
167 100
167 460
168 8
168 30
168 130
168 163
168 197
169 161
169 164
169 165
169 171
169 177
170 70
170 172
170 222
170 343
170 405
171 41
171 165
171 169
171 177
171 180
172 70
172 170
172 179
172 222
172 229
173 140
173 182
173 227
173 229
173 254
174 186
174 199
174 206
174 357
174 398
174 455
175 15
175 27
175 28
175 29
175 37
175 40
176 54
176 121
176 140
176 235
176 291
176 392
177 41
177 165
177 169
177 171
177 180
177 272
178 52
178 133
178 141
178 143
178 208
178 497
179 70
179 172
179 222
179 230
179 463
179 492
180 41
180 165
180 171
180 177
180 261
180 453
181 61
181 62
181 115
181 239
181 242
181 480
182 121
182 140
182 173
182 247
182 254
182 307
183 1
183 215
183 216
183 223
183 224
183 409
184 63
184 65
184 66
184 68
184 71
184 122
185 111
185 134
185 188
185 193
185 312
185 342
186 174
186 199
186 206
186 393
186 398
186 497
187 92
187 210
187 241
187 260
187 353
187 380
188 134
188 185
188 193
188 211
188 468
188 494
189 74
189 203
189 249
189 251
189 327
189 500
190 80
190 104
190 114
190 298
190 379
190 445
191 3
191 4
191 47
191 109
191 257
191 498
192 50
192 128
192 203
192 277
192 335
192 460
193 134
193 185
193 188
193 198
193 342
193 403
194 44
194 144
194 146
194 208
194 275
194 375
195 50
195 139
195 202
195 204
195 335
195 340
196 9
196 101
196 103
196 253
196 282
196 284
197 163
197 166
197 168
197 222
197 486
197 497
198 139
198 193
198 200
198 277
198 342
198 483
199 174
199 186
199 206
199 393
199 398
199 455
200 139
200 198
200 277
200 365
200 407
200 435
201 129
201 210
201 251
201 255
201 373
201 417
202 50
202 139
202 195
202 277
202 335
202 389
203 189
203 192
203 204
203 209
203 335
203 492
204 1
204 195
204 203
204 209
204 271
204 314
205 120
205 125
205 132
205 433
205 476
205 487
206 174
206 186
206 199
206 212
206 398
206 466
207 57
207 220
207 318
207 329
207 375
207 432
208 44
208 48
208 144
208 147
208 178
208 194
209 1
209 128
209 203
209 204
209 271
209 430
210 187
210 201
210 256
210 263
210 264
210 265
211 91
211 160
211 162
211 188
211 295
211 402
212 206
212 218
212 219
212 228
212 391
212 484
213 12
213 30
213 104
213 154
213 231
213 343
214 7
214 13
214 14
214 19
214 290
214 434
215 1
215 183
215 247
215 271
215 409
215 442
216 183
216 223
216 251
216 271
216 391
216 409
217 54
217 234
217 240
217 270
217 376
217 500
218 212
218 219
218 228
218 232
218 391
218 472
219 212
219 218
219 228
219 232
219 391
219 453
220 51
220 207
220 303
220 315
220 318
220 375
220 432
221 39
221 102
221 107
221 137
221 295
221 406
222 103
222 170
222 172
222 179
222 197
222 375
223 183
223 216
223 224
223 280
223 409
223 423
224 183
224 223
224 226
224 409
224 415
224 496
225 51
225 288
225 319
225 345
225 404
225 472
226 97
226 224
226 227
226 229
226 322
226 409
227 97
227 173
227 226
227 229
227 334
227 458
228 212
228 218
228 219
228 232
228 237
228 391
229 97
229 172
229 173
229 226
229 227
229 352
230 179
230 233
230 234
230 376
230 412
230 481
231 12
231 42
231 135
231 213
231 275
231 343
232 218
232 219
232 228
232 237
232 258
232 391
233 54
233 230
233 234
233 288
233 291
233 376
234 217
234 230
234 233
234 253
234 270
234 376
235 121
235 176
235 254
235 282
235 291
235 307
236 52
236 156
236 273
236 290
236 331
236 406
237 23
237 228
237 232
237 244
237 258
237 403
237 488
238 353
238 371
238 377
238 405
238 417
238 427
239 2
239 181
239 250
239 257
239 296
239 380
240 217
240 243
240 276
240 333
240 454
240 482
241 94
241 187
241 246
241 293
241 366
241 380
242 56
242 58
242 61
242 62
242 89
242 181
243 240
243 246
243 247
243 256
243 333
243 401
244 237
244 258
244 398
244 403
244 410
244 474
245 252
245 308
245 315
245 323
245 350
245 474
246 241
246 243
246 247
246 333
246 452
246 481
247 182
247 215
247 243
247 246
247 333
247 376
248 12
248 98
248 123
248 275
248 308
248 385
249 74
249 189
249 251
249 255
249 269
249 414
250 2
250 4
250 239
250 296
250 323
250 378
251 189
251 201
251 216
251 249
251 255
251 373
252 23
252 245
252 289
252 303
252 315
252 432
253 101
253 103
253 196
253 234
253 282
253 319
254 97
254 173
254 182
254 235
254 427
254 482
255 74
255 201
255 249
255 251
255 436
255 482
256 210
256 243
256 260
256 263
256 264
256 366
257 3
257 88
257 191
257 239
257 472
257 485
258 232
258 237
258 244
258 403
258 410
258 428
259 8
259 267
259 279
259 302
259 403
259 410
259 428
260 94
260 187
260 256
260 263
260 264
260 293
261 32
261 57
261 180
261 319
261 358
261 375
261 417
262 123
262 275
262 297
262 339
262 419
262 487
263 210
263 256
263 260
263 264
263 373
263 425
264 94
264 210
264 256
264 260
264 263
264 268
265 210
265 268
265 269
265 286
265 302
265 456
266 142
266 278
266 284
266 285
266 301
266 471
267 259
267 279
267 302
267 304
267 362
267 412
268 90
268 264
268 265
268 269
268 286
268 366
269 142
269 249
269 265
269 268
269 276
269 286
270 11
270 54
270 121
270 217
270 234
270 376
271 76
271 128
271 204
271 209
271 215
271 216
271 436
272 85
272 111
272 177
272 308
272 314
272 331
272 402
273 156
273 236
273 289
273 305
273 406
273 500
274 142
274 276
274 278
274 286
274 301
274 371
275 42
275 194
275 231
275 248
275 262
275 339
276 142
276 240
276 269
276 274
276 278
276 469
277 53
277 139
277 192
277 198
277 200
277 202
277 313
278 266
278 274
278 276
278 284
278 285
278 495
279 259
279 267
279 302
279 403
279 440
279 485
280 3
280 6
280 88
280 223
280 450
280 478
281 24
281 114
281 283
281 288
281 345
281 379
282 98
282 100
282 103
282 196
282 235
282 253
283 24
283 64
283 281
283 288
283 379
283 476
284 196
284 266
284 278
284 285
284 306
284 429
285 34
285 266
285 278
285 284
285 338
285 476
286 265
286 268
286 269
286 274
286 405
286 447
286 500
287 292
287 336
287 455
287 461
287 464
287 487
287 488
288 24
288 225
288 233
288 281
288 283
288 319
288 358
289 252
289 273
289 303
289 325
289 350
289 445
289 476
290 214
290 236
290 309
290 317
290 382
290 437
290 500
291 16
291 121
291 140
291 176
291 233
291 235
291 494
292 37
292 287
292 336
292 447
292 455
292 461
292 464
292 487
293 101
293 129
293 241
293 260
293 366
293 380
293 465
294 86
294 309
294 359
294 374
294 433
294 435
294 459
295 39
295 102
295 211
295 221
295 298
295 301
295 406
296 2
296 47
296 98
296 239
296 250
296 323
296 350
297 85
297 109
297 262
297 308
297 314
297 339
297 376
298 64
298 114
298 137
298 190
298 295
298 344
298 379
299 321
299 323
299 325
299 328
299 369
299 378
299 408
300 150
300 304
300 310
300 320
300 324
300 362
300 412
301 34
301 102
301 107
301 266
301 274
301 295
301 463
302 259
302 265
302 267
302 279
302 362
302 412
302 428
303 29
303 220
303 252
303 289
303 377
303 432
303 441
304 267
304 300
304 324
304 362
304 410
304 412
304 441
305 133
305 156
305 273
305 331
305 402
305 478
305 498
306 17
306 36
306 45
306 73
306 77
306 284
306 313
307 54
307 140
307 182
307 235
307 344
307 463
307 476
308 123
308 245
308 248
308 272
308 297
308 314
308 339
309 290
309 294
309 317
309 382
309 418
309 437
309 458
310 300
310 311
310 316
310 320
310 324
310 335
310 362
311 310
311 316
311 320
311 324
311 412
311 448
311 498
312 185
312 322
312 326
312 359
312 374
312 433
312 475
313 35
313 36
313 45
313 73
313 277
313 306
313 418
314 123
314 204
314 272
314 297
314 308
314 339
314 409
315 220
315 245
315 252
315 323
315 355
315 409
315 480
316 310
316 311
316 320
316 324
316 329
316 357
316 480
317 5
317 290
317 309
317 382
317 420
317 423
317 469
318 27
318 57
318 207
318 220
318 363
318 375
318 442
319 62
319 225
319 253
319 261
319 288
319 345
319 408
319 472
320 300
320 310
320 311
320 316
320 329
320 440
320 488
321 108
321 299
321 328
321 347
321 348
321 369
321 378
322 226
322 312
322 326
322 334
322 340
322 359
322 363
323 18
323 245
323 250
323 296
323 299
323 315
323 376
324 300
324 304
324 310
324 311
324 316
324 329
324 471
325 158
325 289
325 299
325 328
325 351
325 354
325 378
325 408
326 312
326 322
326 330
326 363
326 433
326 435
326 457
327 11
327 74
327 189
327 333
327 372
327 397
327 467
328 299
328 321
328 325
328 348
328 369
328 378
328 422
329 207
329 316
329 320
329 324
329 330
329 332
329 468
330 326
330 329
330 332
330 337
330 338
330 346
330 414
331 85
331 113
331 144
331 236
331 272
331 305
331 402
332 329
332 330
332 337
332 338
332 346
332 369
332 414
333 11
333 240
333 243
333 246
333 247
333 327
333 348
334 227
334 322
334 340
334 352
334 372
334 392
334 417
335 50
335 128
335 192
335 195
335 202
335 203
335 310
336 287
336 292
336 341
336 355
336 361
336 455
336 487
337 330
337 332
337 338
337 346
337 347
337 379
337 414
338 285
338 330
338 332
338 337
338 346
338 347
338 414
339 123
339 149
339 262
339 275
339 297
339 308
339 314
340 195
340 322
340 334
340 352
340 363
340 392
340 488
341 336
341 355
341 361
341 364
341 365
341 383
341 497
342 63
342 134
342 185
342 193
342 198
342 427
342 495
343 12
343 135
343 154
343 170
343 213
343 231
343 480
344 82
344 93
344 298
344 307
344 386
344 389
344 497
345 32
345 225
345 281
345 319
345 383
345 429
345 473
346 160
346 330
346 332
346 337
346 338
346 347
346 414
347 127
347 321
347 337
347 338
347 346
347 414
347 487
348 321
348 328
348 333
348 369
348 378
348 393
348 414
349 116
349 118
349 120
349 124
349 125
349 126
349 353
350 84
350 88
350 245
350 289
350 296
350 432
350 466
350 482
351 325
351 353
351 354
351 385
351 397
351 408
351 463
351 481
352 149
352 229
352 334
352 340
352 363
352 372
352 392
352 417
353 187
353 238
353 349
353 351
353 377
353 417
353 444
353 470
354 24
354 95
354 325
354 351
354 370
354 385
354 397
354 408
355 315
355 336
355 341
355 361
355 364
355 365
355 383
355 394
356 26
356 367
356 390
356 416
356 443
356 445
356 463
356 486
357 174
357 316
357 386
357 393
357 398
357 421
357 422
357 434
358 32
358 38
358 55
358 57
358 261
358 288
358 428
358 487
359 294
359 312
359 322
359 374
359 382
359 392
359 433
359 435
360 401
360 407
360 425
360 429
360 436
360 442
360 460
360 474
361 336
361 341
361 355
361 364
361 365
361 383
361 394
361 483
362 166
362 267
362 300
362 302
362 304
362 310
362 410
362 412
363 318
363 322
363 326
363 340
363 352
363 392
363 421
363 435
364 341
364 355
364 361
364 365
364 381
364 383
364 394
364 445
365 200
365 341
365 355
365 361
365 364
365 381
365 383
365 394
366 72
366 241
366 256
366 268
366 293
366 373
366 380
366 410
367 356
367 370
367 390
367 396
367 416
367 434
367 440
367 443
368 146
368 155
368 157
368 159
368 161
368 164
368 438
368 486
369 82
369 299
369 321
369 328
369 332
369 348
369 378
369 403
370 39
370 354
370 367
370 385
370 387
370 397
370 427
370 459
371 238
371 274
371 377
371 388
371 397
371 405
371 427
371 428
372 327
372 334
372 352
372 377
372 417
372 427
372 481
372 488
373 107
373 129
373 201
373 251
373 263
373 366
373 493
373 500
374 60
374 109
374 155
374 294
374 312
374 359
374 397
374 433
374 435
375 108
375 194
375 207
375 220
375 222
375 261
375 318
375 494
376 217
376 230
376 233
376 234
376 247
376 270
376 297
376 323
377 238
377 303
377 353
377 371
377 372
377 405
377 483
377 487
378 250
378 299
378 321
378 325
378 328
378 348
378 369
378 468
379 55
379 114
379 144
379 190
379 281
379 283
379 298
379 337
380 23
380 129
380 187
380 239
380 241
380 293
380 366
380 436
381 105
381 364
381 365
381 383
381 394
381 395
381 399
381 430
382 78
382 152
382 290
382 309
382 317
382 359
382 437
382 464
383 341
383 345
383 355
383 361
383 364
383 365
383 381
383 394
384 388
384 446
384 450
384 458
384 462
384 469
384 476
384 486
385 114
385 248
385 351
385 354
385 370
385 397
385 408
385 427
385 478
386 133
386 344
386 357
386 392
386 393
386 398
386 421
386 422
386 434
386 440
387 370
387 424
387 438
387 447
387 453
387 461
387 464
387 472
387 487
388 371
388 384
388 413
388 446
388 450
388 457
388 458
388 469
388 486
389 202
389 344
389 394
389 395
389 399
389 415
389 419
389 430
389 442
390 130
390 356
390 367
390 396
390 416
390 443
390 448
390 463
390 488
391 212
391 216
391 218
391 219
391 228
391 232
391 457
391 492
391 499
392 10
392 176
392 334
392 340
392 352
392 359
392 363
392 386
392 417
393 186
393 199
393 348
393 357
393 386
393 398
393 421
393 422
393 438
394 355
394 361
394 364
394 365
394 381
394 383
394 389
394 399
394 406
395 51
395 381
395 389
395 399
395 415
395 429
395 430
395 442
395 492
396 26
396 367
396 390
396 417
396 440
396 443
396 448
396 463
396 495
397 327
397 351
397 354
397 370
397 371
397 374
397 385
397 405
397 427
398 174
398 186
398 199
398 206
398 244
398 357
398 386
398 393
398 500
399 72
399 381
399 389
399 394
399 395
399 415
399 430
399 442
399 461
400 411
400 439
400 451
400 454
400 465
400 466
400 468
400 473
400 492
401 243
401 360
401 419
401 425
401 436
401 455
401 474
401 493
401 496
402 42
402 79
402 85
402 95
402 156
402 211
402 272
402 305
402 331
402 406
403 193
403 237
403 244
403 258
403 259
403 279
403 369
403 410
403 428
404 225
404 413
404 423
404 426
404 431
404 441
404 446
404 452
404 457
405 94
405 170
405 238
405 286
405 371
405 377
405 397
405 427
405 491
406 130
406 156
406 160
406 221
406 236
406 273
406 295
406 394
406 402
407 200
407 360
407 429
407 445
407 447
407 448
407 460
407 463
407 486
408 63
408 299
408 319
408 325
408 351
408 354
408 385
408 434
408 440
409 183
409 215
409 216
409 223
409 224
409 226
409 314
409 315
409 471
410 64
410 244
410 258
410 259
410 304
410 362
410 366
410 403
410 428
411 400
411 439
411 449
411 451
411 454
411 465
411 466
411 468
411 492
412 230
412 267
412 300
412 302
412 304
412 311
412 362
412 493
412 495
413 61
413 388
413 404
413 431
413 446
413 450
413 457
413 458
413 473
414 249
414 330
414 332
414 337
414 338
414 346
414 347
414 348
414 496
415 42
415 224
415 389
415 395
415 399
415 419
415 430
415 442
415 488
416 59
416 356
416 367
416 390
416 445
416 447
416 448
416 455
416 463
417 201
417 238
417 261
417 334
417 352
417 353
417 372
417 392
417 396
418 2
418 77
418 78
418 82
418 86
418 151
418 309
418 313
418 461
419 32
419 262
419 389
419 401
419 415
419 430
419 436
419 442
419 474
420 317
420 423
420 424
420 426
420 438
420 441
420 444
420 452
420 459
420 471
421 41
421 357
421 363
421 386
421 393
421 422
421 434
421 440
421 443
421 461
422 45
422 328
422 357
422 386
422 393
422 421
422 434
422 437
422 440
422 464
423 223
423 317
423 404
423 420
423 426
423 441
423 444
423 452
423 459
423 471
424 387
424 420
424 438
424 447
424 453
424 454
424 459
424 471
424 472
424 496
425 70
425 263
425 360
425 401
425 429
425 436
425 460
425 461
425 474
425 489
426 154
426 404
426 420
426 423
426 431
426 441
426 444
426 452
426 457
426 493
427 238
427 254
427 342
427 370
427 371
427 372
427 385
427 397
427 405
427 465
428 22
428 258
428 259
428 302
428 358
428 371
428 403
428 410
428 438
428 500
429 284
429 345
429 360
429 395
429 407
429 425
429 436
429 445
429 448
429 460
430 15
430 71
430 209
430 381
430 389
430 395
430 399
430 415
430 419
430 442
431 48
431 404
431 413
431 426
431 441
431 450
431 452
431 457
431 458
431 492
432 47
432 49
432 60
432 207
432 220
432 252
432 303
432 350
432 468
432 497
433 22
433 47
433 205
433 294
433 312
433 326
433 359
433 374
433 435
433 456
434 151
434 214
434 357
434 367
434 386
434 408
434 421
434 422
434 440
434 443
435 151
435 200
435 294
435 326
435 359
435 363
435 374
435 433
435 437
435 481
436 255
436 271
436 360
436 380
436 401
436 419
436 425
436 429
436 460
436 474
437 35
437 73
437 131
437 290
437 309
437 382
437 422
437 435
437 453
437 479
438 368
438 387
438 393
438 420
438 424
438 428
438 444
438 453
438 459
438 471
438 472
439 94
439 141
439 400
439 411
439 449
439 451
439 454
439 462
439 466
439 468
439 476
440 279
440 320
440 367
440 386
440 396
440 408
440 421
440 422
440 434
440 443
440 498
441 24
441 303
441 304
441 404
441 420
441 423
441 426
441 431
441 444
441 452
441 457
442 215
442 318
442 360
442 389
442 395
442 399
442 415
442 419
442 430
442 474
442 491
443 5
443 18
443 87
443 356
443 367
443 390
443 396
443 421
443 434
443 440
443 451
444 145
444 163
444 353
444 420
444 423
444 426
444 438
444 441
444 459
444 471
444 494
445 190
445 289
445 356
445 364
445 407
445 416
445 429
445 448
445 460
445 463
445 485
446 69
446 384
446 388
446 404
446 413
446 450
446 457
446 458
446 462
446 469
446 486
447 286
447 292
447 387
447 407
447 416
447 424
447 453
447 455
447 461
447 464
447 472
448 39
448 311
448 390
448 396
448 407
448 416
448 429
448 445
448 463
448 469
448 487
449 66
449 142
449 411
449 439
449 451
449 454
449 462
449 463
449 465
449 468
449 476
449 492
450 1
450 95
450 280
450 384
450 388
450 413
450 431
450 446
450 457
450 458
450 469
450 486
451 11
451 96
451 400
451 411
451 439
451 443
451 449
451 454
451 468
451 469
451 476
451 492
452 110
452 246
452 404
452 420
452 423
452 426
452 431
452 441
452 457
452 471
452 473
452 483
453 180
453 219
453 387
453 424
453 437
453 438
453 447
453 459
453 464
453 472
453 475
453 486
454 127
454 240
454 400
454 411
454 424
454 439
454 449
454 451
454 462
454 468
454 476
454 492
455 174
455 199
455 287
455 292
455 336
455 401
455 416
455 447
455 461
455 464
455 487
455 489
456 265
456 433
456 467
456 477
456 478
456 479
456 480
456 481
456 482
456 485
456 488
456 489
457 326
457 388
457 391
457 404
457 413
457 426
457 431
457 441
457 446
457 450
457 452
457 458
458 53
458 227
458 309
458 384
458 388
458 413
458 431
458 446
458 450
458 457
458 469
458 486
459 143
459 294
459 370
459 420
459 423
459 424
459 438
459 444
459 453
459 471
459 472
459 478
460 85
460 167
460 192
460 360
460 407
460 425
460 429
460 436
460 445
460 462
460 474
460 494
461 51
461 287
461 292
461 387
461 399
461 418
461 421
461 425
461 447
461 455
461 462
461 464
461 489
462 67
462 384
462 439
462 446
462 449
462 454
462 460
462 461
462 468
462 469
462 476
462 486
462 494
463 179
463 301
463 307
463 351
463 356
463 390
463 396
463 407
463 416
463 445
463 448
463 449
463 474
464 38
464 287
464 292
464 382
464 387
464 422
464 447
464 453
464 455
464 461
464 467
464 472
464 474
465 293
465 400
465 411
465 427
465 449
465 466
465 470
465 473
465 481
465 482
465 485
465 492
465 494
466 206
466 350
466 400
466 411
466 439
466 465
466 470
466 473
466 481
466 488
466 490
466 492
466 494
467 327
467 456
467 464
467 474
467 477
467 478
467 480
467 481
467 482
467 485
467 488
467 489
467 494
468 188
468 329
468 378
468 400
468 411
468 432
468 439
468 449
468 451
468 454
468 462
468 476
468 492
469 150
469 276
469 317
469 384
469 388
469 446
469 448
469 450
469 451
469 458
469 462
469 476
469 480
469 486
470 101
470 129
470 353
470 465
470 466
470 473
470 477
470 481
470 482
470 488
470 489
470 493
470 494
470 497
471 42
471 112
471 131
471 266
471 324
471 409
471 420
471 423
471 424
471 438
471 444
471 452
471 459
471 472
472 80
472 218
472 225
472 257
472 319
472 387
472 424
472 438
472 447
472 453
472 459
472 464
472 471
472 477
473 132
473 345
473 400
473 413
473 452
473 465
473 466
473 470
473 481
473 482
473 488
473 489
473 492
473 494
474 136
474 244
474 245
474 360
474 401
474 419
474 425
474 436
474 442
474 460
474 463
474 464
474 467
474 487
475 150
475 312
475 453
475 478
475 479
475 483
475 484
475 485
475 490
475 491
475 493
475 495
475 496
475 498
475 500
476 205
476 283
476 285
476 289
476 307
476 384
476 439
476 449
476 451
476 454
476 462
476 468
476 469
476 486
476 487
477 43
477 106
477 141
477 456
477 467
477 470
477 472
477 478
477 479
477 480
477 482
477 485
477 488
477 489
477 493
478 119
478 280
478 305
478 385
478 456
478 459
478 467
478 475
478 477
478 479
478 480
478 483
478 485
478 493
478 497
478 500
479 33
479 93
479 437
479 456
479 475
479 477
479 478
479 480
479 483
479 485
479 489
479 493
479 495
479 496
479 497
479 500
480 181
480 315
480 316
480 343
480 456
480 467
480 469
480 477
480 478
480 479
480 483
480 485
480 489
480 493
480 497
480 500
481 65
481 230
481 246
481 351
481 372
481 435
481 456
481 465
481 466
481 467
481 470
481 473
481 482
481 488
481 489
481 494
482 240
482 254
482 255
482 350
482 456
482 465
482 467
482 470
482 473
482 477
482 481
482 488
482 489
482 494
482 495
482 499
483 198
483 361
483 377
483 452
483 475
483 478
483 479
483 480
483 484
483 485
483 490
483 493
483 495
483 496
483 497
483 500
484 40
484 212
484 475
484 483
484 487
484 490
484 491
484 493
484 495
484 496
484 497
484 498
484 499
485 110
485 157
485 257
485 279
485 445
485 456
485 465
485 467
485 475
485 477
485 478
485 479
485 480
485 483
485 493
485 497
485 500
486 91
486 197
486 356
486 368
486 384
486 388
486 407
486 446
486 450
486 453
486 458
486 462
486 469
486 476
486 487
486 490
486 492
487 117
487 205
487 262
487 287
487 292
487 336
487 347
487 358
487 377
487 387
487 448
487 455
487 474
487 476
487 484
487 486
487 494
488 237
488 287
488 320
488 340
488 372
488 390
488 415
488 456
488 466
488 467
488 470
488 473
488 477
488 481
488 482
488 489
488 494
489 20
489 60
489 97
489 425
489 455
489 456
489 461
489 467
489 470
489 473
489 477
489 479
489 480
489 481
489 482
489 488
489 494
490 59
490 466
490 475
490 483
490 484
490 486
490 491
490 495
490 496
490 497
490 498
490 499
490 500
491 151
491 405
491 442
491 475
491 484
491 490
491 495
491 496
491 497
491 498
491 499
491 500
492 118
492 143
492 179
492 203
492 391
492 395
492 400
492 411
492 431
492 449
492 451
492 454
492 465
492 466
492 468
492 473
492 486
492 494
493 159
493 373
493 401
493 412
493 426
493 470
493 475
493 477
493 478
493 479
493 480
493 483
493 484
493 485
493 495
493 496
493 497
493 500
494 65
494 84
494 188
494 291
494 375
494 444
494 460
494 462
494 465
494 466
494 467
494 470
494 473
494 481
494 482
494 487
494 488
494 489
494 492
495 38
495 165
495 278
495 342
495 396
495 412
495 475
495 479
495 482
495 483
495 484
495 490
495 491
495 493
495 496
495 497
495 498
495 499
495 500
496 58
496 67
496 77
496 224
496 401
496 414
496 424
496 475
496 479
496 483
496 484
496 490
496 491
496 493
496 495
496 497
496 498
496 499
496 500
497 31
497 178
497 186
497 197
497 341
497 344
497 432
497 470
497 478
497 479
497 480
497 483
497 484
497 485
497 490
497 491
497 493
497 495
497 496
497 500
498 191
498 305
498 311
498 440
498 475
498 484
498 490
498 491
498 495
498 496
498 499
499 69
499 391
499 482
499 484
499 490
499 491
499 495
499 496
499 498
500 189
500 217
500 273
500 286
500 290
500 373
500 398
500 428
500 475
500 478
500 479
500 480
500 483
500 485
500 490
500 491
500 493
500 495
500 496
500 497
