1 31
1 122
1 123
1 249
1 487
2 3
2 4
2 108
2 360
2 376
3 2
3 4
3 61
3 360
3 376
4 2
4 3
4 371
4 376
4 487
5 7
5 8
5 11
5 31
5 371
6 236
6 240
6 244
6 344
6 366
6 458
7 5
7 8
7 51
7 371
7 449
8 5
8 7
8 11
8 13
8 279
9 26
9 75
9 228
9 254
9 266
10 52
10 91
10 97
10 104
10 115
11 5
11 8
11 13
11 45
11 371
12 17
12 24
12 208
12 250
12 314
13 8
13 11
13 15
13 63
13 251
14 19
14 150
14 186
14 263
14 324
15 13
15 86
15 235
15 251
15 260
16 59
16 145
16 273
16 317
16 347
17 12
17 24
17 168
17 419
17 479
18 86
18 87
18 89
18 92
18 384
19 14
19 20
19 264
19 387
19 413
20 19
20 21
20 22
20 72
20 334
21 20
21 22
21 23
21 28
21 118
22 20
22 21
22 23
22 131
22 334
23 21
23 22
23 28
23 29
23 436
24 12
24 17
24 40
24 189
24 227
25 94
25 218
25 221
25 298
25 493
26 9
26 36
26 136
26 143
26 190
27 182
27 232
27 332
27 409
27 470
28 21
28 23
28 29
28 286
28 382
29 23
29 28
29 30
29 32
29 461
30 29
30 32
30 33
30 112
30 466
31 1
31 5
31 121
31 249
31 309
32 29
32 30
32 33
32 285
32 331
33 30
33 32
33 97
33 285
33 331
34 38
34 328
34 343
34 422
34 495
35 82
35 141
35 144
35 201
35 257
36 26
36 83
36 143
36 191
36 452
37 57
37 98
37 100
37 242
37 312
38 34
38 41
38 48
38 204
38 407
39 69
39 71
39 290
39 296
39 304
40 24
40 79
40 250
40 258
40 307
41 38
41 43
41 45
41 53
41 204
42 172
42 174
42 175
42 176
42 205
43 41
43 45
43 243
43 331
43 452
44 47
44 49
44 238
44 278
44 280
45 11
45 41
45 43
45 278
45 280
46 48
46 49
46 278
46 402
46 454
47 44
47 48
47 278
47 372
47 473
48 38
48 46
48 47
48 49
48 323
49 44
49 46
49 48
49 122
49 323
50 51
50 78
50 225
50 323
50 352
51 7
51 50
51 295
51 301
51 468
52 10
52 53
52 54
52 225
52 301
53 41
53 52
53 54
53 301
53 498
54 52
54 53
54 58
54 60
54 74
55 135
55 149
55 321
55 382
55 399
56 64
56 175
56 176
56 177
56 220
57 37
57 94
57 95
57 242
57 487
58 54
58 60
58 127
58 295
58 387
59 16
59 131
59 137
59 461
59 488
60 54
60 58
60 63
60 67
60 443
61 3
61 63
61 64
61 67
61 440
62 77
62 88
62 259
62 305
62 381
63 13
63 60
63 61
63 64
63 67
64 56
64 61
64 63
64 65
64 66
65 64
65 66
65 209
65 445
65 469
66 64
66 65
66 67
66 304
66 470
67 60
67 61
67 63
67 66
67 476
68 184
68 193
68 200
68 208
68 354
69 39
69 93
69 290
69 304
69 445
70 71
70 73
70 290
70 483
70 498
71 39
71 70
71 73
71 114
71 499
72 20
72 147
72 149
72 151
72 390
73 70
73 71
73 78
73 304
73 498
74 54
74 93
74 152
74 155
74 205
75 9
75 228
75 232
75 267
75 399
76 78
76 81
76 206
76 470
76 490
77 62
77 88
77 221
77 339
77 434
78 50
78 73
78 76
78 81
78 206
79 40
79 88
79 310
79 451
79 468
80 318
80 363
80 385
80 421
80 449
81 76
81 78
81 82
81 206
81 492
82 35
82 81
82 84
82 206
82 448
83 36
83 84
83 85
83 210
83 411
84 82
84 83
84 85
84 210
84 362
85 83
85 84
85 210
85 380
85 493
86 15
86 18
86 87
86 92
86 210
87 18
87 86
87 92
87 128
87 210
88 62
88 77
88 79
88 209
88 493
89 18
89 94
89 95
89 304
89 418
90 246
90 258
90 404
90 407
90 481
91 10
91 97
91 166
91 254
91 492
92 18
92 86
92 87
92 94
92 215
93 69
93 74
93 152
93 154
93 476
94 25
94 57
94 89
94 92
94 95
95 57
95 89
95 94
95 424
95 453
96 98
96 101
96 218
96 424
96 489
97 10
97 33
97 91
97 104
97 304
98 37
98 96
98 100
98 101
98 367
99 162
99 167
99 344
99 399
99 450
100 37
100 98
100 101
100 242
100 277
101 96
101 98
101 100
101 102
101 123
102 101
102 105
102 106
102 242
102 455
103 122
103 123
103 127
103 226
103 249
104 10
104 97
104 212
104 364
104 495
105 102
105 106
105 107
105 446
105 456
106 102
106 105
106 107
106 468
106 474
107 105
107 106
107 109
107 279
107 483
108 2
108 109
108 112
108 237
108 407
109 107
109 108
109 112
109 237
109 485
110 270
110 271
110 281
110 302
110 323
111 134
111 267
111 298
111 384
111 425
112 30
112 108
112 109
112 114
112 237
113 187
113 195
113 363
113 381
113 449
114 71
114 112
114 116
114 222
114 237
115 10
115 125
115 173
115 371
115 397
116 114
116 117
116 142
116 222
116 237
117 116
117 222
117 249
117 255
117 498
118 21
118 188
118 272
118 309
118 359
119 120
119 170
119 188
119 272
119 309
120 119
120 121
120 309
120 387
120 456
121 31
121 120
121 309
121 317
121 492
122 1
122 49
122 103
122 429
122 499
123 1
123 101
123 103
123 249
123 465
124 127
124 128
124 129
124 192
124 356
125 115
125 173
125 194
125 219
125 343
126 137
126 192
126 200
126 223
126 459
127 58
127 103
127 124
127 128
127 129
128 87
128 124
128 127
128 129
128 295
129 124
129 127
129 128
129 130
129 347
130 129
130 131
130 137
130 273
130 317
131 22
131 59
131 130
131 273
131 410
132 162
132 166
132 167
132 168
132 475
133 134
133 140
133 201
133 273
133 473
134 111
134 133
134 140
134 201
134 366
135 55
135 147
135 153
135 358
135 485
136 26
136 189
136 190
136 363
136 441
137 59
137 126
137 130
137 273
137 301
138 227
138 230
138 297
138 298
138 495
139 142
139 148
139 220
139 239
139 413
140 133
140 134
140 201
140 237
140 331
141 35
141 144
141 240
141 257
141 458
142 116
142 139
142 148
142 173
142 298
143 26
143 36
143 150
143 177
143 186
144 35
144 141
144 257
144 292
144 358
145 16
145 321
145 352
145 358
145 426
146 292
146 316
146 333
146 364
146 405
146 422
147 72
147 135
147 149
147 242
148 139
148 142
148 158
148 486
148 497
149 55
149 72
149 147
149 321
149 489
150 14
150 143
150 263
150 324
150 465
151 72
151 152
151 178
151 358
151 461
152 74
152 93
152 151
152 205
152 495
153 135
153 184
153 185
153 263
153 316
154 93
154 155
154 156
154 157
154 284
155 74
155 154
155 156
155 157
155 222
156 154
156 155
156 157
156 285
156 439
157 154
157 155
157 156
157 205
157 309
158 148
158 160
158 339
158 354
158 420
159 161
159 167
159 320
159 367
159 464
160 158
160 163
160 241
160 392
160 413
161 159
161 167
161 313
161 367
161 375
162 99
162 132
162 166
162 388
162 474
163 160
163 165
163 463
163 490
163 493
164 177
164 180
164 220
164 348
164 376
165 163
165 179
165 354
165 372
165 442
166 91
166 132
166 162
166 447
166 464
167 99
167 132
167 159
167 161
167 367
168 17
168 132
168 169
168 174
168 490
169 168
169 174
169 339
169 466
169 495
170 119
170 171
170 172
170 295
170 371
171 170
171 172
171 296
171 333
171 476
172 42
172 170
172 171
172 261
172 339
173 115
173 125
173 142
173 194
173 397
174 42
174 168
174 169
174 339
174 499
175 42
175 56
175 339
175 457
175 497
176 42
176 56
176 220
176 475
176 483
177 56
177 143
177 164
177 220
177 348
178 151
178 180
178 370
178 489
178 500
179 165
179 181
179 209
179 396
179 427
180 164
180 178
180 183
180 201
180 348
181 179
181 209
181 238
181 332
181 461
182 27
182 230
182 266
182 267
182 352
183 180
183 184
183 348
183 465
183 495
184 68
184 153
184 183
184 185
184 482
185 153
185 184
185 248
185 263
185 292
186 14
186 143
186 207
186 269
186 324
186 405
187 113
187 195
187 318
187 381
187 390
187 430
188 118
188 119
188 222
188 255
188 272
188 489
189 24
189 136
189 190
189 191
189 423
189 483
190 26
190 136
190 189
190 191
190 445
190 458
191 36
191 189
191 190
191 223
191 228
191 293
192 124
192 126
192 193
192 200
192 267
192 393
193 68
193 192
193 200
193 223
193 496
193 499
194 125
194 173
194 250
194 259
194 340
194 498
195 113
195 187
195 381
195 390
195 444
195 454
196 199
196 319
196 322
196 388
196 466
196 488
197 277
197 286
197 360
197 376
197 387
197 488
198 241
198 274
198 276
198 282
198 315
198 465
199 196
199 202
199 322
199 381
199 388
199 441
200 68
200 126
200 192
200 193
200 289
200 329
201 35
201 133
201 134
201 140
201 180
201 257
202 199
202 203
202 206
202 322
202 388
202 492
203 202
203 211
203 213
203 217
203 224
203 389
204 38
204 41
204 280
204 285
204 416
204 425
205 42
205 74
205 152
205 157
205 413
205 427
206 76
206 78
206 81
206 82
206 202
206 424
207 186
207 208
207 226
207 354
207 356
207 469
208 12
208 68
208 207
208 226
208 353
208 465
209 65
209 88
209 179
209 181
209 238
209 324
210 83
210 84
210 85
210 86
210 87
210 291
211 203
211 213
211 217
211 224
211 443
211 462
212 104
212 214
212 215
212 226
212 283
212 408
213 203
213 211
213 219
213 224
213 308
213 484
214 212
214 215
214 218
214 398
214 408
215 92
215 212
215 214
215 218
215 348
215 393
216 297
216 333
216 384
216 397
216 405
216 478
217 203
217 211
217 219
217 282
217 322
217 492
218 25
218 96
218 214
218 215
218 387
218 408
219 125
219 213
219 217
219 224
219 233
219 362
220 56
220 139
220 164
220 176
220 177
220 420
221 25
221 77
221 227
221 298
221 420
221 495
222 114
222 116
222 117
222 155
222 188
222 255
223 126
223 191
223 193
223 347
223 354
223 493
224 203
224 211
224 213
224 219
224 233
224 472
225 50
225 52
225 290
225 301
225 352
225 423
226 103
226 207
226 208
226 212
226 354
226 408
227 24
227 138
227 221
227 298
227 392
227 460
228 9
228 75
228 191
228 239
228 268
228 480
229 328
229 343
229 368
229 407
229 429
229 464
230 138
230 182
230 267
230 356
230 426
230 482
231 252
231 305
231 364
231 365
231 375
231 409
232 27
232 75
232 266
232 321
232 347
232 408
233 219
233 224
233 234
233 311
233 430
233 493
234 233
234 236
234 240
234 311
234 366
234 446
235 15
235 251
235 255
235 260
235 264
235 413
236 6
236 234
236 240
236 311
236 366
236 444
237 108
237 109
237 112
237 114
237 116
237 140
238 44
238 181
238 209
238 258
238 369
238 463
239 139
239 228
239 254
239 266
239 268
239 464
240 6
240 141
240 234
240 236
240 311
240 366
241 160
241 198
241 265
241 274
241 303
241 315
242 37
242 57
242 100
242 102
242 147
242 412
243 43
243 294
243 296
243 305
243 398
243 485
244 6
244 245
244 247
244 248
244 253
244 366
245 244
245 247
245 248
245 253
245 275
245 394
246 90
246 258
246 359
246 391
246 450
246 457
247 244
247 245
247 248
247 253
247 260
247 275
248 185
248 244
248 245
248 247
248 303
248 395
249 1
249 31
249 103
249 117
249 123
249 458
250 12
250 40
250 194
250 259
250 340
250 466
251 13
251 15
251 235
251 260
251 264
251 417
252 231
252 261
252 335
252 399
252 409
252 467
253 244
253 245
253 247
253 275
253 303
253 487
254 9
254 91
254 239
254 268
254 290
254 306
255 117
255 188
255 222
255 235
255 272
255 338
256 262
256 306
256 338
256 359
256 372
256 378
257 35
257 141
257 144
257 201
257 358
257 402
258 40
258 90
258 238
258 246
258 307
258 436
259 62
259 194
259 250
259 390
259 416
259 432
260 15
260 235
260 247
260 251
260 264
260 413
261 172
261 252
261 288
261 300
261 356
261 359
262 256
262 306
262 338
262 343
262 372
262 378
263 14
263 150
263 153
263 185
263 462
263 497
264 19
264 235
264 251
264 260
264 334
264 350
265 241
265 274
265 276
265 303
265 315
265 465
266 9
266 182
266 232
266 239
266 268
266 360
267 75
267 111
267 182
267 192
267 230
267 397
268 228
268 239
268 254
268 266
268 271
268 438
269 186
269 286
269 308
269 350
269 387
269 441
270 110
270 271
270 302
270 330
270 408
270 485
271 110
271 268
271 270
271 302
271 405
271 416
272 118
272 119
272 188
272 255
272 463
272 477
273 16
273 130
273 131
273 133
273 137
273 345
274 198
274 241
274 265
274 276
274 410
274 474
275 245
275 247
275 253
275 276
275 303
275 315
276 198
276 265
276 274
276 275
276 291
276 293
277 100
277 197
277 360
277 376
277 387
277 497
278 44
278 45
278 46
278 47
278 280
278 406
279 8
279 107
279 281
279 284
279 302
279 340
280 44
280 45
280 204
280 278
280 429
280 488
281 110
281 279
281 284
281 340
281 400
281 442
282 198
282 217
282 283
282 291
282 293
282 442
283 212
283 282
283 291
283 293
283 398
283 421
284 154
284 279
284 281
284 302
284 340
284 355
285 32
285 33
285 156
285 204
285 351
285 499
286 28
286 197
286 269
286 308
286 322
286 350
286 387
287 299
287 310
287 415
287 438
287 454
287 464
287 482
288 261
288 300
288 328
288 338
288 359
288 409
288 438
289 200
289 299
289 310
289 320
289 326
289 454
289 500
290 39
290 69
290 70
290 225
290 254
290 304
290 378
291 210
291 276
291 282
291 283
291 293
291 354
291 398
292 144
292 146
292 185
292 297
292 316
292 333
292 405
293 191
293 276
293 282
293 283
293 291
293 398
293 480
294 243
294 296
294 305
294 307
294 401
294 481
294 482
295 51
295 58
295 128
295 170
295 301
295 323
295 352
296 39
296 171
296 243
296 294
296 305
296 307
296 398
297 138
297 216
297 292
297 384
297 389
297 397
297 464
298 25
298 111
298 138
298 142
298 221
298 227
298 410
299 287
299 289
299 310
299 326
299 341
299 454
299 464
300 261
300 288
300 338
300 356
300 359
300 453
300 471
301 51
301 52
301 53
301 137
301 225
301 295
301 413
302 110
302 270
302 271
302 279
302 284
302 348
302 386
303 241
303 248
303 253
303 265
303 275
303 315
303 329
304 39
304 66
304 69
304 73
304 89
304 97
304 290
305 62
305 231
305 243
305 294
305 296
305 307
305 398
306 254
306 256
306 262
306 338
306 352
306 359
306 496
307 40
307 258
307 294
307 296
307 305
307 313
307 314
308 213
308 269
308 286
308 350
308 392
308 395
308 457
309 31
309 118
309 119
309 120
309 121
309 157
309 391
310 79
310 287
310 289
310 299
310 320
310 326
310 327
311 233
311 234
311 236
311 240
311 366
311 459
311 497
312 37
312 313
312 314
312 329
312 420
312 426
312 468
313 161
313 307
313 312
313 314
313 329
313 420
313 426
314 12
314 307
314 312
314 313
314 329
314 353
314 420
315 198
315 241
315 265
315 275
315 303
315 376
315 439
316 146
316 153
316 292
316 333
316 405
316 418
316 496
317 16
317 121
317 130
317 347
317 423
317 448
317 452
318 80
318 187
318 363
318 390
318 421
318 433
318 449
319 196
319 322
319 381
319 388
319 390
319 445
319 460
320 159
320 289
320 310
320 326
320 327
320 432
320 438
321 55
321 145
321 149
321 232
321 358
321 451
321 488
322 196
322 199
322 202
322 217
322 286
322 319
322 388
323 48
323 49
323 50
323 110
323 295
323 355
323 375
324 14
324 150
324 186
324 209
324 418
324 485
324 490
325 330
325 336
325 337
325 344
325 420
325 440
325 441
326 289
326 299
326 310
326 320
326 327
326 432
326 434
327 310
327 320
327 326
327 335
327 432
327 433
327 491
328 34
328 229
328 288
328 368
328 378
328 407
328 429
329 200
329 303
329 312
329 313
329 314
329 330
329 420
330 270
330 325
330 329
330 336
330 420
330 485
330 500
331 32
331 33
331 43
331 140
331 340
331 350
331 392
332 27
332 181
332 337
332 344
332 346
332 384
332 397
333 146
333 171
333 216
333 292
333 316
333 374
333 460
334 20
334 22
334 264
334 349
334 413
334 493
334 496
335 252
335 327
335 341
335 342
335 349
335 416
335 432
336 325
336 330
336 337
336 344
336 373
336 411
336 454
337 325
337 332
337 336
337 344
337 346
337 476
337 478
338 255
338 256
338 262
338 288
338 300
338 306
338 498
339 77
339 158
339 169
339 172
339 174
339 175
339 405
340 194
340 250
340 279
340 281
340 284
340 331
340 413
341 299
341 335
341 342
341 349
341 416
341 432
341 457
342 335
342 341
342 349
342 416
342 429
342 432
342 457
343 34
343 125
343 229
343 262
343 407
343 429
343 477
344 6
344 99
344 325
344 332
344 336
344 337
344 497
345 273
345 370
345 374
345 383
345 403
345 410
345 448
346 332
346 337
346 350
346 384
346 397
346 475
346 498
347 16
347 129
347 223
347 232
347 317
347 365
347 451
347 472
348 164
348 177
348 180
348 183
348 215
348 302
348 449
348 500
349 334
349 335
349 341
349 342
349 416
349 432
349 457
349 496
350 264
350 269
350 286
350 308
350 331
350 346
350 351
350 392
351 285
351 350
351 392
351 400
351 430
351 459
351 474
351 496
352 50
352 145
352 182
352 225
352 295
352 306
352 447
352 451
353 208
353 314
353 369
353 373
353 379
353 411
353 457
353 487
354 68
354 158
354 165
354 207
354 223
354 226
354 291
354 487
355 284
355 323
355 393
355 423
355 424
355 425
355 452
355 474
356 124
356 207
356 230
356 261
356 300
356 365
356 399
356 409
357 361
357 386
357 391
357 428
357 463
357 469
357 479
357 492
358 135
358 144
358 145
358 151
358 257
358 321
358 370
358 487
359 118
359 246
359 256
359 261
359 288
359 300
359 306
359 409
360 2
360 3
360 197
360 266
360 277
360 371
360 376
360 491
361 357
361 386
361 391
361 397
361 428
361 463
361 469
361 475
362 84
362 219
362 377
362 385
362 395
362 402
362 421
362 426
363 80
363 113
363 136
363 318
363 390
363 433
363 449
363 468
364 104
364 146
364 231
364 365
364 375
364 398
364 399
364 485
365 231
365 347
365 356
365 364
365 375
365 408
365 456
365 491
366 6
366 134
366 234
366 236
366 240
366 244
366 311
366 498
367 98
367 159
367 161
367 167
367 393
367 403
367 446
367 480
368 229
368 328
368 392
368 407
368 429
368 435
368 452
368 473
369 238
369 353
369 373
369 379
369 382
369 411
369 457
369 463
370 178
370 345
370 358
370 374
370 383
370 403
370 430
370 448
371 4
371 5
371 7
371 11
371 115
371 170
371 360
371 394
372 47
372 165
372 256
372 262
372 378
372 417
372 420
372 491
373 336
373 353
373 369
373 379
373 380
373 382
373 415
373 484
374 333
374 345
374 370
374 403
374 410
374 424
374 430
374 474
375 161
375 231
375 323
375 364
375 365
375 453
375 469
375 492
376 2
376 3
376 4
376 164
376 197
376 277
376 315
376 360
377 362
377 383
377 385
377 388
377 389
377 414
377 426
377 436
378 256
378 262
378 290
378 328
378 372
378 388
378 405
378 446
379 353
379 369
379 373
379 380
379 382
379 411
379 486
379 497
380 85
380 373
380 379
380 382
380 448
380 464
380 489
380 491
381 62
381 113
381 187
381 195
381 199
381 319
381 390
381 494
382 28
382 55
382 369
382 373
382 379
382 380
382 411
382 448
383 345
383 370
383 377
383 395
383 403
383 448
383 478
383 493
384 18
384 111
384 216
384 297
384 332
384 346
384 397
384 437
385 80
385 362
385 377
385 389
385 402
385 419
385 421
385 426
385 449
386 302
386 357
386 361
386 391
386 401
386 428
386 449
386 469
386 475
387 19
387 58
387 120
387 197
387 218
387 269
387 277
387 286
387 396
388 162
388 196
388 199
388 202
388 319
388 322
388 377
388 378
388 421
389 203
389 297
389 377
389 385
389 395
389 400
389 414
389 436
389 460
390 72
390 187
390 195
390 259
390 318
390 319
390 363
390 381
390 423
391 246
391 309
391 357
391 361
391 386
391 401
391 404
391 469
391 475
392 160
392 227
392 308
392 331
392 350
392 351
392 368
392 429
392 483
393 192
393 215
393 355
393 367
393 396
393 423
393 425
393 452
393 455
394 245
394 371
394 439
394 442
394 443
394 456
394 458
394 459
394 470
395 248
395 308
395 362
395 383
395 389
395 402
395 414
395 426
395 460
396 179
396 387
396 393
396 425
396 436
396 447
396 452
396 453
396 460
397 115
397 173
397 216
397 267
397 297
397 332
397 346
397 361
397 384
398 214
398 243
398 283
398 291
398 293
398 296
398 305
398 364
399 55
399 75
399 99
399 252
399 356
399 364
399 409
399 492
399 500
400 281
400 351
400 389
400 414
400 419
400 436
400 442
400 460
400 467
401 294
401 386
401 391
401 404
401 406
401 418
401 425
401 469
401 475
402 46
402 257
402 362
402 385
402 395
402 421
402 426
402 449
403 345
403 367
403 370
403 374
403 383
403 430
403 448
403 467
403 494
404 90
404 391
404 401
404 406
404 418
404 434
404 465
404 475
404 492
405 146
405 186
405 216
405 271
405 292
405 316
405 339
405 378
405 436
406 278
406 401
406 404
406 412
406 418
406 434
406 447
406 465
406 499
407 38
407 90
407 108
407 229
407 328
407 343
407 368
407 429
407 481
408 212
408 214
408 218
408 226
408 232
408 270
408 365
408 447
408 500
409 27
409 231
409 252
409 288
409 356
409 359
409 399
409 414
409 454
410 131
410 274
410 298
410 345
410 374
410 430
410 445
410 448
410 474
411 83
411 336
411 353
411 369
411 379
411 382
411 415
411 416
411 457
411 489
412 242
412 406
412 418
412 421
412 434
412 440
412 443
412 447
412 461
412 465
413 19
413 139
413 160
413 205
413 235
413 260
413 301
413 334
413 340
413 457
414 377
414 389
414 395
414 400
414 409
414 436
414 460
414 486
415 287
415 373
415 411
415 419
415 427
415 438
415 445
415 453
415 454
415 464
416 204
416 259
416 271
416 335
416 341
416 342
416 349
416 411
416 457
416 478
417 251
417 372
417 422
417 431
417 467
417 471
417 484
417 487
417 488
417 491
418 89
418 316
418 324
418 401
418 404
418 406
418 412
418 434
418 447
418 465
419 17
419 385
419 400
419 415
419 427
419 433
419 438
419 453
419 455
419 483
420 158
420 220
420 221
420 312
420 313
420 314
420 325
420 329
420 330
420 372
421 80
421 283
421 318
421 362
421 385
421 388
421 402
421 412
421 443
421 449
422 34
422 146
422 417
422 431
422 435
422 467
422 471
422 487
422 488
422 491
423 189
423 225
423 317
423 355
423 390
423 393
423 424
423 425
423 445
423 452
424 95
424 96
424 206
424 355
424 374
424 423
424 430
424 445
424 474
424 500
425 111
425 204
425 355
425 393
425 396
425 401
425 423
425 452
425 460
425 482
426 145
426 230
426 312
426 313
426 362
426 377
426 385
426 395
426 402
426 436
427 179
427 205
427 415
427 419
427 433
427 438
427 452
427 454
427 455
427 464
428 357
428 361
428 386
428 463
428 469
428 479
428 483
428 484
429 122
429 229
429 280
429 328
429 342
429 343
429 368
429 392
429 407
429 449
430 187
430 233
430 351
430 370
430 374
430 403
430 410
430 424
430 445
430 474
431 417
431 422
431 435
431 444
431 456
431 467
431 471
431 487
431 488
431 496
432 259
432 320
432 326
432 327
432 335
432 341
432 342
432 349
432 477
433 318
433 327
433 363
433 419
433 427
433 438
433 453
433 455
433 491
433 497
434 77
434 326
434 404
434 406
434 412
434 418
434 440
434 444
434 447
434 465
435 368
435 422
435 431
435 444
435 450
435 451
435 468
435 478
435 484
435 487
436 23
436 258
436 377
436 389
436 396
436 400
436 405
436 414
436 426
436 460
436 461
437 384
437 462
437 480
437 481
437 486
437 494
437 495
437 496
437 498
437 499
437 500
438 268
438 287
438 288
438 320
438 415
438 419
438 427
438 433
438 454
438 464
438 500
439 156
439 315
439 394
439 440
439 441
439 445
439 446
439 456
439 461
439 466
439 470
440 61
440 325
440 412
440 434
440 439
440 446
440 448
440 461
440 465
440 470
441 136
441 199
441 269
441 325
441 439
441 446
441 456
441 458
441 461
441 470
441 494
442 165
442 281
442 282
442 394
442 400
442 443
442 458
442 459
442 466
442 479
442 492
443 60
443 211
443 394
443 412
443 421
443 442
443 453
443 455
443 459
443 466
443 492
444 195
444 236
444 431
444 434
444 435
444 450
444 451
444 467
444 468
444 478
444 487
445 65
445 69
445 190
445 319
445 410
445 415
445 423
445 424
445 430
445 439
445 474
446 105
446 234
446 367
446 378
446 439
446 440
446 441
446 456
446 458
446 461
446 470
447 166
447 352
447 396
447 406
447 408
447 412
447 418
447 434
447 465
447 475
447 479
448 82
448 317
448 345
448 370
448 380
448 382
448 383
448 403
448 410
448 440
449 7
449 80
449 113
449 318
449 348
449 363
449 385
449 386
449 402
449 421
449 429
450 99
450 246
450 435
450 444
450 451
450 468
450 478
450 483
450 485
450 486
450 487
450 497
451 79
451 321
451 347
451 352
451 435
451 444
451 450
451 468
451 478
451 479
451 483
451 485
452 36
452 43
452 317
452 355
452 368
452 393
452 396
452 423
452 425
452 427
452 479
452 494
453 95
453 300
453 375
453 396
453 415
453 419
453 433
453 443
453 455
453 466
453 492
453 500
454 46
454 195
454 287
454 289
454 299
454 336
454 409
454 415
454 427
454 438
454 457
454 464
455 102
455 393
455 419
455 427
455 433
455 443
455 453
455 466
455 469
455 474
455 492
455 496
456 105
456 120
456 365
456 394
456 431
456 439
456 441
456 446
456 458
456 461
456 470
456 499
457 175
457 246
457 308
457 341
457 342
457 349
457 353
457 369
457 411
457 413
457 416
457 454
458 6
458 141
458 190
458 249
458 394
458 441
458 442
458 446
458 456
458 459
458 466
458 470
459 126
459 311
459 351
459 394
459 442
459 443
459 458
459 466
459 472
459 474
459 492
459 496
460 227
460 319
460 333
460 389
460 395
460 396
460 400
460 414
460 425
460 436
460 470
460 473
461 29
461 59
461 151
461 181
461 412
461 436
461 439
461 440
461 441
461 446
461 456
461 470
462 211
462 263
462 437
462 480
462 481
462 486
462 494
462 495
462 496
462 498
462 499
462 500
463 163
463 238
463 272
463 357
463 361
463 369
463 428
463 469
463 471
463 478
463 479
463 483
463 488
464 159
464 166
464 229
464 239
464 287
464 297
464 299
464 380
464 415
464 427
464 438
464 454
464 490
465 123
465 150
465 183
465 198
465 208
465 265
465 404
465 406
465 412
465 418
465 434
465 440
465 447
466 30
466 169
466 196
466 250
466 439
466 442
466 443
466 453
466 455
466 458
466 459
466 470
466 492
467 252
467 400
467 403
467 417
467 422
467 431
467 444
467 471
467 479
467 485
467 487
467 488
467 491
468 51
468 79
468 106
468 312
468 363
468 435
468 444
468 450
468 451
468 478
468 479
468 483
468 485
469 65
469 207
469 357
469 361
469 375
469 386
469 391
469 401
469 428
469 455
469 463
469 472
469 475
470 27
470 66
470 76
470 394
470 439
470 440
470 441
470 446
470 456
470 458
470 460
470 461
470 466
471 300
471 417
471 422
471 431
471 463
471 467
471 475
471 484
471 487
471 488
471 489
471 491
471 493
472 224
472 347
472 459
472 469
472 473
472 476
472 477
472 480
472 482
472 489
472 493
472 497
472 499
473 47
473 133
473 368
473 460
473 472
473 476
473 477
473 482
473 484
473 489
473 491
473 493
473 497
474 106
474 162
474 274
474 351
474 355
474 374
474 410
474 424
474 430
474 445
474 455
474 459
474 489
475 132
475 176
475 346
475 361
475 386
475 391
475 401
475 404
475 447
475 469
475 471
475 494
475 500
476 67
476 93
476 171
476 337
476 472
476 473
476 478
476 480
476 481
476 482
476 495
476 496
476 497
476 499
477 272
477 343
477 432
477 472
477 473
477 480
477 484
477 488
477 489
477 491
477 493
477 495
477 497
478 216
478 337
478 383
478 416
478 435
478 444
478 450
478 451
478 463
478 468
478 476
478 479
478 483
478 485
479 17
479 357
479 428
479 442
479 447
479 451
479 452
479 463
479 467
479 468
479 478
479 483
479 484
479 485
480 228
480 293
480 367
480 437
480 462
480 472
480 476
480 477
480 481
480 482
480 495
480 498
480 499
480 500
481 90
481 294
481 407
481 437
481 462
481 476
481 480
481 482
481 492
481 495
481 496
481 498
481 499
481 500
482 184
482 230
482 287
482 294
482 425
482 472
482 473
482 476
482 480
482 481
482 495
482 496
482 497
482 499
483 70
483 107
483 176
483 189
483 392
483 419
483 428
483 450
483 451
483 463
483 468
483 478
483 479
483 485
484 213
484 373
484 417
484 428
484 435
484 471
484 473
484 477
484 479
484 488
484 489
484 491
484 493
484 494
484 497
485 109
485 135
485 243
485 270
485 324
485 330
485 364
485 450
485 451
485 467
485 468
485 478
485 479
485 483
485 487
486 148
486 379
486 414
486 437
486 450
486 462
486 490
486 494
486 496
486 498
486 499
486 500
487 1
487 4
487 57
487 253
487 353
487 354
487 358
487 417
487 422
487 431
487 435
487 444
487 450
487 467
487 471
487 485
488 59
488 196
488 197
488 280
488 321
488 417
488 422
488 431
488 463
488 467
488 471
488 477
488 484
488 489
488 491
488 493
489 96
489 149
489 178
489 188
489 380
489 411
489 471
489 472
489 473
489 474
489 477
489 484
489 488
489 491
489 493
489 497
490 76
490 163
490 168
490 324
490 464
490 486
490 494
490 498
490 500
491 327
491 360
491 365
491 372
491 380
491 417
491 422
491 433
491 467
491 471
491 473
491 477
491 484
491 488
491 489
491 493
491 497
492 81
492 91
492 121
492 202
492 217
492 357
492 375
492 399
492 404
492 442
492 443
492 453
492 455
492 459
492 466
492 481
492 499
493 25
493 85
493 88
493 163
493 223
493 233
493 334
493 383
493 471
493 472
493 473
493 477
493 484
493 488
493 489
493 491
493 497
494 381
494 403
494 437
494 441
494 452
494 462
494 475
494 484
494 486
494 490
494 496
494 498
494 500
495 34
495 104
495 138
495 152
495 169
495 183
495 221
495 437
495 462
495 476
495 477
495 480
495 481
495 482
495 496
495 498
495 499
495 500
496 193
496 306
496 316
496 334
496 349
496 351
496 431
496 437
496 455
496 459
496 462
496 476
496 481
496 482
496 486
496 494
496 495
496 498
496 500
497 148
497 175
497 263
497 277
497 311
497 344
497 379
497 433
497 450
497 472
497 473
497 476
497 477
497 482
497 484
497 489
497 491
497 493
497 499
498 53
498 70
498 73
498 117
498 194
498 338
498 346
498 366
498 437
498 462
498 480
498 481
498 486
498 490
498 494
498 495
498 496
498 499
498 500
499 71
499 122
499 174
499 193
499 285
499 406
499 437
499 456
499 462
499 472
499 476
499 480
499 481
499 482
499 486
499 492
499 495
499 497
499 498
499 500
500 178
500 289
500 330
500 348
500 399
500 408
500 424
500 437
500 438
500 453
500 462
500 475
500 480
500 481
500 486
500 490
500 494
500 495
500 496
500 498
500 499
