1 19
1 204
1 238
1 251
1 466
2 30
2 263
2 331
2 454
2 483
3 88
3 108
3 267
3 351
3 493
4 229
4 310
4 322
4 413
4 485
5 96
5 137
5 148
5 218
5 339
6 211
6 276
6 337
6 376
6 426
7 262
7 321
7 370
7 431
7 480
8 172
8 201
8 413
8 460
8 486
9 93
9 186
9 237
9 349
9 486
10 81
10 120
10 313
10 406
10 464
11 33
11 208
11 266
11 462
11 498
12 138
12 159
12 195
12 391
12 424
13 48
13 287
13 409
13 473
13 495
14 59
14 361
14 370
14 443
14 489
15 73
15 154
15 245
15 461
15 496
16 68
16 191
16 265
16 446
16 492
17 56
17 95
17 373
17 401
17 404
18 49
18 228
18 247
18 460
18 476
19 1
19 227
19 392
19 403
19 456
20 37
20 109
20 311
20 461
20 495
21 189
21 191
21 250
21 285
21 492
22 162
22 263
22 394
22 463
22 497
23 255
23 314
23 389
23 444
23 448
24 240
24 263
24 437
24 450
24 484
25 171
25 256
25 264
25 410
25 458
26 31
26 317
26 408
26 493
26 500
27 119
27 151
27 242
27 403
27 447
28 341
28 454
28 470
28 496
28 498
29 192
29 277
29 329
29 421
29 487
30 2
30 40
30 217
30 263
30 458
31 26
31 316
31 441
31 449
31 484
32 138
32 167
32 315
32 421
32 435
33 11
33 90
33 446
33 471
33 498
34 120
34 242
34 378
34 431
34 499
35 258
35 351
35 372
35 381
35 458
36 95
36 287
36 470
36 489
36 498
37 20
37 65
37 406
37 415
37 487
38 257
38 318
38 367
38 373
38 484
39 328
39 357
39 372
39 400
39 459
40 30
40 46
40 156
40 416
40 474
41 209
41 246
41 365
41 413
41 459
42 180
42 284
42 329
42 429
42 440
43 58
43 68
43 217
43 254
43 286
44 253
44 387
44 453
44 473
44 479
45 149
45 259
45 451
45 455
45 481
46 40
46 105
46 134
46 231
46 497
47 110
47 113
47 309
47 362
47 397
48 13
48 94
48 320
48 346
48 432
49 18
49 388
49 456
49 468
49 490
50 214
50 229
50 433
50 456
50 496
51 60
51 320
51 325
51 427
51 489
52 345
52 372
52 406
52 478
52 497
53 165
53 351
53 356
53 418
53 439
54 175
54 243
54 268
54 334
54 494
55 189
55 281
55 296
55 368
55 406
56 17
56 198
56 320
56 471
56 482
57 62
57 315
57 385
57 415
57 493
58 43
58 100
58 164
58 255
58 364
59 14
59 258
59 347
59 405
59 500
60 51
60 132
60 236
60 307
60 381
61 134
61 230
61 300
61 345
61 440
62 57
62 302
62 325
62 337
62 488
63 280
63 324
63 332
63 453
63 480
64 114
64 173
64 260
64 383
64 450
65 37
65 462
65 467
65 474
65 494
66 162
66 325
66 431
66 445
66 485
67 140
67 266
67 315
67 431
67 487
68 16
68 43
68 371
68 472
68 474
69 148
69 150
69 189
69 475
69 477
70 162
70 273
70 346
70 365
70 491
71 121
71 134
71 303
71 410
71 423
72 193
72 216
72 270
72 422
72 488
73 15
73 224
73 335
73 405
73 474
74 161
74 186
74 204
74 357
74 429
75 189
75 193
75 330
75 390
75 475
76 152
76 272
76 297
76 481
76 497
77 253
77 389
77 416
77 455
77 471
78 157
78 198
78 210
78 280
78 365
79 258
79 380
79 447
79 473
79 495
80 111
80 116
80 179
80 353
80 456
81 10
81 210
81 241
81 269
81 295
82 354
82 383
82 464
82 467
82 489
83 261
83 301
83 396
83 436
83 465
84 264
84 366
84 383
84 488
84 489
85 350
85 354
85 359
85 439
85 450
86 87
86 118
86 172
86 478
86 498
87 86
87 153
87 374
87 396
87 412
88 3
88 291
88 321
88 473
88 483
89 174
89 212
89 304
89 416
89 465
90 33
90 184
90 259
90 325
90 447
91 123
91 218
91 402
91 458
91 478
92 109
92 215
92 275
92 435
92 492
93 9
93 103
93 350
93 394
93 464
94 48
94 282
94 345
94 453
94 499
95 17
95 36
95 311
95 435
95 481
96 5
96 147
96 210
96 390
96 422
97 129
97 403
97 404
97 474
97 493
98 181
98 283
98 362
98 367
98 472
99 101
99 132
99 256
99 458
99 459
100 58
100 253
100 364
100 385
100 432
101 99
101 323
101 372
101 429
101 442
102 274
102 277
102 328
102 404
102 488
103 93
103 163
103 417
103 449
103 473
104 154
104 340
104 351
104 359
104 427
105 46
105 372
105 380
105 425
105 450
106 130
106 200
106 458
106 462
106 476
107 158
107 294
107 349
107 454
107 496
108 3
108 109
108 335
108 494
108 498
109 20
109 92
109 108
109 348
109 489
110 47
110 217
110 249
110 414
110 447
111 80
111 316
111 378
111 473
111 474
112 118
112 259
112 364
112 375
112 377
113 47
113 326
113 387
113 406
113 461
114 64
114 120
114 319
114 474
114 490
115 230
115 244
115 337
115 356
115 463
116 80
116 134
116 347
116 434
116 495
117 231
117 234
117 362
117 379
117 474
118 86
118 112
118 121
118 356
118 434
119 27
119 128
119 242
119 304
119 400
120 10
120 34
120 114
120 328
120 478
121 71
121 118
121 257
121 414
121 472
122 225
122 248
122 317
122 386
122 492
123 91
123 195
123 201
123 350
123 421
124 153
124 201
124 384
124 438
124 482
125 148
125 228
125 276
125 279
125 327
126 145
126 231
126 304
126 394
126 491
127 218
127 342
127 351
127 358
127 467
128 119
128 161
128 355
128 450
128 478
129 97
129 145
129 314
129 381
129 480
130 106
130 200
130 466
130 482
130 495
131 151
131 195
131 370
131 413
131 434
132 60
132 99
132 203
132 352
132 465
133 251
133 339
133 389
133 445
133 492
134 46
134 61
134 71
134 116
134 269
135 192
135 239
135 320
135 452
135 460
136 251
136 368
136 374
136 430
136 457
137 5
137 188
137 238
137 414
137 488
138 12
138 32
138 157
138 182
138 494
139 180
139 257
139 281
139 374
139 379
140 67
140 150
140 415
140 437
140 444
141 274
141 279
141 326
141 481
141 488
142 206
142 339
142 377
142 437
142 500
143 179
143 228
143 323
143 487
143 494
144 206
144 287
144 328
144 358
144 485
145 126
145 129
145 221
145 271
145 273
145 470
146 260
146 264
146 292
146 347
146 428
146 456
147 96
147 239
147 321
147 387
147 407
147 466
148 5
148 69
148 125
148 286
148 292
148 442
149 45
149 200
149 284
149 390
149 457
149 494
150 69
150 140
150 289
150 360
150 453
150 500
151 27
151 131
151 274
151 427
151 440
151 459
152 76
152 196
152 198
152 436
152 439
152 475
153 87
153 124
153 166
153 195
153 397
153 479
154 15
154 104
154 312
154 433
154 483
154 493
155 215
155 265
155 299
155 303
155 450
155 479
156 40
156 254
156 293
156 470
156 493
156 500
157 78
157 138
157 193
157 198
157 374
157 460
158 107
158 209
158 307
158 360
158 477
158 485
159 12
159 287
159 337
159 350
159 394
159 426
160 315
160 323
160 332
160 339
160 418
160 436
161 74
161 128
161 235
161 302
161 394
161 500
162 22
162 66
162 70
162 232
162 379
162 495
163 103
163 220
163 288
163 353
163 464
163 481
164 58
164 192
164 241
164 286
164 405
164 498
165 53
165 170
165 392
165 427
165 429
165 477
166 153
166 288
166 391
166 414
166 435
166 495
167 32
167 220
167 319
167 385
167 391
167 453
168 192
168 308
168 388
168 412
168 440
168 488
169 312
169 376
169 429
169 449
169 459
169 472
170 165
170 367
170 395
170 407
170 435
170 438
171 25
171 238
171 297
171 326
171 345
171 426
172 8
172 86
172 292
172 305
172 338
172 471
173 64
173 306
173 361
173 380
173 464
173 498
174 89
174 308
174 368
174 436
174 476
174 492
175 54
175 179
175 218
175 336
175 396
175 397
176 178
176 198
176 280
176 310
176 424
176 495
177 279
177 300
177 333
177 434
177 451
177 477
178 176
178 313
178 382
178 428
178 461
178 500
179 80
179 143
179 175
179 280
179 391
179 464
180 42
180 139
180 216
180 236
180 446
180 448
181 98
181 208
181 244
181 265
181 410
181 474
182 138
182 187
182 253
182 342
182 446
182 468
183 220
183 228
183 446
183 467
183 487
183 497
184 90
184 245
184 327
184 363
184 419
184 486
185 371
185 399
185 401
185 420
185 462
185 489
186 9
186 74
186 384
186 441
186 455
186 463
187 182
187 205
187 301
187 457
187 484
187 496
188 137
188 332
188 461
188 468
188 479
188 483
189 21
189 55
189 69
189 75
189 293
189 390
190 231
190 237
190 290
190 324
190 327
190 491
191 16
191 21
191 224
191 338
191 393
191 417
192 29
192 135
192 164
192 168
192 279
192 398
193 72
193 75
193 157
193 429
193 472
193 477
194 357
194 397
194 407
194 443
194 466
194 496
195 12
195 123
195 131
195 153
195 384
195 473
196 152
196 292
196 347
196 421
196 436
196 449
197 294
197 339
197 418
197 422
197 458
197 495
198 56
198 78
198 152
198 157
198 176
198 498
199 346
199 366
199 426
199 431
199 436
199 459
200 106
200 130
200 149
200 286
200 392
200 481
201 8
201 123
201 124
201 234
201 246
201 490
202 274
202 293
202 305
202 358
202 418
202 494
203 132
203 252
203 289
203 410
203 447
203 482
204 1
204 74
204 268
204 310
204 438
204 464
205 187
205 224
205 289
205 299
205 442
205 495
206 142
206 144
206 227
206 370
206 429
206 442
207 262
207 334
207 368
207 371
207 396
207 461
208 11
208 181
208 363
208 412
208 487
208 499
209 41
209 158
209 329
209 409
209 475
209 495
210 78
210 81
210 96
210 324
210 355
210 402
211 6
211 242
211 269
211 289
211 301
211 450
212 89
212 216
212 419
212 450
212 463
212 472
213 323
213 411
213 467
213 481
213 494
213 496
214 50
214 225
214 302
214 443
214 444
214 493
215 92
215 155
215 408
215 434
215 465
215 489
216 72
216 180
216 212
216 295
216 457
216 472
217 30
217 43
217 110
217 261
217 366
217 492
218 5
218 91
218 127
218 175
218 317
218 436
219 316
219 318
219 399
219 435
219 485
219 488
220 163
220 167
220 183
220 319
220 399
220 490
221 145
221 240
221 369
221 441
221 483
221 491
222 376
222 401
222 465
222 479
222 483
222 498
223 339
223 359
223 397
223 491
223 494
223 500
224 73
224 191
224 205
224 364
224 491
224 497
225 122
225 214
225 232
225 298
225 343
225 446
226 232
226 234
226 348
226 374
226 421
226 498
227 19
227 206
227 298
227 438
227 489
227 494
228 18
228 125
228 143
228 183
228 335
228 484
229 4
229 50
229 321
229 447
229 455
229 469
230 61
230 115
230 398
230 421
230 426
230 445
231 46
231 117
231 126
231 190
231 425
231 450
232 162
232 225
232 226
232 272
232 425
232 489
233 240
233 274
233 367
233 444
233 478
233 500
234 117
234 201
234 226
234 269
234 356
234 395
235 161
235 269
235 307
235 315
235 338
235 452
236 60
236 180
236 278
236 330
236 421
236 470
237 9
237 190
237 269
237 345
237 398
237 417
238 1
238 137
238 171
238 437
238 449
238 468
239 135
239 147
239 249
239 349
239 407
239 457
239 467
240 24
240 221
240 233
240 244
240 471
240 475
240 499
241 81
241 164
241 287
241 358
241 382
241 395
241 484
242 27
242 34
242 119
242 211
242 247
242 254
242 390
243 54
243 313
243 333
243 398
243 473
243 477
243 491
244 115
244 181
244 240
244 248
244 249
244 445
244 480
245 15
245 184
245 250
245 272
245 331
245 379
245 499
246 41
246 201
246 248
246 366
246 422
246 430
246 484
247 18
247 242
247 378
247 431
247 434
247 441
247 468
248 122
248 244
248 246
248 300
248 314
248 376
248 494
249 110
249 239
249 244
249 284
249 439
249 463
249 492
250 21
250 245
250 340
250 355
250 367
250 405
250 458
251 1
251 133
251 136
251 311
251 327
251 379
251 420
252 203
252 315
252 376
252 392
252 401
252 439
252 475
253 44
253 77
253 100
253 182
253 294
253 456
253 487
254 43
254 156
254 242
254 319
254 431
254 443
254 467
255 23
255 58
255 359
255 362
255 418
255 422
255 465
256 25
256 99
256 271
256 290
256 349
256 451
256 465
257 38
257 121
257 139
257 330
257 352
257 437
257 451
258 35
258 59
258 79
258 338
258 476
258 483
258 497
259 45
259 90
259 112
259 260
259 402
259 411
259 499
260 64
260 146
260 259
260 268
260 398
260 454
260 499
261 83
261 217
261 267
261 366
261 394
261 444
261 499
262 7
262 207
262 289
262 301
262 425
262 482
262 498
263 2
263 22
263 24
263 30
263 341
263 433
263 495
264 25
264 84
264 146
264 316
264 476
264 485
264 486
265 16
265 155
265 181
265 308
265 358
265 430
265 482
266 11
266 67
266 313
266 425
266 440
266 455
266 490
267 3
267 261
267 423
267 445
267 462
267 477
267 491
268 54
268 204
268 260
268 404
268 433
268 449
268 465
269 81
269 134
269 211
269 234
269 235
269 237
269 413
270 72
270 297
270 344
270 402
270 409
270 475
270 499
271 145
271 256
271 373
271 430
271 459
271 485
271 487
272 76
272 232
272 245
272 346
272 383
272 416
272 422
273 70
273 145
273 302
273 417
273 477
273 479
273 485
274 102
274 141
274 151
274 202
274 233
274 302
274 395
275 92
275 290
275 316
275 337
275 350
275 419
275 484
276 6
276 125
276 316
276 318
276 427
276 439
276 480
277 29
277 102
277 298
277 336
277 389
277 458
277 470
278 236
278 369
278 381
278 424
278 444
278 460
278 469
279 125
279 141
279 177
279 192
279 446
279 454
279 475
280 63
280 78
280 176
280 179
280 319
280 396
280 495
281 55
281 139
281 328
281 334
281 342
281 352
281 394
282 94
282 284
282 333
282 402
282 451
282 492
282 494
283 98
283 326
283 380
283 419
283 428
283 469
283 497
284 42
284 149
284 249
284 282
284 332
284 410
284 417
285 21
285 327
285 401
285 411
285 428
285 468
285 482
286 43
286 148
286 164
286 200
286 306
286 432
286 452
287 13
287 36
287 144
287 159
287 241
287 300
287 414
288 163
288 166
288 320
288 405
288 418
288 430
288 468
289 150
289 203
289 205
289 211
289 262
289 352
289 401
290 190
290 256
290 275
290 316
290 431
290 433
290 477
291 88
291 294
291 354
291 447
291 457
291 486
291 497
292 146
292 148
292 172
292 196
292 295
292 369
292 492
293 156
293 189
293 202
293 329
293 368
293 400
293 485
294 107
294 197
294 253
294 291
294 331
294 442
294 498
295 81
295 216
295 292
295 311
295 393
295 459
295 500
296 55
296 311
296 358
296 398
296 411
296 440
296 450
297 76
297 171
297 270
297 317
297 344
297 475
297 500
298 225
298 227
298 277
298 341
298 355
298 409
298 491
299 155
299 205
299 365
299 403
299 406
299 425
299 488
300 61
300 177
300 248
300 287
300 312
300 357
300 407
301 83
301 187
301 211
301 262
301 376
301 426
301 433
302 62
302 161
302 214
302 273
302 274
302 466
302 491
303 71
303 155
303 305
303 336
303 340
303 452
303 498
304 89
304 119
304 126
304 430
304 438
304 454
304 470
305 172
305 202
305 303
305 331
305 348
305 379
305 398
306 173
306 286
306 312
306 359
306 405
306 440
306 452
307 60
307 158
307 235
307 355
307 365
307 391
307 399
308 168
308 174
308 265
308 343
308 403
308 408
308 466
309 47
309 314
309 325
309 336
309 364
309 495
309 497
310 4
310 176
310 204
310 328
310 434
310 444
310 449
310 466
311 20
311 95
311 251
311 295
311 296
311 425
311 435
311 474
312 154
312 169
312 300
312 306
312 457
312 461
312 473
312 474
313 10
313 178
313 243
313 266
313 330
313 376
313 380
313 414
314 23
314 129
314 248
314 309
314 318
314 401
314 437
314 450
315 32
315 57
315 67
315 160
315 235
315 252
315 326
315 485
316 31
316 111
316 219
316 264
316 275
316 276
316 290
316 401
317 26
317 122
317 218
317 297
317 342
317 343
317 348
317 381
318 38
318 219
318 276
318 314
318 360
318 387
318 390
318 493
319 114
319 167
319 220
319 254
319 280
319 443
319 463
319 471
320 48
320 51
320 56
320 135
320 288
320 468
320 478
320 495
321 7
321 88
321 147
321 229
321 331
321 332
321 361
321 498
322 4
322 333
322 356
322 372
322 453
322 455
322 466
322 486
323 101
323 143
323 160
323 213
323 337
323 340
323 402
323 493
324 63
324 190
324 210
324 443
324 460
324 480
324 485
324 494
325 51
325 62
325 66
325 90
325 309
325 330
325 453
325 489
326 113
326 141
326 171
326 283
326 315
326 372
326 475
326 486
327 125
327 184
327 190
327 251
327 285
327 471
327 476
327 491
328 39
328 102
328 120
328 144
328 281
328 310
328 443
328 485
329 29
329 42
329 209
329 293
329 347
329 427
329 464
329 471
330 75
330 236
330 257
330 313
330 325
330 348
330 385
330 448
331 2
331 245
331 294
331 305
331 321
331 467
331 485
331 494
332 63
332 160
332 188
332 284
332 321
332 335
332 440
332 479
333 177
333 243
333 282
333 322
333 348
333 412
333 420
333 471
334 54
334 207
334 281
334 341
334 426
334 445
334 489
334 490
335 73
335 108
335 228
335 332
335 393
335 427
335 442
335 490
336 175
336 277
336 303
336 309
336 340
336 369
336 456
336 495
337 6
337 62
337 115
337 159
337 275
337 323
337 404
337 482
338 172
338 191
338 235
338 258
338 343
338 356
338 432
338 478
339 5
339 133
339 142
339 160
339 197
339 223
339 452
339 482
340 104
340 250
340 303
340 323
340 336
340 399
340 468
340 486
341 28
341 263
341 298
341 334
341 425
341 453
341 487
341 493
342 127
342 182
342 281
342 317
342 365
342 453
342 474
342 494
343 225
343 308
343 317
343 338
343 401
343 440
343 448
343 469
344 270
344 297
344 392
344 464
344 478
344 479
344 485
344 499
345 52
345 61
345 94
345 171
345 237
345 403
345 478
345 485
346 48
346 70
346 199
346 272
346 421
346 429
346 446
346 488
347 59
347 116
347 146
347 196
347 329
347 442
347 448
347 497
348 109
348 226
348 305
348 317
348 330
348 333
348 366
348 434
349 9
349 107
349 239
349 256
349 354
349 373
349 375
349 437
350 85
350 93
350 123
350 159
350 275
350 392
350 477
350 482
351 3
351 35
351 53
351 104
351 127
351 403
351 417
351 498
352 132
352 257
352 281
352 289
352 416
352 459
352 488
352 493
353 80
353 163
353 354
353 428
353 449
353 480
353 481
353 500
354 82
354 85
354 291
354 349
354 353
354 395
354 415
354 499
355 128
355 210
355 250
355 298
355 307
355 417
355 448
355 463
356 53
356 115
356 118
356 234
356 322
356 338
356 413
356 465
357 39
357 74
357 194
357 300
357 366
357 396
357 400
357 496
358 127
358 144
358 202
358 241
358 265
358 296
358 382
358 432
359 85
359 104
359 223
359 255
359 306
359 407
359 473
359 476
360 150
360 158
360 318
360 365
360 387
360 418
360 421
360 448
361 14
361 173
361 321
361 364
361 430
361 433
361 434
361 448
362 47
362 98
362 117
362 255
362 446
362 475
362 480
362 490
363 184
363 208
363 378
363 404
363 419
363 447
363 463
363 474
363 496
364 58
364 100
364 112
364 224
364 309
364 361
364 446
364 455
364 500
365 41
365 70
365 78
365 299
365 307
365 342
365 360
365 369
365 447
366 84
366 199
366 217
366 246
366 261
366 348
366 357
366 438
366 448
367 38
367 98
367 170
367 233
367 250
367 373
367 425
367 432
367 464
368 55
368 136
368 174
368 207
368 293
368 372
368 411
368 427
368 452
369 221
369 278
369 292
369 336
369 365
369 390
369 428
369 436
369 482
370 7
370 14
370 131
370 206
370 424
370 437
370 441
370 462
370 479
371 68
371 185
371 207
371 373
371 383
371 420
371 442
371 488
371 493
372 35
372 39
372 52
372 101
372 105
372 322
372 326
372 368
372 490
373 17
373 38
373 271
373 349
373 367
373 371
373 375
373 377
373 422
374 87
374 136
374 139
374 157
374 226
374 451
374 476
374 490
374 497
375 112
375 349
375 373
375 393
375 424
375 425
375 437
375 455
375 500
376 6
376 169
376 222
376 248
376 252
376 301
376 313
376 377
376 436
377 112
377 142
377 373
377 376
377 412
377 422
377 441
377 447
377 463
378 34
378 111
378 247
378 363
378 393
378 414
378 415
378 469
378 495
379 117
379 139
379 162
379 245
379 251
379 305
379 465
379 490
379 496
380 79
380 105
380 173
380 283
380 313
380 388
380 393
380 453
380 487
381 35
381 60
381 129
381 278
381 317
381 397
381 438
381 465
381 483
382 178
382 241
382 358
382 432
382 442
382 464
382 466
382 472
382 499
383 64
383 82
383 84
383 272
383 371
383 402
383 414
383 455
383 459
384 124
384 186
384 195
384 390
384 395
384 409
384 417
384 419
384 438
385 57
385 100
385 167
385 330
385 439
385 440
385 475
385 483
385 493
386 122
386 394
386 409
386 420
386 461
386 485
386 490
386 493
386 496
387 44
387 113
387 147
387 318
387 360
387 400
387 423
387 436
387 480
388 49
388 168
388 380
388 420
388 435
388 436
388 470
388 496
388 499
389 23
389 77
389 133
389 277
389 404
389 441
389 445
389 469
389 477
390 75
390 96
390 149
390 189
390 242
390 318
390 369
390 384
390 458
391 12
391 166
391 167
391 179
391 307
391 426
391 435
391 449
391 490
392 19
392 165
392 200
392 252
392 344
392 350
392 423
392 451
392 473
392 497
393 191
393 295
393 335
393 375
393 378
393 380
393 421
393 426
393 448
393 463
394 22
394 93
394 126
394 159
394 161
394 261
394 281
394 386
394 411
394 460
395 170
395 234
395 241
395 274
395 354
395 384
395 439
395 459
395 480
395 497
396 83
396 87
396 175
396 207
396 280
396 357
396 400
396 471
396 492
396 500
397 47
397 153
397 175
397 194
397 223
397 381
397 449
397 467
397 480
397 493
398 192
398 230
398 237
398 243
398 260
398 296
398 305
398 413
398 491
398 493
399 185
399 219
399 220
399 307
399 340
399 415
399 427
399 442
399 443
399 445
400 39
400 119
400 293
400 357
400 387
400 396
400 407
400 427
400 446
400 462
401 17
401 185
401 222
401 252
401 285
401 289
401 314
401 316
401 343
401 491
402 91
402 210
402 259
402 270
402 282
402 323
402 383
402 480
402 481
402 489
403 19
403 27
403 97
403 299
403 308
403 345
403 351
403 452
403 461
403 488
404 17
404 97
404 102
404 268
404 337
404 363
404 389
404 408
404 413
404 420
405 59
405 73
405 164
405 250
405 288
405 306
405 410
405 454
405 473
405 489
406 10
406 37
406 52
406 55
406 113
406 299
406 422
406 456
406 488
406 493
407 147
407 170
407 194
407 239
407 300
407 359
407 400
407 412
407 476
407 499
408 26
408 215
408 308
408 404
408 414
408 415
408 444
408 445
408 447
408 457
409 13
409 209
409 270
409 298
409 384
409 386
409 422
409 455
409 490
409 496
410 25
410 71
410 181
410 203
410 284
410 405
410 442
410 473
410 480
410 483
411 213
411 259
411 285
411 296
411 368
411 394
411 415
411 442
411 451
411 455
412 87
412 168
412 208
412 333
412 377
412 407
412 423
412 460
412 496
412 500
413 4
413 8
413 41
413 131
413 269
413 356
413 398
413 404
413 433
413 455
413 487
414 110
414 121
414 137
414 166
414 287
414 313
414 378
414 383
414 408
414 415
414 499
415 37
415 57
415 140
415 354
415 378
415 399
415 408
415 411
415 414
415 429
415 490
416 40
416 77
416 89
416 272
416 352
416 431
416 456
416 475
416 483
416 486
416 496
417 103
417 191
417 237
417 273
417 284
417 351
417 355
417 384
417 446
417 465
417 471
418 53
418 160
418 197
418 202
418 255
418 288
418 360
418 420
418 424
418 493
418 499
419 184
419 212
419 275
419 283
419 363
419 384
419 439
419 461
419 474
419 481
419 490
420 185
420 251
420 333
420 371
420 386
420 388
420 404
420 418
420 444
420 484
420 491
421 29
421 32
421 123
421 196
421 226
421 230
421 236
421 346
421 360
421 393
421 430
422 72
422 96
422 197
422 246
422 255
422 272
422 373
422 377
422 406
422 409
422 496
423 71
423 267
423 387
423 392
423 412
423 425
423 426
423 432
423 433
423 479
423 483
424 12
424 176
424 278
424 370
424 375
424 418
424 444
424 458
424 473
424 478
424 492
425 105
425 231
425 232
425 262
425 266
425 299
425 311
425 341
425 367
425 375
425 423
426 6
426 159
426 171
426 199
426 230
426 301
426 334
426 391
426 393
426 423
426 488
427 51
427 104
427 151
427 165
427 276
427 329
427 335
427 368
427 399
427 400
427 450
428 146
428 178
428 283
428 285
428 353
428 369
428 429
428 448
428 452
428 469
428 482
428 498
429 42
429 74
429 101
429 165
429 169
429 193
429 206
429 346
429 415
429 428
429 430
429 490
430 136
430 246
430 265
430 271
430 288
430 304
430 361
430 421
430 429
430 443
430 451
430 463
431 7
431 34
431 66
431 67
431 199
431 247
431 254
431 290
431 416
431 432
431 462
431 499
432 48
432 100
432 286
432 338
432 358
432 367
432 382
432 423
432 431
432 457
432 485
432 499
433 50
433 154
433 263
433 268
433 290
433 301
433 361
433 413
433 423
433 470
433 487
433 492
434 116
434 118
434 131
434 177
434 215
434 247
434 310
434 348
434 361
434 451
434 466
434 468
435 32
435 92
435 95
435 166
435 170
435 219
435 311
435 388
435 391
435 454
435 459
435 477
436 83
436 152
436 160
436 174
436 196
436 199
436 218
436 369
436 376
436 387
436 388
436 468
437 24
437 140
437 142
437 238
437 257
437 314
437 349
437 370
437 375
437 448
437 449
437 456
438 124
438 170
438 204
438 227
438 304
438 366
438 381
438 384
438 451
438 452
438 458
438 486
439 53
439 85
439 152
439 249
439 252
439 276
439 385
439 395
439 419
439 444
439 466
439 467
440 42
440 61
440 151
440 168
440 266
440 296
440 306
440 332
440 343
440 385
440 454
440 489
441 31
441 186
441 221
441 247
441 370
441 377
441 389
441 452
441 453
441 464
441 481
441 500
442 101
442 148
442 205
442 206
442 294
442 335
442 347
442 371
442 382
442 399
442 410
442 411
443 14
443 194
443 214
443 254
443 319
443 324
443 328
443 399
443 430
443 445
443 480
443 498
444 23
444 140
444 214
444 233
444 261
444 278
444 310
444 408
444 420
444 424
444 439
444 488
445 66
445 133
445 230
445 244
445 267
445 334
445 389
445 399
445 408
445 443
445 478
445 494
446 16
446 33
446 180
446 182
446 183
446 225
446 279
446 346
446 362
446 364
446 400
446 417
446 486
447 27
447 79
447 90
447 110
447 203
447 229
447 291
447 363
447 365
447 377
447 408
447 477
447 479
448 23
448 180
448 330
448 343
448 347
448 355
448 360
448 361
448 366
448 393
448 428
448 437
448 460
449 31
449 103
449 169
449 196
449 238
449 268
449 310
449 353
449 391
449 397
449 437
449 456
449 460
450 24
450 64
450 85
450 105
450 128
450 155
450 211
450 212
450 231
450 296
450 314
450 427
450 466
451 45
451 177
451 256
451 257
451 282
451 374
451 392
451 411
451 430
451 434
451 438
451 462
451 479
452 135
452 235
452 286
452 303
452 306
452 339
452 368
452 403
452 428
452 438
452 441
452 465
452 468
453 44
453 63
453 94
453 150
453 167
453 322
453 325
453 341
453 342
453 380
453 441
453 469
453 494
454 2
454 28
454 107
454 260
454 279
454 304
454 405
454 435
454 440
454 472
454 483
454 491
454 499
455 45
455 77
455 186
455 229
455 266
455 322
455 364
455 375
455 383
455 409
455 411
455 413
455 500
456 19
456 49
456 50
456 80
456 146
456 253
456 336
456 406
456 416
456 437
456 449
456 469
456 495
457 136
457 149
457 187
457 216
457 239
457 291
457 312
457 408
457 432
457 468
457 472
457 476
457 495
458 25
458 30
458 35
458 91
458 99
458 106
458 197
458 250
458 277
458 390
458 424
458 438
458 468
459 39
459 41
459 99
459 151
459 169
459 199
459 271
459 295
459 352
459 383
459 395
459 435
459 488
460 8
460 18
460 135
460 157
460 278
460 324
460 394
460 412
460 448
460 449
460 467
460 472
460 484
460 499
461 15
461 20
461 113
461 178
461 188
461 207
461 312
461 386
461 403
461 419
461 462
461 469
461 484
461 493
462 11
462 65
462 106
462 185
462 267
462 370
462 400
462 431
462 451
462 461
462 472
462 476
462 483
462 497
463 22
463 115
463 186
463 212
463 249
463 319
463 355
463 363
463 377
463 393
463 430
463 464
463 492
463 496
464 10
464 82
464 93
464 163
464 173
464 179
464 204
464 329
464 344
464 367
464 382
464 441
464 463
464 489
465 83
465 89
465 132
465 215
465 222
465 255
465 256
465 268
465 356
465 379
465 381
465 417
465 452
465 466
466 1
466 130
466 147
466 194
466 302
466 308
466 310
466 322
466 382
466 434
466 439
466 450
466 465
466 472
467 65
467 82
467 127
467 183
467 213
467 239
467 254
467 331
467 397
467 439
467 460
467 478
467 481
467 490
468 49
468 182
468 188
468 238
468 247
468 285
468 288
468 320
468 340
468 434
468 436
468 452
468 457
468 458
469 229
469 278
469 283
469 343
469 378
469 389
469 428
469 453
469 456
469 461
469 470
469 491
469 492
469 500
470 28
470 36
470 145
470 156
470 236
470 277
470 304
470 388
470 433
470 469
470 476
470 479
470 496
470 497
471 33
471 56
471 77
471 172
471 240
471 319
471 327
471 329
471 333
471 396
471 417
471 479
471 481
471 498
472 68
472 98
472 121
472 169
472 193
472 212
472 216
472 382
472 454
472 457
472 460
472 462
472 466
472 484
472 500
473 13
473 44
473 79
473 88
473 103
473 111
473 195
473 243
473 312
473 359
473 392
473 405
473 410
473 424
473 499
474 40
474 65
474 68
474 73
474 97
474 111
474 114
474 117
474 181
474 311
474 312
474 342
474 363
474 419
474 486
475 69
475 75
475 152
475 209
475 240
475 252
475 270
475 279
475 297
475 326
475 362
475 385
475 416
475 484
475 497
476 18
476 106
476 174
476 258
476 264
476 327
476 359
476 374
476 407
476 457
476 462
476 470
476 489
476 496
476 497
477 69
477 158
477 165
477 177
477 193
477 243
477 267
477 273
477 290
477 350
477 389
477 435
477 447
477 484
477 497
478 52
478 86
478 91
478 120
478 128
478 233
478 320
478 338
478 344
478 345
478 424
478 445
478 467
478 481
478 487
478 497
479 44
479 153
479 155
479 188
479 222
479 273
479 332
479 344
479 370
479 423
479 447
479 451
479 470
479 471
479 480
479 486
480 7
480 63
480 129
480 244
480 276
480 324
480 353
480 362
480 387
480 395
480 397
480 402
480 410
480 443
480 479
480 498
481 45
481 76
481 95
481 141
481 163
481 200
481 213
481 353
481 402
481 419
481 441
481 467
481 471
481 478
481 482
481 489
482 56
482 124
482 130
482 203
482 262
482 265
482 285
482 337
482 339
482 350
482 369
482 428
482 481
482 487
482 492
482 494
483 2
483 88
483 154
483 188
483 221
483 222
483 258
483 381
483 385
483 410
483 416
483 423
483 454
483 462
483 486
483 491
484 24
484 31
484 38
484 187
484 228
484 241
484 246
484 275
484 420
484 460
484 461
484 472
484 475
484 477
484 491
484 492
485 4
485 66
485 144
485 158
485 219
485 264
485 271
485 273
485 293
485 315
485 324
485 328
485 331
485 344
485 345
485 386
485 432
486 8
486 9
486 184
486 264
486 291
486 322
486 326
486 340
486 416
486 438
486 446
486 474
486 479
486 483
486 489
486 491
486 495
487 29
487 37
487 67
487 143
487 183
487 208
487 253
487 271
487 341
487 380
487 413
487 433
487 478
487 482
487 492
487 494
487 500
488 62
488 72
488 84
488 102
488 137
488 141
488 168
488 219
488 299
488 346
488 352
488 371
488 403
488 406
488 426
488 444
488 459
489 14
489 36
489 51
489 82
489 84
489 109
489 185
489 215
489 227
489 232
489 325
489 334
489 402
489 405
489 440
489 464
489 476
489 481
489 486
490 49
490 114
490 201
490 220
490 266
490 334
490 335
490 362
490 372
490 374
490 379
490 386
490 391
490 409
490 415
490 419
490 429
490 467
490 496
491 70
491 126
491 190
491 221
491 223
491 224
491 243
491 267
491 298
491 302
491 327
491 398
491 401
491 420
491 454
491 469
491 483
491 484
491 486
492 16
492 21
492 92
492 122
492 133
492 174
492 217
492 249
492 282
492 292
492 396
492 424
492 433
492 463
492 469
492 482
492 484
492 487
492 496
493 3
493 26
493 57
493 97
493 154
493 156
493 214
493 318
493 323
493 341
493 352
493 371
493 385
493 386
493 397
493 398
493 406
493 418
493 461
493 497
494 54
494 65
494 108
494 138
494 143
494 149
494 202
494 213
494 223
494 227
494 248
494 282
494 324
494 331
494 342
494 445
494 453
494 482
494 487
494 498
495 13
495 20
495 79
495 116
495 130
495 162
495 166
495 176
495 197
495 205
495 209
495 263
495 280
495 309
495 320
495 336
495 378
495 456
495 457
495 486
496 15
496 28
496 50
496 107
496 187
496 194
496 213
496 357
496 363
496 379
496 386
496 388
496 409
496 412
496 416
496 422
496 463
496 470
496 476
496 490
496 492
497 22
497 46
497 52
497 76
497 183
497 224
497 258
497 283
497 291
497 309
497 347
497 374
497 392
497 395
497 462
497 470
497 475
497 476
497 477
497 478
497 493
498 11
498 28
498 33
498 36
498 86
498 108
498 164
498 173
498 198
498 222
498 226
498 262
498 294
498 303
498 321
498 351
498 428
498 443
498 471
498 480
498 494
499 34
499 94
499 208
499 240
499 245
499 259
499 260
499 261
499 270
499 344
499 354
499 382
499 388
499 407
499 414
499 418
499 431
499 432
499 454
499 460
499 473
500 26
500 59
500 142
500 150
500 156
500 161
500 178
500 223
500 233
500 295
500 297
500 353
500 364
500 375
500 396
500 412
500 441
500 455
500 469
500 472
500 487
