1 5
1 51
1 166
1 343
1 467
2 64
2 216
2 237
2 387
2 390
3 4
3 106
3 325
3 401
3 424
4 3
4 187
4 198
4 270
4 469
5 1
5 214
5 352
5 364
5 451
6 330
6 359
6 376
6 383
6 497
7 58
7 221
7 372
7 420
7 452
8 280
8 329
8 407
8 452
8 461
9 48
9 145
9 163
9 321
9 471
10 184
10 360
10 428
10 435
10 449
11 146
11 385
11 420
11 447
11 495
12 73
12 124
12 222
12 301
12 455
13 86
13 145
13 356
13 385
13 440
14 37
14 344
14 429
14 458
14 500
15 119
15 241
15 310
15 392
15 497
16 79
16 134
16 190
16 294
16 405
17 83
17 145
17 205
17 390
17 491
18 107
18 188
18 214
18 413
18 442
19 60
19 113
19 359
19 399
19 487
20 88
20 110
20 420
20 452
20 462
21 412
21 431
21 449
21 457
21 473
22 213
22 219
22 324
22 358
22 485
23 314
23 369
23 380
23 477
23 488
24 130
24 253
24 371
24 405
24 446
25 195
25 212
25 270
25 353
25 472
26 75
26 270
26 297
26 403
26 475
27 166
27 288
27 324
27 347
27 426
28 40
28 100
28 241
28 308
28 471
29 85
29 242
29 308
29 432
29 492
30 450
30 459
30 462
30 477
30 486
31 192
31 293
31 300
31 447
31 494
32 368
32 374
32 376
32 439
32 478
33 232
33 342
33 422
33 470
33 491
34 199
34 300
34 328
34 468
34 499
35 148
35 181
35 320
35 369
35 437
36 100
36 219
36 428
36 464
36 486
37 14
37 39
37 443
37 469
37 495
38 96
38 254
38 309
38 451
38 496
39 37
39 246
39 268
39 303
39 360
40 28
40 194
40 444
40 467
40 498
41 180
41 311
41 353
41 394
41 446
42 68
42 167
42 336
42 382
42 478
43 228
43 481
43 485
43 487
43 493
44 69
44 271
44 280
44 303
44 359
45 345
45 361
45 382
45 476
45 486
46 330
46 371
46 403
46 470
46 491
47 72
47 328
47 424
47 428
47 488
48 9
48 102
48 261
48 390
48 473
49 61
49 407
49 433
49 437
49 450
50 98
50 168
50 293
50 389
50 475
51 1
51 223
51 230
51 324
51 434
52 66
52 161
52 181
52 301
52 484
53 86
53 226
53 230
53 363
53 458
54 114
54 237
54 316
54 348
54 355
55 113
55 201
55 256
55 295
55 471
56 92
56 187
56 415
56 431
56 439
57 62
57 94
57 176
57 317
57 319
58 7
58 128
58 166
58 171
58 192
59 137
59 335
59 442
59 494
59 496
60 19
60 93
60 341
60 402
60 448
61 49
61 97
61 339
61 472
61 499
62 57
62 140
62 393
62 415
62 452
63 156
63 189
63 307
63 478
63 495
64 2
64 368
64 370
64 452
64 488
65 129
65 385
65 393
65 401
65 461
66 52
66 159
66 230
66 485
66 487
67 101
67 307
67 368
67 383
67 474
68 42
68 109
68 248
68 432
68 499
69 44
69 318
69 424
69 454
69 460
70 264
70 338
70 482
70 493
70 494
71 176
71 319
71 355
71 417
71 421
72 47
72 75
72 343
72 388
72 472
73 12
73 310
73 412
73 470
73 491
74 210
74 337
74 386
74 444
74 493
75 26
75 72
75 267
75 296
75 436
76 80
76 187
76 191
76 318
76 391
77 218
77 340
77 454
77 473
77 479
78 315
78 418
78 423
78 462
78 480
79 16
79 95
79 125
79 292
79 367
80 76
80 190
80 348
80 463
80 478
81 139
81 188
81 251
81 425
81 500
82 91
82 186
82 249
82 342
82 475
83 17
83 366
83 443
83 457
83 499
84 153
84 174
84 235
84 291
84 359
85 29
85 196
85 308
85 394
85 432
86 13
86 53
86 396
86 460
86 485
87 160
87 282
87 353
87 464
87 494
88 20
88 196
88 359
88 420
88 425
89 155
89 253
89 289
89 447
89 463
90 266
90 272
90 335
90 488
90 492
91 82
91 116
91 127
91 195
91 438
92 56
92 121
92 202
92 402
92 482
93 60
93 256
93 286
93 373
93 464
94 57
94 288
94 342
94 469
94 475
95 79
95 207
95 219
95 355
95 417
96 38
96 201
96 256
96 320
96 467
97 61
97 182
97 423
97 450
97 479
98 50
98 116
98 255
98 379
98 425
99 335
99 345
99 439
99 493
99 496
100 28
100 36
100 419
100 464
100 486
101 67
101 113
101 336
101 416
101 454
102 48
102 242
102 385
102 397
102 491
103 250
103 283
103 348
103 477
103 478
104 286
104 297
104 300
104 309
104 334
105 189
105 445
105 447
105 463
105 489
106 3
106 360
106 427
106 480
106 482
107 18
107 248
107 372
107 425
107 444
108 158
108 281
108 288
108 331
108 454
109 68
109 117
109 432
109 474
109 487
110 20
110 172
110 184
110 312
110 400
111 253
111 274
111 405
111 422
111 500
112 123
112 153
112 376
112 452
112 483
113 19
113 55
113 101
113 156
113 481
114 54
114 220
114 245
114 466
114 481
115 177
115 247
115 336
115 340
115 399
116 91
116 98
116 373
116 393
116 442
117 109
117 173
117 207
117 359
117 427
118 286
118 334
118 357
118 437
118 498
119 15
119 306
119 453
119 456
119 484
120 184
120 231
120 400
120 445
120 477
121 92
121 174
121 232
121 284
121 487
122 210
122 250
122 407
122 413
122 473
123 112
123 348
123 355
123 417
123 439
124 12
124 212
124 235
124 251
124 313
125 79
125 272
125 444
125 449
125 465
126 139
126 152
126 165
126 317
126 425
127 91
127 195
127 222
127 376
127 414
128 58
128 301
128 307
128 334
128 441
129 65
129 138
129 177
129 401
129 414
130 24
130 144
130 271
130 348
130 441
131 175
131 178
131 239
131 278
131 489
132 152
132 173
132 443
132 458
132 479
133 170
133 211
133 334
133 485
133 492
134 16
134 304
134 387
134 448
134 492
135 211
135 238
135 267
135 350
135 468
136 345
136 374
136 406
136 422
136 491
137 59
137 268
137 391
137 418
137 429
138 129
138 177
138 282
138 383
138 485
139 81
139 126
139 188
139 319
139 474
140 62
140 144
140 290
140 473
140 491
141 321
141 375
141 395
141 419
141 440
142 208
142 307
142 470
142 491
142 493
143 289
143 352
143 365
143 436
143 480
144 130
144 140
144 326
144 455
144 491
145 9
145 13
145 17
145 342
145 471
146 11
146 301
146 309
146 420
146 492
147 265
147 382
147 441
147 480
147 486
148 35
148 344
148 408
148 420
148 433
149 151
149 252
149 287
149 469
149 481
150 328
150 370
150 380
150 423
150 462
151 149
151 263
151 405
151 442
151 462
152 126
152 132
152 365
152 393
152 425
153 84
153 112
153 154
153 220
153 401
154 153
154 290
154 434
154 474
154 491
155 89
155 189
155 258
155 347
155 470
156 63
156 113
156 231
156 346
156 414
157 176
157 189
157 249
157 290
157 342
158 108
158 164
158 368
158 480
158 489
159 66
159 391
159 396
159 461
159 483
160 87
160 218
160 281
160 289
160 418
161 52
161 244
161 337
161 384
161 405
162 305
162 400
162 404
162 456
162 492
163 9
163 244
163 407
163 417
163 456
164 158
164 167
164 327
164 431
164 455
165 126
165 254
165 274
165 299
165 446
166 1
166 27
166 58
166 222
166 324
167 42
167 164
167 336
167 412
167 463
168 50
168 179
168 260
168 333
168 444
169 275
169 325
169 390
169 416
169 479
170 133
170 211
170 265
170 323
170 498
171 58
171 203
171 285
171 455
171 490
172 110
172 233
172 404
172 453
172 454
173 117
173 132
173 356
173 391
173 435
173 479
174 84
174 121
174 225
174 235
174 378
174 448
175 131
175 179
175 291
175 406
175 433
175 449
176 57
176 71
176 157
176 249
176 455
176 481
177 115
177 129
177 138
177 282
177 333
177 498
178 131
178 206
178 228
178 281
178 433
178 484
179 168
179 175
179 240
179 315
179 428
179 431
180 41
180 352
180 459
180 466
180 472
180 480
181 35
181 52
181 325
181 398
181 421
181 484
182 97
182 224
182 384
182 445
182 448
182 450
183 313
183 360
183 417
183 426
183 463
183 498
184 10
184 110
184 120
184 275
184 287
184 433
185 221
185 277
185 340
185 380
185 412
185 488
186 82
186 190
186 237
186 352
186 466
186 478
187 4
187 56
187 76
187 213
187 436
187 469
188 18
188 81
188 139
188 262
188 361
188 462
189 63
189 105
189 155
189 157
189 201
189 357
190 16
190 80
190 186
190 204
190 480
190 493
191 76
191 217
191 277
191 306
191 421
191 484
192 31
192 58
192 278
192 357
192 496
192 497
193 234
193 270
193 384
193 392
193 468
193 479
194 40
194 281
194 295
194 352
194 425
194 442
195 25
195 91
195 127
195 214
195 346
195 354
196 85
196 88
196 277
196 296
196 354
196 496
197 264
197 292
197 339
197 382
197 486
197 490
198 4
198 262
198 298
198 324
198 327
198 484
199 34
199 232
199 265
199 370
199 419
199 477
200 393
200 410
200 461
200 480
200 497
200 499
201 55
201 96
201 189
201 347
201 446
201 486
202 92
202 379
202 402
202 441
202 475
202 481
203 171
203 319
203 323
203 347
203 436
203 472
204 190
204 205
204 362
204 421
204 436
204 480
205 17
205 204
205 332
205 338
205 425
205 478
206 178
206 209
206 288
206 441
206 453
206 455
207 95
207 117
207 273
207 281
207 383
207 403
208 142
208 247
208 257
208 410
208 456
208 495
209 206
209 284
209 358
209 460
209 476
209 486
210 74
210 122
210 253
210 262
210 444
210 460
211 133
211 135
211 170
211 249
211 333
211 400
212 25
212 124
212 351
212 372
212 409
212 489
213 22
213 187
213 225
213 473
213 477
213 482
214 5
214 18
214 195
214 341
214 466
214 480
215 258
215 317
215 487
215 495
215 496
215 500
216 2
216 224
216 278
216 332
216 390
216 496
217 191
217 226
217 269
217 358
217 450
217 484
218 77
218 160
218 227
218 230
218 304
218 489
219 22
219 36
219 95
219 476
219 486
219 498
220 114
220 153
220 352
220 402
220 436
220 473
221 7
221 185
221 225
221 295
221 331
221 437
222 12
222 127
222 166
222 236
222 375
222 446
223 51
223 306
223 356
223 363
223 397
223 438
224 182
224 216
224 304
224 444
224 464
224 490
225 174
225 213
225 221
225 286
225 291
225 376
226 53
226 217
226 329
226 437
226 464
226 467
227 218
227 229
227 231
227 304
227 425
227 489
228 43
228 178
228 340
228 369
228 452
228 457
229 227
229 421
229 442
229 450
229 485
229 493
230 51
230 53
230 66
230 218
230 391
230 458
231 120
231 156
231 227
231 268
231 459
231 477
232 33
232 121
232 199
232 257
232 297
232 495
233 172
233 296
233 331
233 416
233 427
233 498
234 193
234 321
234 389
234 420
234 479
234 491
235 84
235 124
235 174
235 291
235 295
235 448
236 222
236 258
236 322
236 362
236 413
236 446
237 2
237 54
237 186
237 313
237 330
237 460
238 135
238 400
238 414
238 419
238 453
238 494
239 131
239 273
239 327
239 391
239 396
239 433
240 179
240 350
240 360
240 446
240 461
240 499
241 15
241 28
241 248
241 263
241 363
241 472
242 29
242 102
242 326
242 431
242 473
242 475
243 272
243 292
243 449
243 481
243 483
243 490
244 161
244 163
244 273
244 429
244 441
244 466
245 114
245 251
245 332
245 403
245 415
245 439
246 39
246 264
246 296
246 318
246 430
246 467
247 115
247 208
247 288
247 329
247 336
247 358
248 68
248 107
248 241
248 324
248 343
248 472
249 82
249 157
249 176
249 211
249 313
249 500
250 103
250 122
250 326
250 331
250 457
250 463
251 81
251 124
251 245
251 316
251 406
251 490
252 149
252 269
252 379
252 493
252 494
252 500
253 24
253 89
253 111
253 210
253 367
253 372
254 38
254 165
254 263
254 319
254 440
254 492
255 98
255 364
255 379
255 402
255 437
255 462
256 55
256 93
256 96
256 360
256 389
256 500
257 208
257 232
257 405
257 484
257 487
257 495
258 155
258 215
258 236
258 385
258 459
258 498
259 314
259 351
259 406
259 417
259 419
259 497
260 168
260 282
260 333
260 394
260 465
260 490
261 48
261 289
261 342
261 418
261 423
261 475
262 188
262 198
262 210
262 302
262 335
262 465
263 151
263 241
263 254
263 281
263 479
263 488
264 70
264 197
264 246
264 344
264 401
264 434
265 147
265 170
265 199
265 425
265 436
265 466
266 90
266 368
266 376
266 426
266 474
266 483
267 75
267 135
267 403
267 411
267 469
267 478
268 39
268 137
268 231
268 269
268 440
268 442
269 217
269 252
269 268
269 279
269 372
269 484
270 4
270 25
270 26
270 193
270 343
270 382
270 472
271 44
271 130
271 280
271 303
271 310
271 405
271 468
272 90
272 125
272 243
272 273
272 458
272 465
272 486
273 207
273 239
273 244
273 272
273 327
273 388
273 489
274 111
274 165
274 341
274 373
274 397
274 478
274 483
275 169
275 184
275 296
275 392
275 416
275 443
275 460
276 368
276 375
276 414
276 468
276 469
276 477
276 500
277 185
277 191
277 196
277 398
277 486
277 496
277 497
278 131
278 192
278 216
278 329
278 392
278 409
278 462
279 269
279 282
279 284
279 302
279 349
279 481
279 494
280 8
280 44
280 271
280 291
280 303
280 468
280 482
281 108
281 160
281 178
281 194
281 207
281 263
281 371
282 87
282 138
282 177
282 260
282 279
282 404
282 491
283 103
283 284
283 387
283 468
283 487
283 490
283 500
284 121
284 209
284 279
284 283
284 370
284 474
284 495
285 171
285 331
285 366
285 432
285 462
285 477
285 488
286 93
286 104
286 118
286 225
286 297
286 311
286 407
287 149
287 184
287 297
287 305
287 460
287 495
287 500
288 27
288 94
288 108
288 206
288 247
288 302
288 455
289 89
289 143
289 160
289 261
289 325
289 339
289 423
290 140
290 154
290 157
290 309
290 342
290 405
290 421
291 84
291 175
291 225
291 235
291 280
291 465
291 495
292 79
292 197
292 243
292 361
292 364
292 471
292 499
293 31
293 50
293 396
293 443
293 451
293 456
293 494
294 16
294 323
294 366
294 378
294 392
294 398
294 497
295 55
295 194
295 221
295 235
295 321
295 471
295 483
296 75
296 196
296 233
296 246
296 275
296 416
296 472
297 26
297 104
297 232
297 286
297 287
297 334
297 467
298 198
298 355
298 363
298 366
298 377
298 421
298 478
299 165
299 308
299 320
299 362
299 394
299 445
299 459
300 31
300 34
300 104
300 344
300 487
300 495
300 500
301 12
301 52
301 128
301 146
301 364
301 408
301 420
302 262
302 279
302 288
302 324
302 394
302 445
302 459
303 39
303 44
303 271
303 280
303 316
303 381
303 394
304 134
304 218
304 224
304 227
304 432
304 458
304 489
305 162
305 287
305 322
305 346
305 401
305 457
305 500
306 119
306 191
306 223
306 308
306 345
306 399
306 497
307 63
307 67
307 128
307 142
307 381
307 393
307 402
308 28
308 29
308 85
308 299
308 306
308 432
308 489
309 38
309 104
309 146
309 290
309 351
309 413
309 474
310 15
310 73
310 271
310 315
310 346
310 426
310 428
311 41
311 286
311 331
311 377
311 447
311 450
311 490
312 110
312 323
312 356
312 367
312 415
312 469
312 485
313 124
313 183
313 237
313 249
313 415
313 434
313 474
314 23
314 259
314 397
314 413
314 434
314 488
314 492
315 78
315 179
315 310
315 336
315 411
315 428
315 459
316 54
316 251
316 303
316 328
316 370
316 403
316 414
317 57
317 126
317 215
317 358
317 370
317 452
317 477
318 69
318 76
318 246
318 325
318 410
318 424
318 465
319 57
319 71
319 139
319 203
319 254
319 384
319 440
320 35
320 96
320 299
320 388
320 389
320 426
320 475
321 9
321 141
321 234
321 295
321 350
321 471
321 499
322 236
322 305
322 412
322 443
322 481
322 487
322 500
323 170
323 203
323 294
323 312
323 372
323 397
323 439
324 22
324 27
324 51
324 166
324 198
324 248
324 302
325 3
325 169
325 181
325 289
325 318
325 418
325 423
326 144
326 242
326 250
326 422
326 457
326 470
326 495
327 164
327 198
327 239
327 273
327 341
327 480
327 489
328 34
328 47
328 150
328 316
328 336
328 378
328 496
329 8
329 226
329 247
329 278
329 384
329 437
329 488
330 6
330 46
330 237
330 347
330 356
330 460
330 476
331 108
331 221
331 233
331 250
331 285
331 311
331 441
332 205
332 216
332 245
332 338
332 369
332 430
332 457
333 168
333 177
333 211
333 260
333 375
333 401
333 439
334 104
334 118
334 128
334 133
334 297
334 342
334 349
334 428
335 59
335 90
335 99
335 262
335 390
335 400
335 444
335 465
336 42
336 101
336 115
336 167
336 247
336 315
336 328
336 445
337 74
337 161
337 338
337 350
337 354
337 384
337 408
337 437
338 70
338 205
338 332
338 337
338 390
338 411
338 466
338 498
339 61
339 197
339 289
339 395
339 407
339 441
339 450
339 490
340 77
340 115
340 185
340 228
340 349
340 371
340 404
340 479
341 60
341 214
341 274
341 327
341 356
341 378
341 478
341 480
342 33
342 82
342 94
342 145
342 157
342 261
342 290
342 334
343 1
343 72
343 248
343 270
343 351
343 378
343 409
343 472
344 14
344 148
344 264
344 300
344 385
344 398
344 408
344 467
345 45
345 99
345 136
345 306
345 404
345 451
345 485
345 494
346 156
346 195
346 305
346 310
346 348
346 398
346 404
346 453
347 27
347 155
347 201
347 203
347 330
347 359
347 385
347 499
348 54
348 80
348 103
348 123
348 130
348 346
348 381
348 403
349 279
349 334
349 340
349 396
349 432
349 433
349 461
349 485
350 135
350 240
350 321
350 337
350 381
350 443
350 472
350 482
351 212
351 259
351 309
351 343
351 395
351 406
351 419
351 445
352 5
352 143
352 180
352 186
352 194
352 220
352 365
352 429
353 25
353 41
353 87
353 361
353 408
353 412
353 463
353 490
354 195
354 196
354 337
354 366
354 382
354 430
354 438
354 496
355 54
355 71
355 95
355 123
355 298
355 357
355 374
355 417
356 13
356 173
356 223
356 312
356 330
356 341
356 397
356 455
357 118
357 189
357 192
357 355
357 380
357 389
357 451
357 475
358 22
358 209
358 217
358 247
358 317
358 471
358 482
358 499
359 6
359 19
359 44
359 84
359 88
359 117
359 347
359 458
360 10
360 39
360 106
360 183
360 240
360 256
360 408
360 467
361 45
361 188
361 292
361 353
361 380
361 438
361 464
361 479
362 204
362 236
362 299
362 430
362 445
362 459
362 476
362 500
363 53
363 223
363 241
363 298
363 389
363 415
363 439
363 441
364 5
364 255
364 292
364 301
364 429
364 434
364 451
364 498
365 143
365 152
365 352
365 448
365 451
365 483
365 492
365 498
366 83
366 285
366 294
366 298
366 354
366 430
366 485
366 499
367 79
367 253
367 312
367 387
367 405
367 416
367 429
367 435
368 32
368 64
368 67
368 158
368 266
368 276
368 427
368 483
369 23
369 35
369 228
369 332
369 373
369 446
369 475
369 489
370 64
370 150
370 199
370 284
370 316
370 317
370 416
370 471
371 24
371 46
371 281
371 340
371 388
371 412
371 440
371 452
372 7
372 107
372 212
372 253
372 269
372 323
372 455
372 483
373 93
373 116
373 274
373 369
373 416
373 417
373 446
373 476
374 32
374 136
374 355
374 376
374 427
374 437
374 440
374 483
375 141
375 222
375 276
375 333
375 416
375 468
375 469
375 479
376 6
376 32
376 112
376 127
376 225
376 266
376 374
376 467
377 298
377 311
377 414
377 421
377 422
377 429
377 452
377 484
378 174
378 294
378 328
378 341
378 343
378 426
378 433
378 435
379 98
379 202
379 252
379 255
379 402
379 444
379 447
379 471
380 23
380 150
380 185
380 357
380 361
380 388
380 410
380 494
381 303
381 307
381 348
381 350
381 393
381 463
381 478
381 491
382 42
382 45
382 147
382 197
382 270
382 354
382 438
382 499
383 6
383 67
383 138
383 207
383 390
383 436
383 477
383 495
384 161
384 182
384 193
384 319
384 329
384 337
384 424
384 437
385 11
385 13
385 65
385 102
385 258
385 344
385 347
385 455
386 74
386 426
386 428
386 430
386 456
386 469
386 487
386 493
387 2
387 134
387 283
387 367
387 409
387 412
387 442
387 477
388 72
388 273
388 320
388 371
388 380
388 410
388 434
388 475
388 488
389 50
389 234
389 256
389 320
389 357
389 363
389 410
389 428
389 493
390 2
390 17
390 48
390 169
390 216
390 335
390 338
390 383
390 414
391 76
391 137
391 159
391 173
391 230
391 239
391 395
391 458
391 472
392 15
392 193
392 275
392 278
392 294
392 418
392 482
392 496
392 497
393 62
393 65
393 116
393 152
393 200
393 307
393 381
393 403
393 478
394 41
394 85
394 260
394 299
394 302
394 303
394 445
394 459
394 499
395 141
395 339
395 351
395 391
395 406
395 419
395 468
395 482
395 494
396 86
396 159
396 239
396 293
396 349
396 469
396 474
396 493
396 499
397 102
397 223
397 274
397 314
397 323
397 356
397 415
397 432
397 450
398 181
398 277
398 294
398 344
398 346
398 400
398 464
398 496
398 497
399 19
399 115
399 306
399 411
399 459
399 476
399 494
399 496
399 497
400 110
400 120
400 162
400 211
400 238
400 335
400 398
400 435
400 456
401 3
401 65
401 129
401 153
401 264
401 305
401 333
401 409
401 443
402 60
402 92
402 202
402 220
402 255
402 307
402 379
402 456
402 494
403 26
403 46
403 207
403 245
403 267
403 316
403 348
403 393
403 490
404 162
404 172
404 282
404 340
404 345
404 346
404 453
404 481
404 492
405 16
405 24
405 111
405 151
405 161
405 257
405 271
405 290
405 367
406 136
406 175
406 251
406 259
406 351
406 395
406 419
406 448
406 456
407 8
407 49
407 122
407 163
407 286
407 339
407 426
407 449
407 457
408 148
408 301
408 337
408 344
408 353
408 360
408 449
408 467
408 486
409 212
409 278
409 343
409 387
409 401
409 411
409 494
409 496
409 497
410 200
410 208
410 318
410 380
410 388
410 389
410 423
410 444
410 475
411 267
411 315
411 338
411 399
411 409
411 420
411 431
411 496
411 497
412 21
412 73
412 167
412 185
412 322
412 353
412 371
412 387
412 462
413 18
413 122
413 236
413 309
413 314
413 418
413 492
413 497
413 498
414 127
414 129
414 156
414 238
414 276
414 316
414 377
414 390
414 453
415 56
415 62
415 245
415 312
415 313
415 363
415 397
415 423
415 435
415 439
416 101
416 169
416 233
416 275
416 296
416 367
416 370
416 373
416 375
416 423
417 71
417 95
417 123
417 163
417 183
417 259
417 355
417 373
417 450
417 489
418 78
418 137
418 160
418 261
418 325
418 392
418 413
418 421
418 423
418 461
419 100
419 141
419 199
419 238
419 259
419 351
419 395
419 406
419 476
419 479
420 7
420 11
420 20
420 88
420 146
420 148
420 234
420 301
420 411
420 455
421 71
421 181
421 191
421 204
421 229
421 290
421 298
421 377
421 418
421 429
422 33
422 111
422 136
422 326
422 377
422 432
422 451
422 470
422 491
422 496
423 78
423 97
423 150
423 261
423 289
423 325
423 410
423 415
423 416
423 418
424 3
424 47
424 69
424 318
424 384
424 440
424 447
424 459
424 468
424 479
425 81
425 88
425 98
425 107
425 126
425 152
425 194
425 205
425 227
425 265
426 27
426 183
426 266
426 310
426 320
426 378
426 386
426 407
426 460
426 476
427 106
427 117
427 233
427 368
427 374
427 441
427 447
427 463
427 483
427 495
428 10
428 36
428 47
428 179
428 310
428 315
428 334
428 386
428 389
428 497
429 14
429 137
429 244
429 352
429 364
429 367
429 377
429 421
429 484
429 497
430 246
430 332
430 354
430 362
430 366
430 386
430 438
430 461
430 466
430 476
431 21
431 56
431 164
431 179
431 242
431 411
431 452
431 457
431 473
431 494
432 29
432 68
432 85
432 109
432 285
432 304
432 308
432 349
432 397
432 422
433 49
433 148
433 175
433 178
433 184
433 239
433 349
433 378
433 449
433 467
434 51
434 154
434 264
434 313
434 314
434 364
434 388
434 470
434 498
434 499
435 10
435 173
435 367
435 378
435 400
435 415
435 449
435 482
435 489
435 500
436 75
436 143
436 187
436 203
436 204
436 220
436 265
436 383
436 466
436 493
437 35
437 49
437 118
437 221
437 226
437 255
437 329
437 337
437 374
437 384
438 91
438 223
438 354
438 361
438 382
438 430
438 465
438 475
438 482
438 499
439 32
439 56
439 99
439 123
439 245
439 323
439 333
439 363
439 415
439 462
440 13
440 141
440 254
440 268
440 319
440 371
440 374
440 424
440 446
440 459
441 128
441 130
441 147
441 202
441 206
441 244
441 331
441 339
441 363
441 427
442 18
442 59
442 116
442 151
442 194
442 229
442 268
442 387
442 481
442 482
443 37
443 83
443 132
443 275
443 293
443 322
443 350
443 401
443 461
443 482
443 499
444 40
444 74
444 107
444 125
444 168
444 210
444 224
444 335
444 379
444 410
444 465
445 105
445 120
445 182
445 299
445 302
445 336
445 351
445 362
445 394
445 458
445 492
446 24
446 41
446 165
446 201
446 222
446 236
446 240
446 369
446 373
446 440
446 449
447 11
447 31
447 89
447 105
447 311
447 379
447 424
447 427
447 451
447 463
447 483
448 60
448 134
448 174
448 182
448 235
448 365
448 406
448 467
448 474
448 492
448 498
449 10
449 21
449 125
449 175
449 243
449 407
449 408
449 433
449 435
449 446
449 488
450 30
450 49
450 97
450 182
450 217
450 229
450 311
450 339
450 397
450 417
450 464
451 5
451 38
451 293
451 345
451 357
451 364
451 365
451 422
451 447
451 480
451 498
452 7
452 8
452 20
452 62
452 64
452 112
452 228
452 317
452 371
452 377
452 431
453 119
453 172
453 206
453 238
453 346
453 404
453 414
453 454
453 461
453 470
453 498
454 69
454 77
454 101
454 108
454 172
454 453
454 468
454 469
454 474
454 479
454 488
455 12
455 144
455 164
455 171
455 176
455 206
455 288
455 356
455 372
455 385
455 420
456 119
456 162
456 163
456 208
456 293
456 386
456 400
456 402
456 406
456 495
456 499
457 21
457 83
457 228
457 250
457 305
457 326
457 332
457 407
457 431
457 473
457 486
458 14
458 53
458 132
458 230
458 272
458 304
458 359
458 391
458 445
458 460
458 487
459 30
459 180
459 231
459 258
459 299
459 302
459 315
459 362
459 394
459 399
459 424
459 440
460 69
460 86
460 209
460 210
460 237
460 275
460 287
460 330
460 426
460 458
460 476
460 486
461 8
461 65
461 159
461 200
461 240
461 349
461 418
461 430
461 443
461 453
461 482
461 499
462 20
462 30
462 78
462 150
462 151
462 188
462 255
462 278
462 285
462 412
462 439
462 488
463 80
463 89
463 105
463 167
463 183
463 250
463 353
463 381
463 427
463 447
463 464
463 483
464 36
464 87
464 93
464 100
464 224
464 226
464 361
464 398
464 450
464 463
464 466
464 490
465 125
465 260
465 262
465 272
465 291
465 318
465 335
465 438
465 444
465 466
465 470
465 471
466 114
466 180
466 186
466 214
466 244
466 265
466 338
466 430
466 436
466 464
466 465
466 495
467 1
467 40
467 96
467 226
467 246
467 297
467 344
467 360
467 376
467 408
467 433
467 448
467 477
468 34
468 135
468 193
468 271
468 276
468 280
468 283
468 375
468 395
468 424
468 454
468 469
468 484
469 4
469 37
469 94
469 149
469 187
469 267
469 276
469 312
469 375
469 386
469 396
469 454
469 468
470 33
470 46
470 73
470 142
470 155
470 326
470 422
470 434
470 453
470 465
470 476
470 487
470 491
471 9
471 28
471 55
471 145
471 292
471 295
471 321
471 358
471 370
471 379
471 465
471 472
471 473
472 25
472 61
472 72
472 180
472 203
472 241
472 248
472 270
472 296
472 343
472 350
472 391
472 471
473 21
473 48
473 77
473 122
473 140
473 213
473 220
473 242
473 431
473 457
473 471
473 491
473 499
474 67
474 109
474 139
474 154
474 266
474 284
474 309
474 313
474 396
474 448
474 454
474 487
474 492
474 498
475 26
475 50
475 82
475 94
475 202
475 242
475 261
475 320
475 357
475 369
475 388
475 410
475 438
475 480
476 45
476 209
476 219
476 330
476 362
476 373
476 399
476 419
476 426
476 430
476 460
476 470
476 478
476 486
477 23
477 30
477 103
477 120
477 199
477 213
477 231
477 276
477 285
477 317
477 383
477 387
477 467
477 488
478 32
478 42
478 63
478 80
478 103
478 186
478 205
478 267
478 274
478 298
478 341
478 381
478 393
478 476
478 495
479 77
479 97
479 132
479 169
479 173
479 193
479 234
479 263
479 340
479 361
479 375
479 419
479 424
479 454
479 484
480 78
480 106
480 143
480 147
480 158
480 180
480 190
480 200
480 204
480 214
480 327
480 341
480 451
480 475
480 490
481 43
481 113
481 114
481 149
481 176
481 202
481 243
481 279
481 322
481 404
481 442
481 485
481 492
481 493
481 494
482 70
482 92
482 106
482 213
482 280
482 350
482 358
482 392
482 395
482 435
482 438
482 442
482 443
482 461
482 493
483 112
483 159
483 243
483 266
483 274
483 295
483 365
483 368
483 372
483 374
483 427
483 447
483 463
483 488
483 497
484 52
484 119
484 178
484 181
484 191
484 198
484 217
484 257
484 269
484 377
484 429
484 468
484 479
484 491
484 500
485 22
485 43
485 66
485 86
485 133
485 138
485 229
485 312
485 345
485 349
485 366
485 481
485 489
485 497
485 498
486 30
486 36
486 45
486 100
486 147
486 197
486 201
486 209
486 219
486 272
486 277
486 408
486 457
486 460
486 476
486 487
487 19
487 43
487 66
487 109
487 121
487 215
487 257
487 283
487 300
487 322
487 386
487 458
487 470
487 474
487 486
487 500
488 23
488 47
488 64
488 90
488 185
488 263
488 285
488 314
488 329
488 388
488 449
488 454
488 462
488 477
488 483
488 497
489 105
489 131
489 158
489 212
489 218
489 227
489 273
489 304
489 308
489 327
489 369
489 417
489 435
489 485
489 493
489 500
490 171
490 197
490 224
490 243
490 251
490 260
490 283
490 311
490 339
490 353
490 403
490 464
490 480
490 492
490 493
490 496
491 17
491 33
491 46
491 73
491 102
491 136
491 140
491 142
491 144
491 154
491 234
491 282
491 381
491 422
491 470
491 473
491 484
492 29
492 90
492 133
492 134
492 146
492 162
492 254
492 314
492 365
492 404
492 413
492 445
492 448
492 474
492 481
492 490
492 498
493 43
493 70
493 74
493 99
493 142
493 190
493 229
493 252
493 386
493 389
493 396
493 436
493 481
493 482
493 489
493 490
493 494
494 31
494 59
494 70
494 87
494 238
494 252
494 279
494 293
494 345
494 380
494 395
494 399
494 402
494 409
494 431
494 481
494 493
494 496
495 11
495 37
495 63
495 208
495 215
495 232
495 257
495 284
495 287
495 291
495 300
495 326
495 383
495 427
495 456
495 466
495 478
495 500
496 38
496 59
496 99
496 192
496 196
496 215
496 216
496 277
496 328
496 354
496 392
496 398
496 399
496 409
496 411
496 422
496 490
496 494
497 6
497 15
497 192
497 200
497 259
497 277
497 294
497 306
497 392
497 398
497 399
497 409
497 411
497 413
497 428
497 429
497 483
497 485
497 488
498 40
498 118
498 170
498 177
498 183
498 219
498 233
498 258
498 338
498 364
498 365
498 413
498 434
498 448
498 451
498 453
498 474
498 485
498 492
498 500
499 34
499 61
499 68
499 83
499 200
499 240
499 292
499 321
499 347
499 358
499 366
499 382
499 394
499 396
499 434
499 438
499 443
499 456
499 461
499 473
500 14
500 81
500 111
500 215
500 249
500 252
500 256
500 276
500 283
500 287
500 300
500 305
500 322
500 362
500 435
500 484
500 487
500 489
500 495
500 498
