1 31
1 122
1 269
1 336
1 478
2 87
2 108
2 365
2 370
2 429
3 4
3 68
3 174
3 399
3 500
4 3
4 57
4 376
4 385
4 442
5 339
5 394
5 398
5 404
5 412
6 244
6 282
6 399
6 458
6 498
7 172
7 286
7 290
7 373
7 449
8 42
8 103
8 107
8 318
8 434
9 207
9 228
9 310
9 389
9 450
10 63
10 75
10 115
10 458
10 472
11 284
11 353
11 371
11 433
11 447
12 87
12 273
12 296
12 353
12 463
13 149
13 211
13 279
13 357
13 359
14 170
14 186
14 263
14 434
14 460
15 84
15 216
15 374
15 413
15 438
16 273
16 315
16 327
16 347
16 459
17 168
17 203
17 435
17 466
17 479
18 89
18 233
18 309
18 384
18 419
19 264
19 318
19 361
19 387
19 413
20 152
20 242
20 387
20 415
20 487
21 51
21 269
21 293
21 309
21 373
22 206
22 288
22 334
22 373
22 425
23 237
23 284
23 428
23 436
23 494
24 120
24 148
24 232
24 392
24 483
25 280
25 298
25 339
25 444
25 493
26 28
26 143
26 190
26 207
26 360
27 188
27 232
27 332
27 409
27 460
28 26
28 187
28 219
28 286
28 470
29 405
29 427
29 461
29 484
29 498
30 112
30 182
30 364
30 444
30 466
31 1
31 221
31 309
31 345
31 485
32 242
32 271
32 362
32 396
32 451
33 50
33 97
33 239
33 303
33 454
34 301
34 328
34 343
34 402
34 495
35 144
35 201
35 258
35 265
35 474
36 191
36 208
36 439
36 452
36 471
37 38
37 57
37 98
37 171
37 483
38 37
38 166
38 285
38 407
38 459
39 40
39 71
39 106
39 261
39 479
40 39
40 241
40 250
40 307
40 436
41 143
41 168
41 415
41 416
41 449
42 8
42 176
42 241
42 384
42 439
43 47
43 243
43 309
43 331
43 452
44 49
44 238
44 258
44 278
44 280
45 81
45 169
45 203
45 284
45 397
46 278
46 323
46 402
46 454
46 456
47 43
47 358
47 372
47 473
47 484
48 159
48 340
48 462
48 479
48 482
49 44
49 153
49 242
49 294
49 451
50 33
50 218
50 227
50 467
50 469
51 21
51 58
51 306
51 468
51 498
52 225
52 248
52 301
52 469
52 480
53 124
53 342
53 355
53 435
53 498
54 67
54 228
54 388
54 455
54 481
55 149
55 382
55 399
55 445
55 462
56 177
56 198
56 266
56 326
56 462
57 4
57 37
57 274
57 395
57 464
58 51
58 86
58 295
58 387
58 442
59 137
59 461
59 488
59 490
59 491
60 283
60 294
60 334
60 354
60 443
61 149
61 180
61 350
61 404
61 440
62 254
62 259
62 381
62 403
62 423
63 10
63 276
63 369
63 474
63 494
64 129
64 225
64 397
64 476
64 497
65 98
65 209
65 445
65 469
65 499
66 79
66 106
66 304
66 344
66 428
67 54
67 70
67 150
67 379
67 473
68 3
68 81
68 208
68 254
68 462
69 258
69 276
69 314
69 403
69 445
70 67
70 290
70 453
70 483
70 498
71 39
71 301
71 412
71 496
71 499
72 78
72 151
72 174
72 390
72 481
73 161
73 287
73 304
73 346
73 495
74 155
74 256
74 326
74 467
74 492
75 10
75 101
75 228
75 267
75 399
76 83
76 238
76 470
76 487
76 493
77 158
77 173
77 434
77 437
77 489
78 72
78 83
78 213
78 222
78 466
79 66
79 162
79 232
79 310
79 468
80 182
80 385
80 456
80 465
80 497
81 45
81 68
81 90
81 241
81 448
82 100
82 206
82 448
82 469
82 492
83 76
83 78
83 135
83 365
83 411
84 15
84 400
84 401
84 425
84 471
85 110
85 281
85 296
85 489
85 493
86 58
86 95
86 376
86 403
86 493
87 2
87 12
87 198
87 210
87 385
88 209
88 391
88 477
88 482
88 490
89 18
89 304
89 418
89 437
89 490
90 81
90 414
90 437
90 481
90 492
91 125
91 254
91 442
91 485
91 492
92 117
92 296
92 339
92 446
92 490
93 154
93 270
93 332
93 394
93 476
94 269
94 428
94 440
94 444
94 465
95 86
95 239
95 360
95 436
95 453
96 387
96 396
96 424
96 468
96 489
97 33
97 164
97 190
97 223
97 366
98 37
98 65
98 104
98 367
98 472
99 151
99 162
99 399
99 450
99 472
100 82
100 245
100 277
100 426
100 465
101 75
101 123
101 213
101 375
101 489
102 125
102 137
102 242
102 268
102 455
103 8
103 127
103 249
103 386
103 499
104 98
104 205
104 330
104 485
104 495
105 215
105 447
105 456
105 482
105 493
106 39
106 66
106 197
106 306
106 474
107 8
107 302
107 380
107 473
107 483
108 2
108 128
108 206
108 407
108 477
109 197
109 428
109 437
109 446
109 485
110 85
110 264
110 281
110 323
110 330
111 186
111 267
111 298
111 384
111 425
112 30
112 285
112 416
112 481
112 500
113 250
113 251
113 268
113 363
113 449
114 252
114 338
114 380
114 413
114 458
115 10
115 394
115 397
115 451
115 489
116 142
116 237
116 374
116 411
116 465
117 92
117 289
117 310
117 438
117 498
118 359
118 386
118 441
118 457
118 499
119 188
119 192
119 204
119 272
119 482
120 24
120 218
120 430
120 456
120 500
121 230
121 276
121 390
121 476
121 492
122 1
122 290
122 347
122 429
122 499
123 101
123 181
123 425
123 453
123 465
124 53
124 327
124 334
124 356
124 436
125 91
125 102
125 194
125 219
125 319
126 180
126 200
126 259
126 447
126 459
127 103
127 132
127 335
127 408
127 455
128 108
128 295
128 318
128 373
128 419
129 64
129 382
129 461
129 491
129 498
130 173
130 287
130 317
130 471
130 480
131 167
131 328
131 410
131 475
131 494
132 127
132 168
132 310
132 475
132 476
133 273
133 325
133 334
133 421
133 473
134 230
134 243
134 366
134 414
134 473
135 83
135 147
135 358
135 402
135 485
136 189
136 306
136 325
136 363
136 480
137 59
137 102
137 201
137 301
137 320
138 230
138 297
138 355
138 479
138 495
139 187
139 236
139 239
139 413
139 464
140 224
140 331
140 430
140 471
140 494
141 179
141 247
141 277
141 279
141 458
142 116
142 173
142 410
142 433
142 443
143 26
143 41
143 150
143 448
143 459
144 35
144 236
144 252
144 396
144 491
145 352
145 376
145 426
145 486
145 492
146 292
146 341
146 364
146 401
146 452
147 135
147 242
147 310
147 344
147 446
148 24
148 365
148 450
148 484
148 486
149 13
149 55
149 61
149 321
149 337
150 67
150 143
150 176
150 439
150 482
151 72
151 99
151 358
151 424
151 461
152 20
152 312
152 451
152 471
152 495
153 49
153 247
153 263
153 316
153 443
154 93
154 293
154 336
154 355
154 366
155 74
155 201
155 389
155 424
155 494
156 286
156 353
156 360
156 438
156 439
157 196
157 205
157 299
157 309
157 390
158 77
158 221
158 354
158 458
158 479
159 48
159 348
159 403
159 464
159 484
160 217
160 241
160 312
160 340
160 392
161 73
161 295
161 375
161 426
161 457
162 79
162 99
162 356
162 383
162 474
163 324
163 417
163 463
163 493
163 499
164 97
164 180
164 220
164 358
164 461
165 214
165 372
165 417
165 442
165 454
166 38
166 343
166 404
166 447
166 464
167 131
167 314
167 367
167 467
167 487
168 17
168 41
168 132
168 187
168 490
169 45
169 183
169 369
169 372
169 466
170 14
170 295
170 371
170 389
170 418
171 37
171 231
171 333
171 372
171 476
172 7
172 286
172 288
172 476
172 480
173 77
173 130
173 142
173 193
173 397
174 3
174 72
174 243
174 332
174 499
175 262
175 339
175 400
175 457
175 497
176 42
176 150
176 444
176 475
176 483
177 56
177 251
177 375
177 403
177 422
178 329
178 344
178 370
178 489
178 500
179 141
179 381
179 396
179 447
179 454
180 61
180 126
180 164
180 255
180 279
181 123
181 302
181 307
181 461
181 485
182 30
182 80
182 266
182 281
182 447
183 169
183 276
183 348
183 465
183 475
184 460
184 462
184 482
184 489
184 490
185 231
185 246
185 292
185 393
185 492
186 14
186 111
186 269
186 324
186 405
186 431
187 28
187 139
187 168
187 196
187 318
187 354
188 27
188 119
188 222
188 255
188 380
188 478
189 136
189 227
189 344
189 392
189 423
189 477
190 26
190 97
190 210
190 410
190 445
190 458
191 36
191 200
191 227
191 456
191 487
191 496
192 119
192 224
192 382
192 393
192 433
192 496
193 173
193 217
193 390
193 437
193 496
193 499
194 125
194 391
194 420
194 445
194 497
194 498
195 261
195 278
195 294
195 434
195 454
195 458
196 157
196 187
196 237
196 466
196 477
196 496
197 106
197 109
197 376
197 386
197 405
197 488
198 56
198 87
198 241
198 282
198 315
198 346
199 317
199 343
199 381
199 428
199 441
199 499
200 126
200 191
200 303
200 329
200 362
200 383
201 35
201 137
201 155
201 262
201 288
201 500
202 379
202 388
202 435
202 472
202 492
202 500
203 17
203 45
203 333
203 335
203 352
203 493
204 119
204 271
204 280
204 285
204 425
204 456
205 104
205 157
205 380
205 413
205 427
205 437
206 22
206 82
206 108
206 225
206 257
206 424
207 9
207 26
207 240
207 394
207 469
207 495
208 36
208 68
208 314
208 376
208 410
208 465
209 65
209 88
209 444
209 456
209 458
209 490
210 87
210 190
210 354
210 367
210 400
210 481
211 13
211 275
211 327
211 363
211 443
211 462
212 226
212 244
212 283
212 392
212 435
212 485
213 78
213 101
213 355
213 395
213 405
213 484
214 165
214 270
214 316
214 380
214 398
214 404
215 105
215 305
215 322
215 348
215 393
215 423
216 15
216 265
216 333
216 431
216 449
216 452
217 160
217 193
217 299
217 322
217 351
217 492
218 50
218 120
218 315
218 408
218 486
218 495
219 28
219 125
219 260
219 273
219 353
219 362
220 164
220 244
220 420
220 428
220 464
220 470
221 31
221 158
221 313
221 385
221 482
221 495
222 78
222 188
222 359
222 374
222 410
222 419
223 97
223 324
223 347
223 354
223 357
223 438
224 140
224 192
224 226
224 328
224 472
224 499
225 52
225 64
225 206
225 258
225 315
225 423
226 212
226 224
226 272
226 320
226 354
226 459
227 50
227 189
227 191
227 283
227 460
227 483
228 9
228 54
228 75
228 268
228 456
228 499
229 356
229 406
229 415
229 418
229 429
229 464
230 121
230 134
230 138
230 356
230 412
230 482
231 171
231 185
231 252
231 305
231 398
231 455
232 24
232 27
232 79
232 408
232 451
232 498
233 18
233 404
233 430
233 440
233 482
233 493
234 256
234 362
234 367
234 420
234 440
234 467
235 271
235 282
235 289
235 328
235 353
235 413
236 139
236 144
236 283
236 311
236 444
236 494
237 23
237 116
237 196
237 393
237 432
237 500
238 44
238 76
238 369
238 446
238 463
238 489
239 33
239 95
239 139
239 297
239 300
239 355
240 207
240 245
240 279
240 292
240 471
240 488
241 40
241 42
241 81
241 160
241 198
241 496
242 20
242 32
242 49
242 102
242 147
242 412
243 43
243 134
243 174
243 294
243 381
243 485
244 6
244 212
244 220
244 365
244 366
244 473
245 100
245 240
245 281
245 313
245 371
245 472
246 185
246 296
246 420
246 450
246 454
246 457
247 141
247 153
247 342
247 449
247 456
247 495
248 52
248 359
248 370
248 395
248 422
248 479
249 103
249 267
249 329
249 447
249 458
249 483
250 40
250 113
250 332
250 340
250 466
250 493
251 113
251 177
251 264
251 297
251 417
251 431
252 114
252 144
252 231
252 261
252 313
252 467
253 307
253 360
253 379
253 418
253 468
253 487
254 62
254 68
254 91
254 290
254 306
254 484
255 180
255 188
255 338
255 345
255 370
255 411
256 74
256 234
256 266
256 308
256 378
256 478
257 206
257 345
257 358
257 422
257 454
257 470
258 35
258 44
258 69
258 225
258 436
258 461
259 62
259 126
259 416
259 423
259 432
259 463
260 219
260 297
260 413
260 414
260 495
260 499
261 39
261 195
261 252
261 349
261 359
261 465
262 175
262 201
262 317
262 343
262 414
262 419
263 14
263 153
263 462
263 469
263 481
263 497
264 19
264 110
264 251
264 336
264 423
264 498
265 35
265 216
265 303
265 426
265 442
265 466
266 56
266 182
266 256
266 275
266 341
266 475
267 75
267 111
267 249
267 397
267 433
267 476
268 102
268 113
268 228
268 299
268 438
268 461
269 1
269 21
269 94
269 186
269 387
269 441
270 93
270 214
270 364
270 394
270 408
270 485
271 32
271 204
271 235
271 313
271 385
271 486
272 119
272 226
272 452
272 463
272 477
272 478
273 12
273 16
273 133
273 219
273 274
273 475
274 57
274 273
274 298
274 363
274 428
274 474
275 211
275 266
275 285
275 409
275 452
275 480
276 63
276 69
276 121
276 183
276 329
276 397
277 100
277 141
277 293
277 300
277 376
277 497
278 44
278 46
278 195
278 319
278 418
278 431
279 13
279 141
279 180
279 240
279 302
279 429
280 25
280 44
280 204
280 292
280 429
280 488
281 85
281 110
281 182
281 245
281 400
281 442
282 6
282 198
282 235
282 442
282 455
282 496
283 60
283 212
283 227
283 236
283 396
283 421
284 11
284 23
284 45
284 330
284 437
284 453
285 38
285 112
285 204
285 275
285 351
285 499
286 7
286 28
286 156
286 172
286 308
286 468
286 486
287 73
287 130
287 405
287 425
287 456
287 491
287 496
288 22
288 172
288 201
288 338
288 396
288 409
288 438
289 117
289 235
289 340
289 454
289 490
289 497
289 500
290 7
290 70
290 122
290 254
290 298
290 337
290 378
291 341
291 347
291 354
291 372
291 402
291 455
291 499
292 146
292 185
292 240
292 280
292 352
292 357
292 480
293 21
293 154
293 277
293 463
293 485
293 492
293 496
294 49
294 60
294 195
294 243
294 401
294 481
294 482
295 58
295 128
295 161
295 170
295 314
295 323
295 352
296 12
296 85
296 92
296 246
296 312
296 374
296 468
297 138
297 239
297 251
297 260
297 389
297 483
297 485
298 25
298 111
298 274
298 290
298 323
298 348
298 410
299 157
299 217
299 268
299 319
299 336
299 386
299 466
300 239
300 277
300 338
300 453
300 455
300 466
300 500
301 34
301 52
301 71
301 137
301 314
301 391
301 498
302 107
302 181
302 279
302 348
302 370
302 406
302 449
303 33
303 200
303 265
303 384
303 435
303 467
303 470
304 66
304 73
304 89
304 376
304 378
304 431
304 494
305 215
305 231
305 370
305 398
305 451
305 484
305 488
306 51
306 106
306 136
306 254
306 352
306 401
306 496
307 40
307 181
307 253
307 359
307 402
307 435
307 494
308 256
308 286
308 377
308 388
308 457
308 461
308 493
309 18
309 21
309 31
309 43
309 157
309 391
309 435
310 9
310 79
310 117
310 132
310 147
310 318
310 465
311 236
311 361
311 417
311 449
311 459
311 489
311 497
312 152
312 160
312 296
312 360
312 426
312 468
312 495
313 221
313 245
313 252
313 271
313 335
313 384
313 471
314 69
314 167
314 208
314 295
314 301
314 369
314 412
315 16
315 198
315 218
315 225
315 439
315 498
315 500
316 153
316 214
316 383
316 468
316 484
316 491
316 496
317 130
317 199
317 262
317 390
317 423
317 448
317 452
318 8
318 19
318 128
318 187
318 310
318 328
318 431
319 125
319 278
319 299
319 322
319 390
319 445
319 460
320 137
320 226
320 374
320 422
320 432
320 438
320 458
321 149
321 347
321 367
321 417
321 443
321 451
321 488
322 215
322 217
322 319
322 368
322 413
322 491
322 494
323 46
323 110
323 295
323 298
323 351
323 355
323 456
324 163
324 186
324 223
324 332
324 418
324 468
324 485
325 133
325 136
325 337
325 403
325 420
325 440
325 500
326 56
326 74
326 342
326 362
326 407
326 434
326 450
327 16
327 124
327 211
327 384
327 471
327 472
327 491
328 34
328 131
328 224
328 235
328 318
328 378
328 416
329 178
329 200
329 249
329 276
329 377
329 392
329 427
330 104
330 110
330 284
330 364
330 419
330 453
330 500
331 43
331 140
331 350
331 392
331 413
331 420
331 498
332 27
332 93
332 174
332 250
332 324
332 482
332 491
333 171
333 203
333 216
333 406
333 424
333 430
333 460
334 22
334 60
334 124
334 133
334 406
334 480
334 493
335 127
335 203
335 313
335 442
335 462
335 478
335 498
336 1
336 154
336 264
336 299
336 356
336 454
336 487
337 149
337 290
337 325
337 344
337 437
337 465
337 478
338 114
338 255
338 288
338 300
338 345
338 497
338 498
339 5
339 25
339 92
339 175
339 405
339 420
339 481
340 48
340 160
340 250
340 289
340 371
340 432
340 492
341 146
341 266
341 291
341 422
341 432
341 451
341 494
342 53
342 247
342 326
342 349
342 411
342 420
342 486
343 34
343 166
343 199
343 262
343 434
343 449
343 477
344 66
344 147
344 178
344 189
344 337
344 496
344 497
345 31
345 255
345 257
345 338
345 361
345 410
345 417
346 73
346 198
346 429
346 472
346 475
346 477
346 498
347 16
347 122
347 223
347 291
347 321
347 362
347 365
347 472
348 159
348 183
348 215
348 298
348 302
348 436
348 484
348 500
349 261
349 342
349 388
349 421
349 435
349 480
349 485
349 490
350 61
350 331
350 366
350 391
350 393
350 412
350 495
350 498
351 217
351 285
351 323
351 383
351 400
351 430
351 471
351 496
352 145
352 203
352 292
352 295
352 306
352 427
352 450
352 451
353 11
353 12
353 156
353 219
353 235
353 369
353 374
353 487
354 60
354 158
354 187
354 210
354 223
354 226
354 291
354 487
355 53
355 138
355 154
355 213
355 239
355 323
355 432
355 474
356 124
356 162
356 229
356 230
356 336
356 368
356 426
356 495
357 13
357 223
357 292
357 464
357 481
357 483
357 490
357 500
358 47
358 135
358 151
358 164
358 257
358 359
358 415
358 487
359 13
359 118
359 222
359 248
359 261
359 307
359 358
359 468
360 26
360 95
360 156
360 253
360 312
360 365
360 371
360 434
361 19
361 311
361 345
361 362
361 371
361 463
361 475
361 487
362 32
362 200
362 219
362 234
362 326
362 347
362 361
362 442
363 113
363 136
363 211
363 274
363 407
363 422
363 433
363 468
364 30
364 146
364 270
364 330
364 398
364 399
364 406
364 469
365 2
365 83
365 148
365 244
365 347
365 360
365 445
365 456
366 97
366 134
366 154
366 244
366 350
366 377
366 388
366 444
367 98
367 167
367 210
367 234
367 321
367 403
367 446
367 480
368 322
368 356
368 392
368 439
368 452
368 473
368 479
368 491
369 63
369 169
369 238
369 314
369 353
369 407
369 457
369 463
370 2
370 178
370 248
370 255
370 302
370 305
370 401
370 487
371 11
371 170
371 245
371 340
371 360
371 361
371 373
371 474
372 47
372 165
372 169
372 171
372 291
372 420
372 480
372 491
373 7
373 21
373 22
373 128
373 371
373 411
373 415
373 484
374 15
374 116
374 222
374 296
374 320
374 353
374 431
374 474
375 101
375 161
375 177
375 412
375 453
375 474
375 492
375 493
376 4
376 86
376 145
376 197
376 208
376 277
376 304
376 479
377 308
377 329
377 366
377 385
377 395
377 424
377 460
377 492
378 256
378 290
378 304
378 328
378 385
378 388
378 416
378 446
379 67
379 202
379 253
379 382
379 387
379 406
379 414
379 486
380 107
380 114
380 188
380 205
380 214
380 464
380 489
380 491
381 62
381 179
381 199
381 243
381 409
381 420
381 448
381 467
382 55
382 129
382 192
382 379
382 411
382 419
382 430
382 448
383 162
383 200
383 316
383 351
383 388
383 402
383 478
383 493
384 18
384 42
384 111
384 303
384 313
384 327
384 472
384 482
385 4
385 80
385 87
385 221
385 271
385 377
385 378
385 389
385 481
386 103
386 118
386 197
386 299
386 390
386 394
386 428
386 429
386 478
387 19
387 20
387 58
387 96
387 269
387 379
387 396
387 426
387 470
388 54
388 202
388 308
388 349
388 366
388 378
388 383
388 421
388 493
389 9
389 155
389 170
389 297
389 385
389 395
389 419
389 422
389 462
390 72
390 121
390 157
390 193
390 317
390 319
390 386
390 418
390 438
391 88
391 194
391 301
391 309
391 350
391 406
391 409
391 448
391 488
392 24
392 160
392 189
392 212
392 329
392 331
392 368
392 429
392 484
393 185
393 192
393 215
393 237
393 350
393 396
393 446
393 455
393 500
394 5
394 93
394 115
394 207
394 270
394 386
394 397
394 443
394 470
395 57
395 213
395 248
395 377
395 389
395 398
395 454
395 460
395 476
396 32
396 96
396 144
396 179
396 283
396 288
396 387
396 393
396 453
397 45
397 64
397 115
397 173
397 267
397 276
397 394
397 430
397 455
398 5
398 214
398 231
398 305
398 364
398 395
398 418
398 439
398 464
399 3
399 6
399 55
399 75
399 99
399 364
399 404
399 408
399 492
400 84
400 175
400 210
400 281
400 351
400 419
400 446
400 467
400 488
401 84
401 146
401 294
401 306
401 370
401 427
401 461
401 469
401 482
402 34
402 46
402 135
402 291
402 307
402 383
402 422
402 449
402 500
403 62
403 69
403 86
403 159
403 177
403 325
403 367
403 486
403 494
404 5
404 61
404 166
404 214
404 233
404 399
404 407
404 427
404 492
405 29
405 186
405 197
405 213
405 287
405 339
405 416
405 436
405 483
406 229
406 302
406 333
406 334
406 364
406 379
406 391
406 431
406 474
407 38
407 108
407 326
407 363
407 369
407 404
407 437
407 492
407 498
408 127
408 218
408 232
408 270
408 399
408 447
408 450
408 476
408 500
409 27
409 275
409 288
409 381
409 391
409 414
409 431
409 444
409 452
410 131
410 142
410 190
410 208
410 222
410 298
410 345
410 447
410 448
411 83
411 116
411 255
411 342
411 373
411 382
411 416
411 479
411 487
411 489
412 5
412 71
412 230
412 242
412 314
412 350
412 375
412 421
412 426
412 494
413 15
413 19
413 114
413 139
413 205
413 235
413 260
413 322
413 331
413 457
414 90
414 134
414 260
414 262
414 379
414 409
414 462
414 464
414 486
414 497
415 20
415 41
415 229
415 358
415 373
415 418
415 421
415 437
415 445
415 477
416 41
416 112
416 259
416 328
416 378
416 405
416 411
416 421
416 444
416 478
417 163
417 165
417 251
417 311
417 321
417 345
417 426
417 439
417 477
417 497
418 89
418 170
418 229
418 253
418 278
418 324
418 390
418 398
418 415
418 431
419 18
419 128
419 222
419 262
419 330
419 382
419 389
419 400
419 451
419 483
420 194
420 220
420 234
420 246
420 325
420 331
420 339
420 342
420 372
420 381
421 133
421 283
421 349
421 388
421 412
421 415
421 416
421 443
421 457
421 490
422 177
422 248
422 257
422 320
422 341
422 363
422 389
422 402
422 423
422 491
423 62
423 189
423 215
423 225
423 259
423 264
423 317
423 422
423 424
423 486
424 96
424 151
424 155
424 206
424 333
424 377
424 423
424 430
424 461
424 500
425 22
425 84
425 111
425 123
425 204
425 287
425 446
425 481
425 482
425 489
426 100
426 145
426 161
426 265
426 312
426 356
426 387
426 412
426 417
426 436
427 29
427 205
427 329
427 352
427 401
427 404
427 452
427 455
427 480
427 499
428 23
428 66
428 94
428 109
428 199
428 220
428 274
428 386
428 470
428 484
429 2
429 122
429 229
429 279
429 280
429 346
429 386
429 392
429 443
429 449
430 120
430 140
430 233
430 333
430 351
430 382
430 397
430 424
430 462
430 480
431 186
431 216
431 251
431 278
431 304
431 318
431 374
431 406
431 409
431 418
432 237
432 259
432 320
432 340
432 341
432 355
432 445
432 477
432 488
432 495
433 11
433 142
433 192
433 267
433 363
433 440
433 443
433 448
433 491
433 497
434 8
434 14
434 77
434 195
434 326
434 343
434 360
434 440
434 460
434 497
435 17
435 53
435 202
435 212
435 303
435 307
435 309
435 349
435 484
435 499
436 23
436 40
436 95
436 124
436 258
436 348
436 405
436 426
436 444
436 451
436 489
437 77
437 89
437 90
437 109
437 193
437 205
437 284
437 337
437 407
437 415
437 469
438 15
438 117
438 156
438 223
438 268
438 288
438 320
438 390
438 453
438 476
438 488
439 36
439 42
439 150
439 156
439 315
439 368
439 398
439 417
439 458
439 466
439 481
440 61
440 94
440 233
440 234
440 325
440 433
440 434
440 441
440 448
440 460
440 473
441 118
441 199
441 269
441 440
441 448
441 479
441 486
441 490
441 494
441 495
441 496
442 4
442 58
442 91
442 165
442 265
442 281
442 282
442 335
442 362
442 479
442 481
443 60
443 142
443 153
443 211
443 321
443 394
443 421
443 429
443 433
443 451
443 468
444 25
444 30
444 94
444 176
444 209
444 236
444 366
444 409
444 416
444 436
444 460
445 55
445 65
445 69
445 190
445 194
445 319
445 365
445 415
445 432
445 450
445 466
446 92
446 109
446 147
446 238
446 367
446 378
446 393
446 400
446 425
446 457
446 493
447 11
447 105
447 126
447 166
447 179
447 182
447 249
447 408
447 410
447 475
447 479
448 81
448 82
448 143
448 317
448 381
448 382
448 391
448 410
448 433
448 440
448 441
449 7
449 41
449 113
449 216
449 247
449 302
449 311
449 343
449 402
449 429
449 465
450 9
450 99
450 148
450 246
450 326
450 352
450 408
450 445
450 466
450 467
450 471
450 497
451 32
451 49
451 115
451 152
451 232
451 305
451 321
451 341
451 352
451 419
451 436
451 443
452 36
452 43
452 146
452 216
452 272
452 275
452 317
452 368
452 409
452 427
452 479
452 494
453 70
453 95
453 123
453 284
453 300
453 330
453 375
453 396
453 438
453 459
453 474
453 499
454 33
454 46
454 165
454 179
454 195
454 246
454 257
454 289
454 336
454 395
454 457
454 480
455 54
455 102
455 127
455 231
455 282
455 291
455 300
455 393
455 397
455 427
455 472
455 496
456 46
456 80
456 105
456 120
456 191
456 204
456 209
456 228
456 247
456 287
456 323
456 365
457 118
457 161
457 175
457 246
457 308
457 369
457 413
457 421
457 446
457 454
457 484
457 494
458 6
458 10
458 114
458 141
458 158
458 190
458 195
458 209
458 249
458 320
458 439
458 462
459 16
459 38
459 126
459 143
459 226
459 311
459 453
459 464
459 469
459 474
459 476
459 496
460 14
460 27
460 184
460 227
460 319
460 333
460 377
460 395
460 434
460 440
460 444
460 470
461 29
461 59
461 129
461 151
461 164
461 181
461 258
461 268
461 308
461 401
461 424
461 487
462 48
462 55
462 56
462 68
462 184
462 211
462 263
462 335
462 389
462 414
462 430
462 458
463 12
463 163
463 238
463 259
463 272
463 293
463 361
463 369
463 469
463 471
463 478
463 488
463 498
464 57
464 139
464 159
464 166
464 220
464 229
464 357
464 380
464 398
464 414
464 459
464 469
464 490
465 80
465 94
465 100
465 116
465 123
465 183
465 208
465 261
465 310
465 337
465 449
465 476
465 478
466 17
466 30
466 78
466 169
466 196
466 250
466 265
466 299
466 300
466 439
466 445
466 450
466 470
467 50
467 74
467 167
467 234
467 252
467 303
467 381
467 400
467 450
467 471
467 472
467 485
467 490
468 51
468 79
468 96
468 253
468 286
468 296
468 312
468 316
468 324
468 359
468 363
468 443
468 469
469 50
469 52
469 65
469 82
469 207
469 263
469 364
469 401
469 437
469 459
469 463
469 464
469 468
470 28
470 76
470 220
470 257
470 303
470 387
470 394
470 428
470 460
470 466
470 473
470 495
470 496
471 36
471 84
471 130
471 140
471 152
471 240
471 313
471 327
471 351
471 450
471 463
471 467
471 491
472 10
472 98
472 99
472 202
472 224
472 245
472 327
472 346
472 347
472 384
472 455
472 467
472 473
473 47
473 67
473 107
473 133
473 134
473 244
473 368
473 440
473 470
473 472
473 475
473 478
473 489
474 35
474 63
474 106
474 162
474 274
474 355
474 371
474 374
474 375
474 406
474 453
474 459
474 489
475 131
475 132
475 176
475 183
475 266
475 273
475 346
475 361
475 447
475 473
475 483
475 494
475 500
476 64
476 93
476 121
476 132
476 171
476 172
476 267
476 395
476 408
476 438
476 459
476 465
476 478
476 497
477 88
477 108
477 189
477 196
477 272
477 343
477 346
477 415
477 417
477 432
477 480
477 481
477 488
477 495
478 1
478 188
478 256
478 272
478 335
478 337
478 383
478 386
478 416
478 463
478 465
478 473
478 476
478 495
479 17
479 39
479 48
479 138
479 158
479 248
479 368
479 376
479 411
479 441
479 442
479 447
479 452
479 494
480 52
480 130
480 136
480 172
480 275
480 292
480 334
480 349
480 367
480 372
480 427
480 430
480 454
480 477
481 54
481 72
481 90
481 112
481 210
481 263
481 294
481 339
481 357
481 385
481 425
481 439
481 442
481 477
482 48
482 88
482 105
482 119
482 150
482 184
482 221
482 230
482 233
482 294
482 332
482 384
482 401
482 425
483 24
483 37
483 70
483 107
483 176
483 227
483 249
483 297
483 357
483 405
483 419
483 475
483 487
483 488
484 29
484 47
484 148
484 159
484 213
484 254
484 305
484 316
484 348
484 373
484 392
484 428
484 435
484 457
484 494
485 31
485 91
485 104
485 109
485 135
485 181
485 212
485 243
485 270
485 293
485 297
485 324
485 349
485 467
485 487
486 145
486 148
486 218
486 271
486 286
486 342
486 379
486 403
486 414
486 423
486 441
486 488
486 489
486 493
486 497
487 20
487 76
487 167
487 191
487 253
487 336
487 353
487 354
487 358
487 361
487 370
487 411
487 461
487 483
487 485
487 488
488 59
488 197
488 240
488 280
488 305
488 321
488 391
488 400
488 432
488 438
488 463
488 477
488 483
488 486
488 487
488 496
489 77
489 85
489 96
489 101
489 115
489 178
489 184
489 238
489 311
489 380
489 411
489 425
489 436
489 473
489 474
489 486
490 59
490 88
490 89
490 92
490 168
490 184
490 209
490 289
490 349
490 357
490 421
490 441
490 464
490 467
490 491
490 493
490 500
491 59
491 129
491 144
491 287
491 316
491 322
491 327
491 332
491 368
491 372
491 380
491 422
491 433
491 471
491 490
491 497
491 500
492 74
492 82
492 90
492 91
492 121
492 145
492 185
492 202
492 217
492 293
492 340
492 375
492 377
492 399
492 404
492 407
492 499
493 25
493 76
493 85
493 86
493 105
493 163
493 203
493 233
493 250
493 308
493 334
493 375
493 383
493 388
493 446
493 486
493 490
494 23
494 63
494 131
494 140
494 155
494 236
494 304
494 307
494 322
494 341
494 403
494 412
494 441
494 452
494 457
494 475
494 479
494 484
495 34
495 73
495 104
495 138
495 152
495 207
495 218
495 221
495 247
495 260
495 312
495 350
495 356
495 432
495 441
495 470
495 477
495 478
496 71
496 191
496 192
496 193
496 196
496 241
496 282
496 287
496 293
496 306
496 316
496 344
496 351
496 441
496 455
496 459
496 470
496 488
496 499
497 64
497 80
497 175
497 194
497 263
497 277
497 289
497 311
497 338
497 344
497 414
497 417
497 433
497 434
497 450
497 476
497 486
497 491
497 499
498 6
498 29
498 51
498 53
498 70
498 117
498 129
498 194
498 232
498 264
498 301
498 315
498 331
498 335
498 338
498 346
498 350
498 407
498 463
499 65
499 71
499 103
499 118
499 122
499 163
499 174
499 193
499 199
499 224
499 228
499 260
499 285
499 291
499 427
499 435
499 453
499 492
499 496
499 497
500 3
500 112
500 120
500 178
500 201
500 202
500 237
500 289
500 300
500 315
500 325
500 330
500 348
500 357
500 393
500 402
500 408
500 424
500 475
500 490
500 491
