1 59
1 62
1 81
1 411
1 439
2 3
2 17
2 59
2 300
2 415
3 2
3 5
3 23
3 59
3 171
4 37
4 336
4 426
5 3
5 6
5 226
5 335
5 400
6 5
6 9
6 307
6 335
6 378
7 8
7 48
7 183
7 186
7 442
8 7
8 101
8 183
8 335
8 463
9 6
9 136
9 150
9 183
9 335
10 12
10 150
10 151
10 172
10 401
11 55
11 56
11 200
11 386
11 476
12 10
12 149
12 150
12 397
12 477
13 14
13 16
13 364
13 381
13 480
14 13
14 15
14 16
14 322
14 378
15 14
15 16
15 183
15 391
15 408
16 13
16 14
16 15
16 438
16 483
17 2
17 68
17 274
17 330
17 339
18 354
18 362
18 368
18 428
18 435
19 23
19 232
19 238
19 368
19 453
20 99
20 116
20 190
20 281
20 497
21 84
21 145
21 434
21 460
21 497
22 38
22 41
22 246
22 403
22 476
23 3
23 19
23 72
23 238
23 478
24 26
24 27
24 28
24 324
24 439
25 164
25 421
25 443
25 474
25 491
26 24
26 27
26 238
26 297
26 422
27 24
27 26
27 344
27 482
27 493
28 24
28 29
28 32
28 406
28 475
29 28
29 32
29 33
29 211
29 258
30 75
30 76
30 80
30 356
30 495
31 181
31 215
31 221
31 254
31 387
32 28
32 29
32 33
32 331
32 420
33 29
33 32
33 72
33 77
33 387
34 35
34 348
34 363
34 436
34 486
35 34
35 38
35 314
35 363
35 383
36 131
36 175
36 220
36 248
36 354
37 4
37 87
37 94
37 140
37 200
38 22
38 35
38 131
38 246
38 479
39 229
39 234
39 361
39 419
39 475
40 41
40 58
40 155
40 156
40 374
41 22
41 40
41 43
41 44
41 96
42 108
42 130
42 213
42 422
42 478
43 41
43 44
43 246
43 257
43 415
44 41
44 43
44 364
44 381
44 477
45 47
45 48
45 50
45 247
45 346
46 187
46 195
46 198
46 397
46 477
47 45
47 48
47 50
47 265
47 491
48 7
48 45
48 47
48 53
48 70
49 52
49 66
49 71
49 255
49 257
50 45
50 47
50 53
50 206
50 277
51 157
51 158
51 235
51 447
51 498
52 49
52 257
52 258
52 434
52 493
53 48
53 50
53 54
53 84
53 500
54 53
54 55
54 138
54 323
54 365
55 11
55 54
55 121
55 200
55 500
56 11
56 58
56 200
56 254
56 387
57 90
57 96
57 100
57 135
57 384
58 40
58 56
58 60
58 200
58 299
59 1
59 2
59 3
59 128
59 494
60 58
60 61
60 434
60 493
60 498
61 60
61 63
61 379
61 435
61 460
62 1
62 64
62 65
62 192
62 406
63 61
63 64
63 116
63 355
63 433
64 62
64 63
64 65
64 66
64 95
65 62
65 64
65 66
65 106
65 242
66 49
66 64
66 65
66 371
66 422
67 330
67 345
67 379
67 397
67 427
68 17
68 90
68 165
68 345
68 397
69 214
69 274
69 396
69 477
69 485
70 48
70 71
70 214
70 261
70 339
71 49
71 70
71 221
71 274
71 339
72 23
72 33
72 202
72 216
72 412
73 174
73 216
73 356
73 365
73 366
74 75
74 366
74 397
74 445
74 484
75 30
75 74
75 76
75 201
75 480
76 30
76 75
76 78
76 161
76 368
77 33
77 78
77 318
77 337
77 355
78 76
78 77
78 115
78 246
78 318
79 80
79 82
79 388
79 434
79 493
80 30
80 79
80 82
80 318
80 495
81 1
81 82
81 243
81 350
81 479
82 79
82 80
82 81
82 143
82 208
83 85
83 86
83 228
83 277
83 313
84 21
84 53
84 143
84 144
84 500
85 83
85 86
85 120
85 177
85 456
86 83
86 85
86 88
86 333
86 469
87 37
87 93
87 401
88 86
88 89
88 93
88 248
88 473
89 88
89 91
89 92
89 430
89 500
90 57
90 68
90 136
90 147
90 384
91 89
91 92
91 94
91 295
91 353
92 89
92 91
92 94
92 133
92 418
93 87
93 88
93 267
93 354
93 459
94 37
94 91
94 92
94 217
94 347
95 64
95 98
95 100
95 217
95 424
96 41
96 57
96 121
96 125
96 476
97 98
97 182
97 185
97 424
97 437
98 95
98 97
98 185
98 220
98 424
99 20
99 260
99 261
99 339
99 461
100 57
100 95
100 162
100 185
100 424
101 8
101 103
101 105
101 106
101 408
102 137
102 139
102 199
102 418
102 457
103 101
103 106
103 185
103 301
103 461
104 197
104 260
104 261
104 436
104 486
105 101
105 106
105 225
105 237
105 410
106 65
106 101
106 103
106 105
106 107
107 106
107 210
107 213
107 313
107 490
108 42
108 109
108 213
108 245
108 365
109 108
109 110
109 240
109 313
109 498
110 109
110 111
110 145
110 323
110 443
111 110
111 323
111 415
111 457
111 460
112 113
112 192
112 232
112 475
112 488
113 112
113 192
113 232
113 374
113 486
114 148
114 171
114 366
114 451
114 474
115 78
115 118
115 150
115 204
115 444
116 20
116 63
116 220
116 281
116 296
117 123
117 163
117 208
117 363
117 472
118 115
118 120
118 364
118 381
118 392
119 177
119 178
119 186
119 281
119 452
120 85
120 118
120 121
120 179
120 392
121 55
121 96
121 120
121 122
121 500
122 121
122 124
122 125
122 304
122 394
123 117
123 162
123 163
123 397
123 477
124 122
124 187
124 349
124 475
124 480
125 96
125 122
125 153
125 349
125 488
126 127
126 128
126 213
126 349
126 494
127 126
127 128
127 129
127 293
127 465
128 59
128 126
128 127
128 129
128 481
129 127
129 128
129 164
129 415
129 487
130 42
130 131
130 132
130 175
130 478
131 36
131 38
131 130
131 132
131 490
132 130
132 131
132 133
132 155
132 385
133 92
133 132
133 134
133 135
133 418
134 133
134 135
134 202
134 394
134 489
135 57
135 133
135 134
135 488
135 499
136 9
136 90
136 137
136 246
136 384
137 102
137 136
137 428
137 444
137 446
138 54
138 139
138 140
138 256
138 323
139 102
139 138
139 256
139 392
139 493
140 37
140 138
140 256
140 347
140 384
141 142
141 302
141 385
141 489
141 490
142 141
142 253
142 256
142 385
142 413
143 82
143 84
143 144
143 385
143 411
144 84
144 143
144 156
144 385
144 496
145 21
145 110
145 146
145 147
145 340
146 145
146 147
146 149
146 283
147 90
147 145
147 146
147 149
147 368
148 114
148 171
148 231
148 412
148 440
149 12
149 146
149 147
149 154
149 496
150 9
150 10
150 12
150 115
150 423
151 10
151 152
151 153
151 316
151 441
152 151
152 153
152 243
152 259
152 411
153 125
153 151
153 152
153 385
153 499
154 149
154 155
154 336
154 374
154 438
155 40
155 132
155 154
155 374
155 480
156 40
156 144
156 235
156 374
156 496
157 51
157 159
157 294
157 408
157 495
158 51
158 159
158 235
158 488
158 499
159 157
159 158
159 160
159 438
159 483
160 159
160 208
160 262
160 404
160 496
161 76
161 162
161 368
161 385
161 396
162 100
162 123
162 161
162 208
162 444
163 117
163 123
163 166
163 408
163 463
164 25
164 129
164 420
164 421
164 457
164 474
165 68
165 168
165 368
165 420
165 421
165 443
166 163
166 172
166 188
166 370
166 429
166 455
167 168
167 170
167 212
167 338
167 420
167 484
168 165
168 167
168 170
168 420
168 434
168 493
169 172
169 173
169 303
169 337
169 425
169 446
170 167
170 168
170 174
170 179
170 414
170 454
171 3
171 114
171 148
171 303
171 360
171 425
172 10
172 166
172 169
172 173
172 196
172 305
173 169
173 172
173 186
173 332
173 447
173 498
174 73
174 170
174 179
174 279
174 420
174 479
175 36
175 130
175 220
175 268
176 275
176 276
176 367
176 375
176 435
176 451
177 85
177 119
177 186
177 194
177 344
177 471
178 119
178 188
178 201
178 241
178 471
178 473
179 120
179 170
179 174
179 189
179 229
179 376
180 293
180 328
180 340
180 341
180 343
180 500
181 31
181 225
181 281
181 288
181 345
181 452
182 97
182 211
182 280
182 335
182 414
182 439
183 7
183 8
183 9
183 15
183 322
183 431
184 189
184 217
184 376
184 464
184 488
184 489
185 97
185 98
185 100
185 103
185 270
185 467
186 7
186 119
186 173
186 177
186 393
186 480
187 46
187 124
187 195
187 414
187 475
187 499
188 166
188 178
188 201
188 432
188 455
188 475
189 179
189 184
189 190
189 376
189 432
189 455
190 20
190 189
190 193
190 199
190 448
190 497
191 195
191 198
191 201
191 203
191 287
191 426
192 62
192 112
192 113
192 323
192 334
192 370
193 190
193 199
193 260
193 376
193 403
193 485
194 177
194 231
194 335
194 362
194 429
194 437
195 46
195 187
195 191
195 205
195 350
195 373
196 172
196 327
196 328
196 343
196 401
196 445
197 104
197 261
197 328
197 332
197 476
197 498
198 46
198 191
198 207
198 264
198 303
198 445
199 102
199 190
199 193
199 376
199 403
199 418
200 11
200 37
200 55
200 56
200 58
200 347
201 75
201 178
201 188
201 191
201 393
201 480
202 72
202 134
202 216
202 339
202 356
202 489
203 191
203 210
203 289
203 330
203 345
203 457
204 115
204 232
204 392
204 433
204 491
204 495
205 195
205 209
205 280
205 373
205 403
205 498
206 50
206 207
206 210
206 261
206 306
206 393
207 198
207 206
207 210
207 264
207 360
207 441
208 82
208 117
208 160
208 162
208 411
208 488
209 205
209 249
209 280
209 403
209 472
209 483
210 107
210 203
210 206
210 207
210 369
210 470
211 29
211 182
211 212
211 258
211 414
211 439
212 167
212 211
212 219
212 280
212 430
212 439
213 42
213 107
213 108
213 126
213 313
213 494
214 69
214 70
214 274
214 339
214 369
214 484
215 31
215 221
215 266
215 286
215 320
215 484
216 72
216 73
216 202
216 288
216 366
216 482
217 94
217 95
217 184
217 424
217 475
217 489
218 227
218 355
218 359
218 365
218 378
218 492
219 212
219 227
219 322
219 431
219 439
219 493
220 36
220 98
220 116
220 175
220 465
220 488
221 31
221 71
221 215
221 228
221 319
221 371
222 226
222 247
222 248
222 254
222 380
222 382
223 224
223 227
223 230
223 407
223 479
223 482
224 223
224 227
224 407
224 428
224 446
224 479
225 105
225 181
225 228
225 237
225 288
225 319
226 5
226 222
226 254
226 317
226 467
226 478
227 218
227 219
227 223
227 224
227 407
227 492
228 83
228 221
228 225
228 306
228 313
228 490
229 39
229 179
229 233
229 458
229 471
229 473
230 223
230 391
230 407
230 463
230 482
230 485
231 148
231 194
231 233
231 290
231 349
231 358
232 19
232 112
232 113
232 204
232 323
232 453
233 229
233 231
233 234
233 236
233 290
233 349
234 39
234 233
234 236
234 334
234 450
234 458
235 51
235 156
235 158
235 287
235 426
235 436
236 233
236 234
236 239
236 271
236 312
236 481
237 105
237 225
237 240
237 243
237 402
237 407
238 19
238 23
238 26
238 368
238 397
238 477
239 236
239 242
239 245
239 384
239 411
239 423
240 109
240 237
240 243
240 249
240 461
240 498
241 178
241 245
241 248
241 434
241 449
241 485
242 65
242 239
242 245
242 470
242 484
242 496
243 81
243 152
243 237
243 240
243 249
243 250
244 250
244 252
244 253
244 341
244 399
244 464
245 108
245 239
245 241
245 242
245 279
245 350
246 22
246 38
246 43
246 78
246 136
246 363
247 45
247 222
247 248
247 340
247 467
247 479
248 36
248 88
248 222
248 241
248 247
248 267
249 209
249 240
249 243
249 250
249 252
249 472
250 243
250 244
250 249
250 252
250 403
250 476
251 336
251 359
251 364
251 378
251 472
251 496
252 244
252 249
252 250
252 263
252 392
252 493
253 142
253 244
253 263
253 388
253 464
253 481
254 31
254 56
254 222
254 226
254 255
254 390
255 49
255 254
255 440
255 450
255 459
255 488
256 138
256 139
256 140
256 142
256 325
256 441
257 43
257 49
257 52
257 258
257 274
257 457
258 29
258 52
258 211
258 257
258 349
258 465
259 152
259 265
259 267
259 292
259 388
259 421
260 99
260 104
260 193
260 377
260 400
260 485
261 70
261 99
261 104
261 197
261 206
261 480
262 160
262 285
262 344
262 391
262 420
262 496
263 252
263 253
263 265
263 388
263 459
263 464
264 198
264 207
264 268
264 290
264 299
264 312
264 360
265 47
265 259
265 263
265 267
265 270
265 433
265 491
266 215
266 288
266 386
266 395
266 403
266 476
266 491
267 93
267 248
267 259
267 265
267 270
267 354
267 388
268 175
268 264
268 299
268 312
268 485
269 278
269 298
269 355
269 442
269 443
269 452
269 478
270 185
270 265
270 267
270 271
270 273
270 443
270 467
271 236
271 270
271 273
271 275
271 356
271 375
271 481
272 396
272 402
272 451
272 453
272 464
272 479
272 485
273 270
273 271
273 326
273 330
273 375
273 472
273 498
274 17
274 69
274 71
274 214
274 257
274 289
274 345
275 176
275 271
275 276
275 297
275 310
275 375
275 495
276 176
276 275
276 358
276 375
276 376
276 462
276 497
277 50
277 83
277 350
277 385
277 394
277 410
277 422
278 269
278 291
278 298
278 305
278 363
278 450
278 472
279 174
279 245
279 282
279 350
279 358
279 381
279 455
280 182
280 205
280 209
280 212
280 414
280 488
280 499
281 20
281 116
281 119
281 181
281 285
281 421
281 452
282 279
282 358
282 381
282 449
282 462
282 471
282 473
283 146
283 284
283 286
283 289
283 358
283 477
284 283
284 286
284 289
284 381
284 384
284 423
284 494
285 262
285 281
285 361
285 379
285 396
285 435
285 453
286 215
286 283
286 284
286 289
286 320
286 418
286 470
287 191
287 235
287 292
287 370
287 379
287 426
287 434
288 181
288 216
288 225
288 266
288 435
288 482
288 490
289 203
289 274
289 283
289 284
289 286
289 415
289 496
290 231
290 233
290 264
290 299
290 312
290 358
290 450
291 278
291 298
291 305
291 450
291 451
291 474
291 491
292 259
292 287
292 351
292 370
292 379
292 434
292 459
293 127
293 180
293 340
293 367
293 448
293 465
293 489
294 157
294 295
294 297
294 300
294 301
294 391
294 463
295 91
295 294
295 297
295 300
295 353
295 489
295 499
296 116
296 322
296 336
296 352
296 466
296 476
296 483
297 26
297 275
297 294
297 295
297 300
297 301
297 492
298 269
298 278
298 291
298 305
298 448
298 450
298 465
299 58
299 264
299 268
299 290
299 356
299 379
299 481
300 2
300 294
300 295
300 297
300 302
300 410
300 469
301 103
301 294
301 297
301 302
301 410
301 469
301 497
302 141
302 300
302 301
302 303
302 304
302 453
302 489
303 169
303 171
303 198
303 302
303 304
303 307
303 309
304 122
304 302
304 303
304 307
304 383
304 414
304 440
305 172
305 278
305 291
305 298
305 308
305 401
305 450
306 206
306 228
306 356
306 392
306 433
306 453
306 491
307 6
307 303
307 304
307 309
307 314
307 322
307 431
308 305
308 311
308 329
308 382
308 439
308 450
308 478
309 303
309 307
309 314
309 379
309 407
309 427
309 435
310 275
310 320
310 324
310 326
310 398
310 445
310 492
311 308
311 321
311 329
311 426
311 475
311 485
311 488
312 236
312 264
312 268
312 290
312 413
312 444
312 500
313 83
313 107
313 109
313 213
313 228
313 454
313 491
314 35
314 307
314 309
314 315
314 316
314 414
314 454
315 314
315 316
315 366
315 417
315 451
315 472
315 474
316 151
316 314
316 315
316 317
316 372
316 441
316 474
317 226
317 316
317 320
317 324
317 400
317 420
317 443
318 77
318 78
318 80
318 386
318 499
319 221
319 225
319 347
319 404
319 423
319 436
319 456
320 215
320 286
320 310
320 317
320 324
320 326
320 484
321 311
321 329
321 331
321 426
321 438
321 450
321 483
322 14
322 183
322 219
322 296
322 307
322 336
322 427
323 54
323 110
323 111
323 138
323 192
323 232
323 336
324 24
324 310
324 317
324 320
324 326
324 382
324 439
325 256
325 341
325 352
325 367
325 372
325 441
325 458
326 273
326 310
326 320
326 324
326 363
326 407
326 447
327 196
327 343
327 433
327 445
327 460
327 462
327 497
328 180
328 196
328 197
328 340
328 445
328 447
328 498
329 308
329 311
329 321
329 331
329 336
329 426
329 496
330 17
330 67
330 203
330 273
330 345
330 397
330 407
330 472
331 32
331 321
331 329
331 334
331 420
331 426
331 478
331 491
332 173
332 197
332 333
332 334
332 351
332 426
332 474
332 498
333 86
333 332
333 334
333 337
333 351
333 461
333 469
333 474
334 192
334 234
334 331
334 332
334 333
334 337
334 426
334 487
335 5
335 6
335 8
335 9
335 182
335 194
335 437
335 473
336 4
336 154
336 251
336 296
336 322
336 323
336 329
336 496
337 77
337 169
337 333
337 334
337 351
337 357
337 425
337 474
338 167
338 398
338 400
338 401
338 408
338 430
338 456
338 500
339 17
339 70
339 71
339 99
339 202
339 214
339 461
339 469
340 145
340 180
340 247
340 293
340 328
340 343
340 346
340 467
341 180
341 244
341 325
341 342
341 367
341 399
341 448
341 465
342 341
342 352
342 360
342 367
342 428
342 442
342 446
343 180
343 196
343 327
343 340
343 429
343 445
343 449
343 473
344 27
344 177
344 262
344 359
344 362
344 391
344 396
344 409
345 67
345 68
345 181
345 203
345 274
345 330
345 397
345 457
346 45
346 340
346 387
346 395
346 415
346 446
346 447
346 467
347 94
347 140
347 200
347 319
347 399
347 438
347 444
347 450
348 34
348 354
348 405
348 411
348 428
348 479
348 482
348 490
349 124
349 125
349 126
349 231
349 233
349 258
349 358
349 424
350 81
350 195
350 245
350 277
350 279
350 394
350 410
350 422
351 292
351 332
351 333
351 337
351 357
351 458
351 474
351 487
352 296
352 325
352 342
352 360
352 438
352 466
352 469
352 483
353 91
353 295
353 357
353 372
353 373
353 390
353 474
353 490
354 18
354 36
354 93
354 267
354 348
354 405
354 411
354 428
355 63
355 77
355 218
355 269
355 378
355 390
355 441
355 443
356 30
356 73
356 202
356 271
356 299
356 306
356 366
356 413
357 337
357 351
357 353
357 372
357 373
357 436
357 456
357 486
358 231
358 276
358 279
358 282
358 283
358 290
358 349
358 381
359 218
359 251
359 344
359 365
359 392
359 405
359 434
359 466
360 171
360 207
360 264
360 342
360 352
360 369
360 390
360 425
361 39
361 285
361 371
361 396
361 434
361 479
361 482
361 490
362 18
362 194
362 344
362 367
362 382
362 391
362 427
362 459
363 34
363 35
363 117
363 246
363 278
363 326
363 407
363 465
364 13
364 44
364 118
364 251
364 365
364 381
364 405
364 483
365 54
365 73
365 108
365 218
365 359
365 364
365 373
365 405
366 73
366 74
366 114
366 216
366 315
366 356
366 451
366 474
367 176
367 293
367 325
367 341
367 342
367 362
367 427
367 492
368 18
368 19
368 76
368 147
368 161
368 165
368 238
368 405
369 210
369 214
369 360
369 386
369 390
369 445
369 449
369 470
370 166
370 192
370 287
370 292
370 394
370 410
370 432
370 455
371 66
371 221
371 361
371 387
371 399
371 415
371 459
371 489
372 316
372 325
372 353
372 357
372 373
372 398
372 401
372 441
373 195
373 205
373 353
373 357
373 365
373 372
373 398
373 401
374 40
374 113
374 154
374 155
374 156
374 417
374 456
374 486
375 176
375 271
375 273
375 275
375 276
375 406
375 419
375 499
376 179
376 184
376 189
376 193
376 199
376 276
376 462
376 497
377 260
377 396
377 413
377 418
377 427
377 433
377 449
377 485
378 6
378 14
378 218
378 251
378 355
378 406
378 431
378 441
379 61
379 67
379 285
379 287
379 292
379 299
379 309
379 394
379 445
380 222
380 382
380 409
380 416
380 425
380 430
380 431
380 432
380 439
381 13
381 44
381 118
381 279
381 282
381 284
381 358
381 364
381 482
382 222
382 308
382 324
382 362
382 380
382 386
382 391
382 439
382 462
383 35
383 304
383 394
383 404
383 429
383 435
383 454
383 481
383 487
384 57
384 90
384 136
384 140
384 239
384 284
384 412
384 468
384 494
385 132
385 141
385 142
385 143
385 144
385 153
385 161
385 277
385 480
386 11
386 266
386 318
386 369
386 382
386 390
386 446
386 449
386 476
387 31
387 33
387 56
387 346
387 371
387 395
387 447
387 453
387 477
388 79
388 253
388 259
388 263
388 267
388 395
388 451
388 468
388 494
389 393
389 404
389 460
389 463
389 471
389 485
389 489
389 490
389 497
390 254
390 353
390 355
390 360
390 369
390 386
390 391
390 453
390 497
391 15
391 230
391 262
391 294
391 344
391 362
391 382
391 390
391 463
392 118
392 120
392 139
392 204
392 252
392 306
392 359
392 409
392 484
393 186
393 201
393 206
393 389
393 463
393 471
393 485
393 489
393 490
394 122
394 134
394 277
394 350
394 370
394 379
394 383
394 410
394 454
395 266
395 346
395 387
395 388
395 415
395 446
395 447
395 468
395 494
396 69
396 161
396 272
396 285
396 344
396 361
396 377
396 434
396 485
397 12
397 46
397 67
397 68
397 74
397 123
397 238
397 330
397 345
398 310
398 338
398 372
398 373
398 401
398 422
398 492
398 495
398 499
399 244
399 341
399 347
399 371
399 423
399 438
399 444
399 447
399 448
400 5
400 260
400 317
400 338
400 408
400 435
400 456
400 470
400 478
401 10
401 87
401 196
401 305
401 338
401 372
401 373
401 398
401 408
402 237
402 272
402 405
402 443
402 464
402 467
402 479
402 492
402 495
403 22
403 193
403 199
403 205
403 209
403 250
403 266
403 414
403 476
404 160
404 319
404 383
404 389
404 424
404 429
404 436
404 452
404 462
405 348
405 354
405 359
405 364
405 365
405 368
405 402
405 492
405 495
406 28
406 62
406 375
406 378
406 412
406 419
406 422
406 441
406 499
407 223
407 224
407 227
407 230
407 237
407 309
407 326
407 330
407 363
408 15
408 101
408 157
408 163
408 338
408 400
408 401
408 435
408 456
409 344
409 380
409 392
409 416
409 425
409 431
409 463
409 489
409 493
410 105
410 277
410 300
410 301
410 350
410 370
410 394
410 461
410 469
411 1
411 143
411 152
411 208
411 239
411 348
411 354
411 423
411 428
412 72
412 148
412 384
412 406
412 422
412 440
412 441
412 464
412 473
412 487
413 142
413 312
413 356
413 377
413 417
413 427
413 433
413 444
413 446
413 449
414 170
414 182
414 187
414 211
414 280
414 304
414 314
414 403
414 452
414 454
415 2
415 43
415 111
415 129
415 289
415 346
415 371
415 395
415 446
415 459
416 380
416 409
416 425
416 431
416 456
416 463
416 471
416 486
417 315
417 374
417 413
417 418
417 433
417 436
417 451
417 456
417 462
417 486
418 92
418 102
418 133
418 199
418 286
418 377
418 417
418 427
418 451
418 484
419 39
419 375
419 406
419 455
419 458
419 465
419 472
419 473
419 476
419 499
420 32
420 164
420 165
420 167
420 168
420 174
420 262
420 317
420 331
420 478
421 25
421 164
421 165
421 259
421 281
421 443
421 452
421 479
422 26
422 42
422 66
422 277
422 350
422 398
422 406
422 412
422 492
422 495
423 150
423 239
423 284
423 319
423 399
423 411
423 436
423 438
423 444
423 468
424 95
424 97
424 98
424 100
424 217
424 349
424 404
424 460
424 462
424 497
425 169
425 171
425 337
425 360
425 380
425 409
425 416
425 430
425 431
425 432
426 4
426 191
426 235
426 287
426 311
426 321
426 329
426 331
426 332
426 334
427 67
427 309
427 322
427 362
427 367
427 377
427 413
427 418
427 433
427 449
428 18
428 137
428 224
428 342
428 348
428 354
428 411
428 442
428 446
428 487
429 166
429 194
429 343
429 383
429 404
429 435
429 436
429 449
429 456
429 471
430 89
430 212
430 338
430 380
430 425
430 431
430 432
430 454
430 457
430 500
431 183
431 219
431 307
431 378
431 380
431 409
431 416
431 425
431 430
431 432
432 188
432 189
432 370
432 380
432 425
432 430
432 431
432 455
432 457
432 492
433 63
433 204
433 265
433 306
433 327
433 377
433 413
433 417
433 427
433 468
433 491
434 21
434 52
434 60
434 79
434 168
434 241
434 287
434 292
434 359
434 361
434 396
435 18
435 61
435 176
435 285
435 288
435 309
435 383
435 400
435 408
435 429
435 456
436 34
436 104
436 235
436 319
436 357
436 404
436 417
436 423
436 429
436 444
436 456
437 97
437 194
437 335
437 449
437 466
437 469
437 480
437 483
437 492
437 493
437 500
438 16
438 154
438 159
438 321
438 347
438 352
438 399
438 423
438 444
438 478
438 483
439 1
439 24
439 182
439 211
439 212
439 219
439 308
439 324
439 380
439 382
439 448
440 148
440 255
440 304
440 412
440 448
440 455
440 461
440 472
440 476
440 482
440 487
441 151
441 207
441 256
441 316
441 325
441 355
441 372
441 378
441 406
441 412
441 500
442 7
442 269
442 342
442 428
442 446
442 452
442 467
442 475
442 478
442 484
443 25
443 110
443 165
443 269
443 270
443 317
443 355
443 402
443 421
443 464
443 479
444 115
444 137
444 162
444 312
444 347
444 399
444 413
444 423
444 436
444 438
444 481
445 74
445 196
445 198
445 310
445 327
445 328
445 343
445 369
445 379
445 470
445 484
446 137
446 169
446 224
446 342
446 346
446 386
446 395
446 413
446 415
446 428
446 442
446 459
447 51
447 173
447 326
447 328
447 346
447 387
447 395
447 399
447 449
447 459
447 462
447 498
448 190
448 293
448 298
448 341
448 399
448 439
448 440
448 455
448 461
448 467
448 472
448 482
449 241
449 282
449 343
449 369
449 377
449 386
449 413
449 427
449 429
449 437
449 447
449 459
450 234
450 255
450 278
450 290
450 291
450 298
450 305
450 308
450 321
450 347
450 464
450 487
451 114
451 176
451 272
451 291
451 315
451 366
451 388
451 417
451 418
451 453
451 462
451 474
452 119
452 181
452 269
452 281
452 404
452 414
452 421
452 442
452 467
452 475
452 478
452 484
453 19
453 232
453 272
453 285
453 302
453 306
453 387
453 390
453 451
453 462
453 463
453 464
454 170
454 313
454 314
454 383
454 394
454 414
454 430
454 457
454 458
454 460
454 465
454 473
455 166
455 188
455 189
455 279
455 370
455 419
455 432
455 440
455 448
455 461
455 472
455 482
456 85
456 319
456 338
456 357
456 374
456 400
456 408
456 416
456 417
456 429
456 435
456 436
457 102
457 111
457 164
457 203
457 257
457 345
457 430
457 432
457 454
457 460
457 465
457 473
458 229
458 234
458 325
458 351
458 419
458 454
458 459
458 460
458 465
458 473
458 476
458 487
459 93
459 255
459 263
459 292
459 362
459 371
459 415
459 446
459 447
459 449
459 458
459 464
460 21
460 61
460 111
460 327
460 389
460 424
460 454
460 457
460 458
460 462
460 465
460 473
460 493
461 99
461 103
461 240
461 333
461 339
461 410
461 440
461 448
461 455
461 467
461 478
461 482
461 484
462 276
462 282
462 327
462 376
462 382
462 404
462 417
462 424
462 447
462 451
462 453
462 460
462 475
463 8
463 163
463 230
463 294
463 389
463 391
463 393
463 409
463 416
463 453
463 471
463 489
463 500
464 184
464 244
464 253
464 263
464 272
464 402
464 412
464 443
464 450
464 453
464 459
464 479
464 487
465 127
465 220
465 258
465 293
465 298
465 341
465 363
465 419
465 454
465 457
465 458
465 460
465 473
466 296
466 352
466 359
466 437
466 468
466 469
466 477
466 480
466 483
466 488
466 500
467 185
467 226
467 247
467 270
467 340
467 346
467 402
467 442
467 448
467 452
467 461
467 475
467 484
468 384
468 388
468 395
468 423
468 433
468 466
468 469
468 470
468 477
468 483
468 487
468 488
468 494
469 86
469 300
469 301
469 333
469 339
469 352
469 410
469 437
469 466
469 468
469 477
469 480
469 483
469 488
470 210
470 242
470 286
470 369
470 400
470 445
470 468
470 471
470 477
470 484
470 485
470 487
470 489
470 490
471 177
471 178
471 229
471 282
471 389
471 393
471 416
471 429
471 463
471 470
471 473
471 485
471 489
471 490
472 117
472 209
472 249
472 251
472 273
472 278
472 315
472 330
472 419
472 440
472 448
472 455
472 476
472 482
473 88
473 178
473 229
473 282
473 335
473 343
473 412
473 419
473 454
473 457
473 458
473 460
473 465
473 471
474 25
474 114
474 164
474 291
474 315
474 316
474 332
474 333
474 337
474 351
474 353
474 366
474 451
474 493
475 28
475 39
475 112
475 124
475 187
475 188
475 217
475 311
475 442
475 452
475 462
475 467
475 478
475 484
475 500
476 11
476 22
476 96
476 197
476 250
476 266
476 296
476 386
476 403
476 419
476 440
476 458
476 472
476 482
476 500
477 12
477 44
477 46
477 69
477 123
477 238
477 283
477 387
477 466
477 468
477 469
477 470
477 483
477 487
477 488
478 23
478 42
478 130
478 226
478 269
478 308
478 331
478 400
478 420
478 438
478 442
478 452
478 461
478 475
478 484
479 38
479 81
479 174
479 223
479 224
479 247
479 272
479 348
479 361
479 402
479 421
479 443
479 464
479 482
479 490
480 13
480 75
480 124
480 155
480 186
480 201
480 261
480 385
480 437
480 466
480 469
480 483
480 492
480 493
480 500
481 128
481 236
481 253
481 271
481 299
481 383
481 444
481 486
481 491
481 492
481 493
481 494
481 498
481 499
481 500
482 27
482 216
482 223
482 230
482 288
482 348
482 361
482 381
482 440
482 448
482 455
482 461
482 472
482 476
482 479
482 490
483 16
483 159
483 209
483 296
483 321
483 352
483 364
483 437
483 438
483 466
483 468
483 469
483 477
483 480
483 487
483 488
484 74
484 167
484 214
484 215
484 242
484 320
484 392
484 418
484 442
484 445
484 452
484 461
484 467
484 470
484 475
484 478
485 69
485 193
485 230
485 241
485 260
485 268
485 272
485 311
485 377
485 389
485 393
485 396
485 470
485 471
485 487
485 489
485 490
486 34
486 104
486 113
486 357
486 374
486 416
486 417
486 481
486 488
486 491
486 492
486 493
486 494
486 496
486 498
486 499
486 500
487 129
487 334
487 351
487 383
487 412
487 428
487 440
487 450
487 458
487 464
487 468
487 470
487 477
487 483
487 485
487 488
487 490
488 112
488 125
488 135
488 158
488 184
488 208
488 220
488 255
488 280
488 311
488 466
488 468
488 469
488 477
488 483
488 486
488 487
489 134
489 141
489 184
489 202
489 217
489 293
489 295
489 302
489 371
489 389
489 393
489 409
489 463
489 470
489 471
489 485
489 490
490 107
490 131
490 141
490 228
490 288
490 348
490 353
490 361
490 389
490 393
490 470
490 471
490 479
490 482
490 485
490 487
490 489
491 25
491 47
491 204
491 265
491 266
491 291
491 306
491 313
491 331
491 433
491 481
491 486
491 492
491 493
491 494
491 498
491 499
491 500
492 218
492 227
492 297
492 310
492 367
492 398
492 402
492 405
492 422
492 432
492 437
492 480
492 481
492 486
492 491
492 493
492 494
492 500
493 27
493 52
493 60
493 79
493 139
493 168
493 219
493 252
493 409
493 437
493 460
493 474
493 480
493 481
493 486
493 491
493 492
493 498
493 500
494 59
494 126
494 213
494 284
494 384
494 388
494 395
494 468
494 481
494 486
494 491
494 492
494 495
494 496
494 497
494 498
494 499
495 30
495 80
495 157
495 204
495 275
495 398
495 402
495 405
495 422
495 494
495 496
495 497
495 498
495 499
496 144
496 149
496 156
496 160
496 242
496 251
496 262
496 289
496 329
496 336
496 486
496 494
496 495
496 497
496 498
496 499
497 20
497 21
497 190
497 276
497 301
497 327
497 376
497 389
497 390
497 424
497 494
497 495
497 496
497 498
497 499
498 51
498 60
498 109
498 173
498 197
498 205
498 240
498 273
498 328
498 332
498 447
498 481
498 486
498 491
498 493
498 494
498 495
498 496
498 497
498 499
499 135
499 153
499 158
499 187
499 280
499 295
499 318
499 375
499 398
499 406
499 419
499 481
499 486
499 491
499 494
499 495
499 496
499 497
499 498
500 53
500 55
500 84
500 89
500 121
500 180
500 312
500 338
500 430
500 437
500 441
500 463
500 466
500 475
500 476
500 480
500 481
500 486
500 491
500 492
500 493
