1 12
1 13
1 15
1 19
1 114
2 6
2 30
2 263
2 306
2 483
3 4
3 8
3 267
3 351
3 493
4 3
4 8
4 322
4 413
4 485
5 8
5 351
5 426
5 436
5 445
6 2
6 14
6 247
6 301
6 426
7 9
7 23
7 321
7 431
7 480
8 3
8 4
8 5
8 10
8 460
9 7
9 23
9 67
9 110
9 186
10 8
10 12
10 13
10 37
10 464
11 33
11 34
11 73
11 90
11 462
12 1
12 10
12 13
12 84
12 391
13 1
13 10
13 12
13 15
13 48
14 6
14 23
14 361
14 464
14 481
15 1
15 13
15 16
15 21
15 96
16 15
16 19
16 20
16 21
16 59
17 56
17 153
17 194
17 195
17 401
18 118
18 143
18 228
18 345
18 460
19 1
19 16
19 20
19 21
19 140
20 16
20 19
20 21
20 24
20 495
21 15
21 16
21 19
21 20
21 24
22 24
22 230
22 264
22 394
22 495
23 7
23 9
23 14
23 271
23 361
24 20
24 21
24 22
24 264
24 499
25 26
25 264
25 360
25 410
25 421
26 25
26 28
26 421
26 493
26 500
27 30
27 119
27 242
27 403
27 447
28 26
28 264
28 421
28 470
28 496
29 99
29 372
29 381
29 421
29 487
30 2
30 27
30 32
30 263
30 440
31 37
31 233
31 372
31 381
31 441
32 30
32 315
32 330
32 348
32 435
33 11
33 38
33 90
33 103
33 417
34 11
34 38
34 54
34 90
34 211
35 37
35 47
35 372
35 381
35 468
36 76
36 91
36 95
36 104
36 470
37 10
37 31
37 35
37 41
37 47
38 33
38 34
38 308
38 318
38 373
39 40
39 42
39 366
39 394
39 400
40 39
40 42
40 266
40 440
40 474
41 37
41 47
41 90
41 346
41 365
42 39
42 40
42 180
42 206
42 329
43 214
43 216
43 217
43 286
43 319
44 46
44 253
44 387
44 423
44 479
45 200
45 259
45 275
45 451
45 481
46 44
46 50
46 134
46 454
46 497
47 35
47 37
47 41
47 346
47 359
48 13
48 280
48 320
48 346
48 432
49 280
49 388
49 456
49 468
49 490
50 46
50 162
50 229
50 231
50 496
51 60
51 320
51 325
51 399
51 489
52 345
52 372
52 406
52 447
52 497
53 55
53 57
53 351
53 356
53 493
54 34
54 55
54 222
54 334
54 494
55 53
55 54
55 281
55 296
55 368
56 17
56 195
56 196
56 198
56 482
57 53
57 58
57 62
57 415
57 434
58 57
58 61
58 255
58 278
58 364
59 16
59 60
59 280
59 320
59 405
60 51
60 59
60 280
60 320
60 381
61 58
61 62
61 65
61 141
61 454
62 57
62 61
62 65
62 235
62 337
63 66
63 68
63 77
63 280
63 332
64 111
64 112
64 113
64 114
64 450
65 61
65 62
65 67
65 183
65 291
66 63
66 68
66 72
66 431
66 445
67 9
67 65
67 78
67 116
67 253
68 63
68 66
68 71
68 72
68 472
69 145
69 150
69 382
69 427
69 477
69 499
70 126
70 224
70 346
70 365
70 491
71 68
71 72
71 88
71 224
71 380
72 66
72 68
72 71
72 224
72 488
73 11
73 75
73 81
73 224
73 474
74 124
74 161
74 187
74 203
74 204
75 73
75 78
75 79
75 81
75 85
76 36
76 152
76 191
76 225
76 272
77 63
77 253
77 281
77 389
77 416
78 67
78 75
78 80
78 116
78 157
79 75
79 81
79 85
79 380
79 473
80 78
80 116
80 153
80 179
80 456
81 73
81 75
81 79
81 85
81 119
82 89
82 383
82 464
82 467
82 489
83 84
83 239
83 396
83 436
83 465
84 12
84 83
84 239
84 264
84 366
85 75
85 79
85 81
85 239
85 350
86 87
86 88
86 93
86 132
86 478
87 86
87 88
87 93
87 111
87 147
88 71
88 86
88 87
88 93
88 94
89 82
89 154
89 174
89 204
89 212
90 11
90 33
90 34
90 41
90 447
91 36
91 218
91 402
91 458
91 478
92 108
92 109
92 259
92 275
92 435
93 86
93 87
93 88
93 94
93 100
94 88
94 93
94 96
94 97
94 161
95 36
95 103
95 105
95 311
95 435
96 15
96 94
96 97
96 147
96 390
97 94
97 96
97 98
97 156
97 404
98 97
98 99
98 112
98 256
98 328
99 29
99 98
99 256
99 328
99 364
100 93
100 275
100 364
100 385
100 432
101 102
101 275
101 364
101 371
101 372
102 101
102 275
102 328
102 364
102 404
103 33
103 95
103 105
103 163
103 471
104 36
104 105
104 163
104 351
104 468
105 95
105 103
105 104
105 380
105 453
106 115
106 149
106 200
106 458
106 462
107 110
107 115
107 294
107 390
107 496
108 92
108 259
108 335
108 494
108 498
109 92
109 111
109 259
109 355
109 489
110 9
110 107
110 115
110 447
110 487
111 64
111 87
111 109
111 112
111 113
112 64
112 98
112 111
112 259
112 375
113 64
113 111
113 120
113 133
113 387
114 1
114 64
114 117
114 118
114 120
115 106
115 107
115 110
115 490
115 496
116 67
116 78
116 80
116 347
116 495
117 114
117 118
117 120
117 248
117 379
118 18
118 114
118 117
118 248
118 434
119 27
119 81
119 122
119 130
119 400
120 113
120 114
120 117
120 121
120 248
121 120
121 124
121 314
121 342
121 414
122 119
122 130
122 343
122 386
122 401
123 128
123 134
123 201
123 382
123 421
124 74
124 121
124 248
124 314
124 342
125 168
125 228
125 279
125 327
125 345
126 70
126 127
126 129
126 131
126 491
127 126
127 129
127 131
127 342
127 457
128 123
128 134
128 355
128 380
128 453
129 126
129 127
129 131
129 175
129 314
130 119
130 122
130 134
130 149
130 200
131 126
131 127
131 129
131 135
131 142
132 86
132 133
132 135
132 352
132 465
133 113
133 132
133 135
133 295
133 445
134 46
134 123
134 128
134 130
134 454
135 131
135 132
135 133
135 166
135 295
136 140
136 292
136 339
136 457
136 491
137 144
137 188
137 190
137 231
137 488
138 139
138 182
138 212
138 330
138 494
139 138
139 212
139 281
139 374
139 379
140 19
140 136
140 292
140 339
140 437
141 61
141 142
141 148
141 284
141 326
142 131
142 141
142 284
142 339
142 377
143 18
143 179
143 228
143 345
143 487
144 137
144 231
144 287
144 295
144 485
145 69
145 146
145 150
145 181
145 382
145 427
146 145
146 150
146 151
146 160
146 352
146 440
147 87
147 96
147 239
147 321
147 407
147 473
148 141
148 164
148 284
148 292
148 424
148 442
149 106
149 130
149 154
149 215
149 284
149 494
150 69
150 145
150 146
150 160
150 191
150 382
151 146
151 160
151 274
151 427
151 440
151 459
152 76
152 196
152 222
152 223
152 225
152 436
153 17
153 80
153 192
153 193
153 194
153 195
154 89
154 149
154 215
154 273
154 284
154 493
155 158
155 162
155 215
155 450
155 452
155 461
156 97
156 246
156 247
156 249
156 250
156 254
157 78
157 188
157 193
157 198
157 200
157 460
158 155
158 159
158 162
158 197
158 390
158 477
159 158
159 162
159 164
159 394
159 426
159 488
160 146
160 150
160 151
160 229
160 415
160 440
161 74
161 94
161 199
161 201
161 202
161 500
162 50
162 155
162 158
162 159
162 164
162 232
163 103
163 104
163 218
163 288
163 464
163 489
164 148
164 159
164 162
164 167
164 279
164 420
165 168
165 170
165 172
165 302
165 427
165 477
166 135
166 331
166 365
166 375
166 391
166 414
167 164
167 179
167 254
167 279
167 319
167 453
168 125
168 165
168 170
168 172
168 415
168 440
169 289
169 301
169 312
169 376
169 379
169 383
170 165
170 168
170 172
170 395
170 407
170 415
171 176
171 327
171 345
171 362
171 396
171 426
172 165
172 168
172 170
172 292
172 415
172 420
173 204
173 205
173 227
173 306
173 380
173 441
174 89
174 175
174 265
174 287
174 288
174 492
175 129
175 174
175 218
175 287
175 288
175 297
176 171
176 180
176 228
176 309
176 327
176 495
177 252
177 398
177 399
177 420
177 434
177 477
178 189
178 313
178 382
178 398
178 399
178 420
179 80
179 143
179 167
179 279
179 391
179 464
180 42
180 176
180 183
180 184
180 327
180 429
181 145
181 233
181 238
181 240
181 241
181 244
182 138
182 199
182 253
182 281
182 342
182 446
183 65
183 180
183 184
183 228
183 446
183 462
184 180
184 183
184 193
184 275
184 316
184 327
185 189
185 192
185 343
185 399
185 420
185 489
186 9
186 229
186 263
186 386
186 441
186 455
187 74
187 203
187 205
187 227
187 426
187 457
188 137
188 157
188 200
188 332
188 479
188 486
189 178
189 185
189 192
189 318
189 324
189 398
190 137
190 200
190 231
190 237
190 251
190 327
191 76
191 150
191 225
191 226
191 272
191 338
192 153
192 185
192 189
192 208
192 324
192 398
193 153
193 157
193 184
193 194
193 198
193 472
194 17
194 153
194 193
194 223
194 397
194 466
195 17
195 56
195 153
195 216
195 429
195 473
196 56
196 152
196 198
196 218
196 421
196 449
197 158
197 198
197 201
197 339
197 390
197 495
198 56
198 157
198 193
198 196
198 197
198 201
199 161
199 182
199 201
199 202
199 431
199 488
200 45
200 106
200 130
200 157
200 188
200 190
201 123
201 161
201 197
201 198
201 199
201 234
202 161
202 199
202 245
202 293
202 418
202 494
203 74
203 187
203 252
203 353
203 482
203 498
204 74
204 89
204 173
204 227
204 273
204 310
205 173
205 187
205 206
205 207
205 227
205 347
206 42
206 205
206 211
206 227
206 306
206 384
207 205
207 211
207 213
207 262
207 286
207 289
208 192
208 209
208 210
208 221
208 324
208 363
209 208
209 210
209 221
209 324
209 455
209 495
210 208
210 209
210 221
210 233
210 242
210 324
211 34
211 206
211 207
211 222
211 286
211 306
212 89
212 138
212 139
212 429
212 450
212 472
213 207
213 286
213 323
213 411
213 481
213 494
214 43
214 216
214 385
214 434
214 443
214 444
215 149
215 154
215 155
215 465
215 489
215 493
216 43
216 195
216 214
216 295
216 384
216 472
217 43
217 219
217 220
217 318
217 333
217 492
218 91
218 163
218 175
218 196
218 317
218 436
219 217
219 220
219 222
219 318
219 399
219 443
220 217
220 219
220 222
220 254
220 318
220 319
221 208
221 209
221 210
221 233
221 324
221 441
222 54
222 152
222 211
222 219
222 220
222 223
223 152
223 194
223 222
223 225
223 397
223 491
224 70
224 71
224 72
224 73
224 380
224 491
225 76
225 152
225 191
225 223
225 317
225 401
226 191
226 236
226 272
226 338
226 421
226 498
227 173
227 187
227 204
227 205
227 206
227 264
228 18
228 125
228 143
228 176
228 183
228 412
229 50
229 160
229 186
229 253
229 263
229 281
230 22
230 264
230 421
230 426
230 445
230 490
231 50
231 137
231 144
231 190
231 232
231 450
232 162
232 231
232 234
232 235
232 272
232 338
233 31
233 181
233 210
233 221
233 241
233 500
234 201
234 232
234 235
234 236
234 237
234 350
235 62
235 232
235 234
235 236
235 337
235 338
236 226
236 234
236 235
236 237
236 317
236 421
237 190
237 234
237 236
237 317
237 345
237 491
238 181
238 240
238 241
238 242
238 244
238 449
239 83
239 84
239 85
239 147
239 349
239 476
239 497
240 181
240 238
240 242
240 244
240 344
240 475
240 499
241 181
241 233
241 238
241 242
241 395
241 415
241 484
242 27
242 210
242 238
242 240
242 241
242 244
242 245
243 313
243 315
243 333
243 340
243 361
243 398
243 491
244 181
244 238
244 240
244 242
244 245
244 248
244 365
245 202
245 242
245 244
245 272
245 366
245 405
245 441
246 156
246 247
246 249
246 250
246 366
246 422
246 484
247 6
247 156
247 246
247 366
247 405
247 431
247 441
248 117
248 118
248 120
248 124
248 244
248 314
248 345
249 156
249 246
249 250
249 315
249 439
249 463
249 487
250 156
250 246
250 249
250 307
250 404
250 405
250 458
251 190
251 254
251 255
251 257
251 327
251 404
251 420
252 177
252 203
252 311
252 326
252 377
252 439
252 475
253 44
253 67
253 77
253 182
253 229
253 263
253 292
254 156
254 167
254 220
254 251
254 255
254 257
254 404
255 58
255 251
255 254
255 257
255 261
255 404
255 420
256 98
256 99
256 328
256 349
256 437
256 451
256 465
257 251
257 254
257 255
257 261
257 314
257 404
257 430
258 265
258 358
258 369
258 422
258 424
258 439
258 456
259 45
259 92
259 108
259 109
259 112
259 270
259 499
260 261
260 266
260 267
260 268
260 454
260 499
261 255
261 257
261 260
261 266
261 300
261 357
261 404
262 207
262 289
262 301
262 310
262 312
262 425
262 482
263 2
263 30
263 186
263 229
263 253
263 280
263 495
264 22
264 24
264 25
264 28
264 84
264 227
264 230
265 174
265 258
265 283
265 300
265 369
265 439
265 456
266 40
266 260
266 261
266 267
266 268
266 269
266 306
267 3
267 260
267 266
267 269
267 456
267 462
267 491
268 260
268 266
268 269
268 381
268 404
268 433
268 465
269 266
269 267
269 268
269 270
269 271
269 325
269 404
270 259
270 269
270 271
270 273
270 274
270 344
270 442
271 23
271 269
271 270
271 273
271 274
271 442
271 448
272 76
272 191
272 226
272 232
272 245
272 305
272 338
273 154
273 204
273 270
273 271
273 274
273 442
273 477
274 151
274 270
274 271
274 273
274 277
274 419
274 442
275 45
275 92
275 100
275 101
275 102
275 184
275 363
276 283
276 300
276 336
276 337
276 419
276 439
276 480
277 274
277 282
277 290
277 411
277 442
277 456
277 458
278 58
278 282
278 285
278 411
278 424
278 460
278 469
279 125
279 164
279 167
279 179
279 405
279 440
279 446
280 48
280 49
280 59
280 60
280 63
280 263
280 336
281 55
281 77
281 139
281 182
281 229
281 334
281 442
282 277
282 278
282 285
282 349
282 402
282 411
282 492
283 265
283 276
283 300
283 337
283 369
283 469
283 497
284 141
284 142
284 148
284 149
284 154
284 410
284 498
285 278
285 282
285 291
285 401
285 411
285 428
285 482
286 43
286 207
286 211
286 213
286 306
286 388
286 418
287 144
287 174
287 175
287 288
287 297
287 414
287 415
288 163
288 174
288 175
288 287
288 297
288 320
288 340
289 169
289 207
289 262
289 301
289 312
289 334
289 376
290 277
290 304
290 307
290 308
290 309
290 316
290 406
291 65
291 285
291 293
291 299
291 447
291 462
291 486
292 136
292 140
292 148
292 172
292 253
292 295
292 339
293 202
293 291
293 294
293 296
293 299
293 302
293 305
294 107
294 293
294 296
294 299
294 302
294 442
294 458
295 133
295 135
295 144
295 216
295 292
295 311
295 459
296 55
296 293
296 294
296 299
296 302
296 357
296 440
297 175
297 287
297 288
297 317
297 446
297 475
297 500
298 319
298 323
298 341
298 343
298 355
298 357
298 394
299 291
299 293
299 294
299 296
299 302
299 303
299 422
300 261
300 265
300 276
300 283
300 337
300 369
300 439
301 6
301 169
301 262
301 289
301 376
301 379
301 433
302 165
302 293
302 294
302 296
302 299
302 304
302 493
303 299
303 305
303 333
303 340
303 348
303 377
303 389
304 290
304 302
304 307
304 308
304 416
304 430
304 438
305 272
305 293
305 303
305 348
305 379
305 389
305 398
306 2
306 173
306 206
306 211
306 266
306 286
306 312
307 250
307 290
307 304
307 308
307 309
307 399
307 413
308 38
308 290
308 304
308 307
308 309
308 316
308 367
309 176
309 290
309 307
309 308
309 316
309 495
309 497
310 204
310 262
310 311
310 312
310 376
310 449
310 466
310 493
311 95
311 252
311 295
311 310
311 326
311 352
311 377
311 435
312 169
312 262
312 289
312 306
312 310
312 416
312 473
312 474
313 178
313 243
313 315
313 325
313 329
313 356
313 361
313 450
314 121
314 124
314 129
314 248
314 257
314 318
314 342
314 430
315 32
315 243
315 249
315 313
315 329
315 340
315 361
315 492
316 184
316 290
316 308
316 309
316 319
316 363
316 394
316 419
317 218
317 225
317 236
317 237
317 297
317 343
317 348
317 381
318 38
318 189
318 217
318 219
318 220
318 314
318 458
318 493
319 43
319 167
319 220
319 298
319 316
319 323
319 343
319 394
320 48
320 51
320 59
320 60
320 288
320 340
320 346
320 495
321 7
321 147
321 331
321 332
321 349
321 365
321 391
321 480
322 4
322 325
322 330
322 347
322 355
322 356
322 386
322 453
323 213
323 298
323 319
323 343
323 357
323 394
323 447
323 478
324 189
324 192
324 208
324 209
324 210
324 221
324 328
324 485
325 51
325 269
325 313
325 322
325 330
325 347
325 356
325 413
326 141
326 252
326 311
326 352
326 362
326 364
326 377
326 486
327 125
327 171
327 176
327 180
327 184
327 190
327 251
327 398
328 98
328 99
328 102
328 256
328 324
328 364
328 427
328 485
329 42
329 313
329 315
329 331
329 356
329 427
329 459
329 471
330 32
330 138
330 322
330 325
330 347
330 355
330 357
330 386
331 166
331 321
331 329
331 335
331 375
331 385
331 390
331 459
332 63
332 188
332 321
332 334
332 388
332 440
332 445
332 483
333 217
333 243
333 303
333 340
333 348
333 361
333 389
333 492
334 54
334 281
334 289
334 332
334 365
334 388
334 391
334 426
335 108
335 331
335 375
335 385
335 387
335 390
335 393
335 485
336 276
336 280
336 337
336 341
336 350
336 369
336 456
336 495
337 62
337 235
337 276
337 283
337 300
337 336
337 341
337 350
338 191
338 226
338 232
338 235
338 272
338 356
338 382
338 432
339 136
339 140
339 142
339 197
339 292
339 403
339 482
339 484
340 243
340 288
340 303
340 315
340 320
340 333
340 361
340 389
341 298
341 336
341 337
341 350
341 353
341 354
341 380
341 418
342 121
342 124
342 127
342 182
342 314
342 408
342 474
342 494
343 122
343 185
343 298
343 317
343 319
343 323
343 357
343 394
344 240
344 270
344 392
344 400
344 401
344 458
344 464
344 485
345 18
345 52
345 125
345 143
345 171
345 237
345 248
345 485
346 41
346 47
346 48
346 70
346 320
346 421
346 426
346 488
347 116
347 205
347 322
347 325
347 330
347 356
347 386
347 442
348 32
348 303
348 305
348 317
348 333
348 376
348 389
348 421
349 239
349 256
349 282
349 321
349 365
349 375
349 391
349 437
350 85
350 234
350 336
350 337
350 341
350 353
350 354
350 418
351 3
351 5
351 53
351 104
351 417
351 426
351 445
351 468
352 132
352 146
352 311
352 326
352 377
352 385
352 390
352 442
353 203
353 341
353 350
353 354
353 358
353 418
353 428
353 498
354 341
354 350
354 353
354 358
354 359
354 378
354 415
354 418
355 109
355 128
355 298
355 322
355 330
355 357
355 413
355 463
356 53
356 313
356 322
356 325
356 329
356 338
356 347
356 432
357 261
357 296
357 298
357 323
357 330
357 343
357 355
357 411
358 258
358 353
358 354
358 359
358 360
358 368
358 418
358 432
359 47
359 354
359 358
359 360
359 368
359 374
359 407
359 418
360 25
360 358
360 359
360 362
360 368
360 374
360 418
360 458
361 14
361 23
361 243
361 313
361 315
361 333
361 340
361 448
362 171
362 326
362 360
362 368
362 374
362 383
362 480
362 490
363 208
363 275
363 316
363 373
363 393
363 414
363 447
363 465
363 496
364 58
364 99
364 100
364 101
364 102
364 326
364 328
364 446
364 475
365 41
365 70
365 166
365 244
365 321
365 334
365 349
365 391
365 402
366 39
366 84
366 245
366 246
366 247
366 394
366 405
366 441
366 448
367 308
367 371
367 373
367 384
367 397
367 409
367 466
367 469
367 493
368 55
368 358
368 359
368 360
368 362
368 372
368 374
368 383
368 411
369 258
369 265
369 283
369 300
369 336
369 428
369 439
369 456
369 482
370 402
370 433
370 434
370 435
370 437
370 453
370 454
370 481
370 489
371 101
371 367
371 384
371 397
371 409
371 416
371 442
371 466
371 493
372 29
372 31
372 35
372 52
372 101
372 368
372 381
372 411
372 490
373 38
373 363
373 367
373 375
373 393
373 414
373 422
373 447
373 465
374 139
374 359
374 360
374 362
374 368
374 383
374 446
374 467
374 476
375 112
375 166
375 331
375 335
375 349
375 373
375 393
375 400
375 500
376 169
376 289
376 301
376 310
376 348
376 377
376 379
376 381
376 465
377 142
377 252
377 303
377 311
377 326
377 352
377 376
377 460
377 461
378 354
378 383
378 393
378 403
378 406
378 407
378 410
378 414
378 446
379 117
379 139
379 169
379 301
379 305
379 376
379 386
379 465
379 496
380 71
380 79
380 105
380 128
380 173
380 224
380 341
380 388
380 487
381 29
381 31
381 35
381 60
381 268
381 317
381 372
381 376
381 483
382 69
382 123
382 145
382 150
382 178
382 338
382 427
382 464
382 466
383 82
383 169
383 362
383 368
383 374
383 378
383 446
383 455
383 459
384 206
384 216
384 367
384 371
384 397
384 409
384 416
384 466
384 493
385 100
385 214
385 331
385 335
385 352
385 387
385 390
385 439
385 466
386 122
386 186
386 322
386 330
386 347
386 379
386 394
386 420
386 463
387 44
387 113
387 335
387 385
387 390
387 392
387 436
387 473
387 480
388 49
388 286
388 332
388 334
388 380
388 418
388 445
388 496
388 499
389 77
389 303
389 305
389 333
389 340
389 348
389 433
389 469
389 477
390 96
390 107
390 158
390 197
390 331
390 335
390 352
390 385
390 387
391 12
391 166
391 179
391 321
391 334
391 349
391 365
391 426
391 496
392 344
392 387
392 395
392 422
392 423
392 424
392 435
392 437
392 449
392 477
393 335
393 363
393 373
393 375
393 378
393 399
393 414
393 427
393 448
393 465
394 22
394 39
394 159
394 298
394 316
394 319
394 323
394 343
394 366
394 386
395 170
395 241
395 392
395 414
395 435
395 437
395 449
395 473
395 477
395 497
396 83
396 171
396 417
396 431
396 432
396 436
396 450
396 460
396 475
396 492
397 194
397 223
397 367
397 371
397 384
397 407
397 409
397 416
397 466
397 493
398 177
398 178
398 189
398 192
398 243
398 305
398 327
398 399
398 420
398 491
399 51
399 177
399 178
399 185
399 219
399 307
399 393
399 398
399 415
399 420
400 39
400 119
400 344
400 375
400 401
400 427
400 447
400 458
400 464
400 500
401 17
401 122
401 225
401 285
401 344
401 400
401 447
401 458
401 464
401 465
402 91
402 282
402 365
402 370
402 413
402 433
402 453
402 454
402 460
402 481
403 27
403 339
403 378
403 406
403 407
403 410
403 446
403 460
403 472
403 488
404 97
404 102
404 250
404 251
404 254
404 255
404 257
404 261
404 268
404 269
405 59
405 245
405 247
405 250
405 279
405 366
405 440
405 454
405 473
405 489
406 52
406 290
406 378
406 403
406 407
406 410
406 425
406 433
406 446
406 493
407 147
407 170
407 359
407 378
407 397
407 403
407 406
407 410
407 476
407 499
408 342
408 412
408 423
408 445
408 452
408 475
408 481
408 485
408 491
408 495
409 367
409 371
409 384
409 397
409 416
409 431
409 463
409 466
409 490
409 496
410 25
410 284
410 378
410 403
410 406
410 407
410 414
410 446
410 471
410 480
411 213
411 277
411 278
411 282
411 285
411 357
411 368
411 372
411 415
411 442
412 228
412 408
412 419
412 423
412 425
412 481
412 483
412 484
412 496
412 500
413 4
413 307
413 325
413 355
413 402
413 417
413 433
413 436
413 455
413 460
413 487
414 121
414 166
414 287
414 363
414 373
414 378
414 393
414 395
414 410
414 465
414 499
415 57
415 160
415 168
415 170
415 172
415 241
415 287
415 354
415 399
415 411
415 440
416 77
416 304
416 312
416 371
416 384
416 397
416 409
416 431
416 455
416 466
416 479
417 33
417 351
417 396
417 413
417 432
417 436
417 450
417 455
417 460
417 471
417 498
418 202
418 286
418 341
418 350
418 353
418 354
418 358
418 359
418 360
418 388
418 444
419 274
419 276
419 316
419 412
419 423
419 425
419 444
419 457
419 474
419 483
419 490
420 164
420 172
420 177
420 178
420 185
420 251
420 255
420 386
420 398
420 399
420 444
421 25
421 26
421 28
421 29
421 123
421 196
421 226
421 230
421 236
421 346
421 348
422 246
422 258
422 299
422 373
422 392
422 424
422 439
422 449
422 456
422 477
422 484
423 44
423 392
423 408
423 412
423 419
423 425
423 473
423 481
423 483
423 491
423 495
424 148
424 258
424 278
424 392
424 422
424 444
424 449
424 458
424 473
424 477
424 492
425 262
425 406
425 412
425 419
425 423
425 433
425 444
425 457
425 472
425 474
425 483
426 5
426 6
426 159
426 171
426 187
426 230
426 334
426 346
426 351
426 391
426 445
427 69
427 145
427 151
427 165
427 328
427 329
427 382
427 393
427 400
427 443
427 464
428 285
428 353
428 369
428 429
428 438
428 448
428 469
428 480
428 482
428 489
428 493
428 498
429 180
429 195
429 212
429 428
429 430
429 443
429 457
429 459
429 462
429 472
429 474
429 489
430 257
430 304
430 314
430 429
430 437
430 443
430 444
430 457
430 462
430 472
430 474
430 483
431 7
431 66
431 199
431 247
431 396
431 409
431 416
431 432
431 450
431 455
431 465
431 466
432 48
432 100
432 338
432 356
432 358
432 396
432 417
432 431
432 436
432 450
432 455
432 460
433 268
433 301
433 370
433 389
433 402
433 406
433 413
433 425
433 434
433 453
433 454
433 492
434 57
434 118
434 177
434 214
434 370
434 433
434 435
434 437
434 439
434 453
434 454
434 473
435 32
435 92
435 95
435 311
435 370
435 392
435 395
435 434
435 437
435 454
435 473
435 477
436 5
436 83
436 152
436 218
436 387
436 396
436 413
436 417
436 432
436 450
436 455
436 460
437 140
437 256
437 349
437 370
437 392
437 395
437 430
437 434
437 435
437 449
437 451
437 473
438 304
438 428
438 443
438 448
438 458
438 459
438 469
438 480
438 483
438 486
438 489
438 493
439 249
439 252
439 258
439 265
439 276
439 300
439 369
439 385
439 422
439 434
439 456
439 466
440 30
440 40
440 146
440 151
440 160
440 168
440 279
440 296
440 332
440 405
440 415
440 489
441 31
441 173
441 186
441 221
441 245
441 247
441 366
441 452
441 453
441 464
441 489
441 500
442 148
442 270
442 271
442 273
442 274
442 277
442 281
442 294
442 347
442 352
442 371
442 411
443 214
443 219
443 427
443 429
443 430
443 438
443 448
443 459
443 462
443 480
443 485
443 489
444 214
444 418
444 419
444 420
444 424
444 425
444 430
444 457
444 462
444 472
444 474
444 483
445 5
445 66
445 133
445 230
445 332
445 351
445 388
445 408
445 426
445 447
445 478
445 494
446 182
446 183
446 279
446 297
446 364
446 374
446 378
446 383
446 403
446 406
446 410
446 455
446 500
447 27
447 52
447 90
447 110
447 291
447 323
447 363
447 373
447 400
447 401
447 445
447 464
447 465
448 271
448 361
448 366
448 393
448 428
448 438
448 443
448 451
448 459
448 469
448 480
448 489
448 493
449 196
449 238
449 310
449 392
449 395
449 422
449 424
449 437
449 456
449 473
449 477
449 480
449 498
450 64
450 155
450 212
450 231
450 313
450 396
450 417
450 431
450 432
450 436
450 453
450 455
450 466
451 45
451 256
451 437
451 448
451 463
451 467
451 470
451 484
451 486
451 494
451 496
451 497
451 500
452 155
452 408
452 441
452 460
452 471
452 472
452 475
452 481
452 482
452 485
452 486
452 491
452 495
453 105
453 128
453 167
453 322
453 370
453 402
453 433
453 434
453 441
453 450
453 454
453 469
453 494
454 46
454 61
454 134
454 260
454 370
454 402
454 405
454 433
454 434
454 435
454 453
454 483
454 491
455 186
455 209
455 383
455 413
455 416
455 417
455 431
455 432
455 436
455 446
455 450
455 460
455 500
456 49
456 80
456 258
456 265
456 267
456 277
456 336
456 369
456 422
456 439
456 449
456 470
456 495
457 127
457 136
457 187
457 419
457 425
457 429
457 430
457 444
457 467
457 472
457 474
457 483
457 497
458 91
458 106
458 250
458 277
458 294
458 318
458 344
458 360
458 400
458 401
458 424
458 438
458 464
459 151
459 295
459 329
459 331
459 383
459 429
459 438
459 443
459 448
459 462
459 469
459 480
459 489
460 8
460 18
460 157
460 278
460 377
460 396
460 402
460 403
460 413
460 417
460 432
460 436
460 452
460 455
461 155
461 377
461 468
461 472
461 476
461 478
461 479
461 484
461 487
461 488
461 490
461 492
461 496
461 499
462 11
462 106
462 183
462 267
462 291
462 429
462 430
462 443
462 444
462 459
462 472
462 474
462 483
462 497
463 249
463 355
463 386
463 409
463 451
463 467
463 470
463 484
463 485
463 486
463 490
463 494
463 497
463 500
464 10
464 14
464 82
464 163
464 179
464 344
464 382
464 400
464 401
464 427
464 441
464 447
464 458
464 481
465 83
465 132
465 215
465 256
465 268
465 363
465 373
465 376
465 379
465 393
465 401
465 414
465 431
465 447
466 194
466 310
466 367
466 371
466 382
466 384
466 385
466 397
466 409
466 416
466 431
466 439
466 450
466 493
467 82
467 374
467 451
467 457
467 463
467 470
467 476
467 484
467 486
467 490
467 494
467 496
467 497
467 500
468 35
468 49
468 104
468 351
468 461
468 476
468 478
468 479
468 487
468 488
468 490
468 492
468 496
468 497
469 278
469 283
469 367
469 389
469 428
469 438
469 448
469 453
469 459
469 470
469 477
469 480
469 489
469 493
470 28
470 36
470 451
470 456
470 463
470 467
470 469
470 477
470 486
470 490
470 494
470 496
470 497
470 500
471 103
471 329
471 410
471 417
471 452
471 475
471 480
471 481
471 482
471 484
471 485
471 486
471 491
471 495
472 68
472 193
472 212
472 216
472 403
472 425
472 429
472 430
472 444
472 452
472 457
472 461
472 462
472 474
472 483
473 79
473 147
473 195
473 312
473 387
473 395
473 405
473 423
473 424
473 434
473 435
473 437
473 449
473 477
473 499
474 40
474 73
474 312
474 342
474 419
474 425
474 429
474 430
474 444
474 457
474 462
474 472
474 479
474 483
474 486
475 240
475 252
475 297
475 364
475 396
475 408
475 452
475 471
475 481
475 482
475 484
475 485
475 491
475 495
475 500
476 239
476 374
476 407
476 461
476 467
476 468
476 478
476 479
476 487
476 488
476 490
476 492
476 496
476 497
476 499
477 69
477 158
477 165
477 177
477 273
477 389
477 392
477 395
477 422
477 424
477 435
477 449
477 469
477 470
477 473
478 86
478 91
478 323
478 445
478 461
478 468
478 476
478 479
478 487
478 488
478 492
478 494
478 498
478 499
479 44
479 188
479 416
479 461
479 468
479 474
479 476
479 478
479 486
479 487
479 488
479 492
479 498
479 499
480 7
480 276
480 321
480 362
480 387
480 410
480 428
480 438
480 443
480 448
480 449
480 459
480 469
480 471
480 489
480 493
481 14
481 45
481 213
481 370
481 402
481 408
481 412
481 423
481 452
481 464
481 471
481 475
481 482
481 489
481 491
481 495
482 56
482 203
482 262
482 285
482 339
482 369
482 428
482 452
482 471
482 475
482 481
482 484
482 485
482 491
482 494
482 495
483 2
483 332
483 381
483 412
483 419
483 423
483 425
483 430
483 438
483 444
483 454
483 457
483 462
483 472
483 474
483 486
484 241
484 246
484 339
484 412
484 422
484 451
484 461
484 463
484 467
484 471
484 475
484 482
484 485
484 486
484 491
484 494
485 4
485 144
485 324
485 328
485 335
485 344
485 345
485 408
485 443
485 452
485 463
485 471
485 475
485 482
485 484
485 486
485 494
486 188
486 291
486 326
486 438
486 451
486 452
486 463
486 467
486 470
486 471
486 474
486 479
486 483
486 484
486 485
486 494
486 495
487 29
487 110
487 143
487 249
487 380
487 413
487 461
487 468
487 476
487 478
487 479
487 488
487 490
487 492
487 496
487 497
487 500
488 72
488 137
488 159
488 199
488 346
488 403
488 461
488 468
488 476
488 478
488 479
488 487
488 490
488 492
488 498
488 499
489 51
489 82
489 109
489 163
489 185
489 215
489 370
489 405
489 428
489 429
489 438
489 440
489 441
489 443
489 448
489 459
489 469
489 480
489 481
490 49
490 115
490 230
490 362
490 372
490 409
490 419
490 461
490 463
490 467
490 468
490 470
490 476
490 487
490 488
490 492
490 496
490 497
490 500
491 70
491 126
491 136
491 223
491 224
491 237
491 243
491 267
491 398
491 408
491 423
491 452
491 454
491 471
491 475
491 481
491 482
491 484
491 495
492 174
492 217
492 282
492 315
492 333
492 396
492 424
492 433
492 461
492 468
492 476
492 478
492 479
492 487
492 488
492 490
492 496
492 497
492 500
493 3
493 26
493 53
493 154
493 215
493 302
493 310
493 318
493 367
493 371
493 384
493 397
493 406
493 428
493 438
493 448
493 466
493 469
493 480
493 497
494 54
494 108
494 138
494 149
494 202
494 213
494 342
494 445
494 451
494 453
494 463
494 467
494 470
494 478
494 482
494 484
494 485
494 486
494 497
494 500
495 20
495 22
495 116
495 176
495 197
495 209
495 263
495 309
495 320
495 336
495 408
495 423
495 452
495 456
495 471
495 475
495 481
495 482
495 486
495 491
496 28
496 50
496 107
496 115
496 363
496 379
496 388
496 391
496 409
496 412
496 451
496 461
496 467
496 468
496 470
496 476
496 487
496 490
496 492
496 497
496 500
497 46
497 52
497 239
497 283
497 309
497 395
497 451
497 457
497 462
497 463
497 467
497 468
497 470
497 476
497 487
497 490
497 492
497 493
497 494
497 496
497 500
498 108
498 203
498 226
498 284
498 353
498 417
498 428
498 449
498 478
498 479
498 488
498 499
499 24
499 69
499 240
499 259
499 260
499 388
499 407
499 414
499 461
499 473
499 476
499 478
499 479
499 488
499 498
500 26
500 161
500 233
500 297
500 375
500 400
500 412
500 441
500 446
500 451
500 455
500 463
500 467
500 470
500 475
500 487
500 490
500 492
500 494
500 496
500 497
