1 185
1 230
1 291
1 335
1 375
2 3
2 415
2 490
2 495
2 496
3 2
3 4
3 229
3 235
3 306
4 3
4 5
4 28
4 89
4 306
5 4
5 7
5 8
5 50
5 245
6 82
6 83
6 85
6 448
6 487
7 5
7 8
7 306
7 417
7 489
8 5
8 7
8 172
8 394
8 452
9 16
9 194
9 291
9 442
9 449
10 28
10 30
10 230
10 442
10 449
11 12
11 19
11 339
11 346
11 349
12 11
12 18
12 339
12 346
12 478
13 193
13 195
13 197
13 326
13 429
14 29
14 92
14 219
14 220
14 344
15 105
15 263
15 271
15 451
15 481
16 9
16 78
16 194
16 424
16 482
17 21
17 81
17 309
17 402
17 407
18 12
18 22
18 76
18 339
18 483
19 11
19 22
19 27
19 349
19 430
20 26
20 126
20 350
20 388
20 455
21 17
21 194
21 309
21 353
21 444
22 18
22 19
22 23
22 27
22 496
23 22
23 27
23 37
23 299
23 314
24 25
24 230
24 280
24 495
24 496
25 24
25 230
25 267
25 280
25 369
26 20
26 126
26 133
26 190
26 388
27 19
27 22
27 23
27 37
27 126
28 4
28 10
28 30
28 203
28 411
29 14
29 170
29 205
29 260
29 403
30 10
30 28
30 33
30 204
30 284
31 262
31 264
31 265
31 270
31 287
32 33
32 34
32 44
32 497
33 30
33 32
33 44
33 54
33 72
34 32
34 44
34 257
34 324
34 360
35 36
35 38
35 334
35 405
35 462
36 35
36 38
36 62
36 87
36 480
37 23
37 27
37 299
37 422
37 445
38 35
38 36
38 44
38 239
38 487
39 76
39 279
39 285
39 294
39 333
40 43
40 67
40 422
40 449
40 464
41 45
41 50
41 53
41 60
41 100
42 98
42 110
42 111
42 114
42 244
43 40
43 46
43 299
43 422
43 498
44 32
44 33
44 34
44 38
44 489
45 41
45 50
45 53
45 208
45 310
46 43
46 51
46 347
46 369
46 435
47 180
47 181
47 184
47 304
47 478
48 213
48 214
48 216
48 217
48 242
49 64
49 119
49 190
49 204
49 239
50 5
50 41
50 45
50 53
50 245
51 46
51 52
51 336
51 369
51 435
52 51
52 55
52 58
52 482
52 494
53 41
53 45
53 50
53 228
53 233
54 33
54 65
54 70
54 75
54 225
55 52
55 58
55 369
55 435
55 500
56 59
56 60
56 71
56 156
56 371
57 79
57 112
57 273
57 276
57 357
58 52
58 55
58 61
58 74
58 497
59 56
59 60
59 71
59 111
59 212
60 41
60 56
60 59
60 71
60 269
61 58
61 74
61 169
61 420
61 427
62 36
62 63
62 247
62 332
62 345
63 62
63 116
63 128
63 285
63 302
64 49
64 65
64 234
64 290
64 302
65 54
65 64
65 66
65 116
65 356
66 65
66 69
66 72
66 488
66 490
67 40
67 68
67 73
67 399
67 416
68 67
68 73
68 399
68 456
68 474
69 66
69 72
69 77
69 101
69 362
70 54
70 75
70 242
70 274
70 460
71 56
71 59
71 60
71 102
71 498
72 33
72 66
72 69
72 356
72 454
73 67
73 68
73 74
73 133
73 399
74 58
74 61
74 73
74 218
74 399
75 54
75 70
75 83
75 205
75 235
76 18
76 39
76 279
76 287
76 447
77 69
77 274
77 301
77 338
77 439
78 16
78 81
78 225
78 280
78 460
79 57
79 80
79 215
79 472
79 480
80 79
80 215
80 294
80 429
80 466
81 17
81 78
81 215
81 240
81 294
82 6
82 83
82 220
82 328
82 499
83 6
83 75
83 82
83 215
83 306
84 91
84 166
84 170
84 303
84 352
85 6
85 87
85 340
85 354
85 425
86 195
86 197
86 198
86 241
86 295
87 36
87 85
87 88
87 319
87 332
88 87
88 91
88 116
88 388
88 450
89 4
89 203
89 303
89 402
89 487
90 94
90 191
90 399
90 438
90 466
91 84
91 88
91 233
91 303
91 409
92 14
92 218
92 344
92 414
92 488
93 106
93 138
93 164
93 165
93 406
94 90
94 104
94 191
94 465
94 489
95 97
95 100
95 187
95 357
95 428
96 104
96 106
96 140
96 191
96 496
97 95
97 100
97 230
97 264
97 473
98 42
98 100
98 162
98 210
98 303
99 136
99 137
99 139
99 140
99 500
100 41
100 95
100 97
100 98
100 225
101 69
101 103
101 109
101 278
101 330
102 71
102 247
102 345
102 381
102 465
103 101
103 109
103 223
103 302
103 465
104 94
104 96
104 106
104 191
104 213
105 15
105 107
105 202
105 295
105 386
106 93
106 96
106 104
106 108
106 191
107 105
107 142
107 153
107 203
107 207
108 106
108 113
108 121
108 408
108 478
109 101
109 103
109 263
109 308
109 483
110 42
110 114
110 231
110 361
110 418
111 42
111 59
111 165
111 192
111 477
112 57
112 244
112 273
112 411
112 427
113 108
113 121
113 175
113 408
113 489
114 42
114 110
114 134
114 192
114 232
115 117
115 167
115 192
115 408
115 491
116 63
116 65
116 88
116 302
116 447
117 115
117 118
117 192
117 328
117 395
118 117
118 352
118 403
118 424
118 454
119 49
119 147
119 257
119 272
119 451
120 123
120 193
120 217
120 292
120 479
121 108
121 113
121 176
121 408
121 435
122 127
122 292
122 444
122 492
122 496
123 120
123 127
123 238
123 292
123 499
124 132
124 174
124 317
124 477
124 480
125 151
125 158
125 161
125 169
125 286
126 20
126 26
126 27
126 133
126 388
127 122
127 123
127 129
127 163
127 377
128 63
128 129
128 254
128 269
128 484
129 127
129 128
129 255
129 269
129 363
130 131
130 312
130 323
130 472
130 499
131 130
131 134
131 139
131 224
131 398
132 124
132 317
132 388
132 431
132 492
133 26
133 73
133 126
133 135
133 350
134 114
134 131
134 139
134 232
134 269
135 133
135 141
135 350
135 364
135 490
136 99
136 262
136 401
136 430
136 450
137 99
137 378
137 381
137 458
137 496
138 93
138 164
138 166
138 264
138 298
139 99
139 131
139 134
139 331
139 404
140 96
140 99
140 143
140 377
140 435
141 135
141 146
141 148
141 350
141 449
142 107
142 146
142 148
142 350
142 351
143 140
143 145
143 267
143 280
143 403
144 205
144 259
144 261
144 437
144 484
144 497
145 143
145 267
145 306
145 397
145 468
146 141
146 142
146 148
146 151
146 452
147 119
147 149
147 150
147 267
147 451
148 141
148 142
148 146
148 151
148 498
149 147
149 150
149 267
149 323
149 472
150 147
150 149
150 152
150 183
150 253
151 125
151 146
151 148
151 158
151 168
152 150
152 154
152 155
152 320
152 446
153 107
153 202
153 207
153 287
153 374
154 152
154 155
154 321
154 335
154 428
155 152
155 154
155 156
155 415
155 461
156 56
156 155
156 157
156 159
156 235
157 156
157 159
157 185
157 422
157 476
158 125
158 151
158 161
158 169
158 191
159 156
159 157
159 160
159 323
159 401
160 159
160 162
160 430
160 443
160 497
161 125
161 158
161 169
161 472
161 482
162 98
162 160
162 163
162 178
162 383
163 127
163 162
163 164
163 347
163 352
164 93
164 138
164 163
164 458
164 461
165 93
165 111
165 167
165 317
165 357
166 84
166 138
166 167
166 294
166 457
167 115
167 165
167 166
167 193
167 489
168 151
168 225
168 294
168 382
168 422
169 61
169 125
169 158
169 161
169 171
170 29
170 84
170 260
170 261
170 262
170 457
171 169
171 172
171 174
171 382
171 400
171 433
172 8
172 171
172 174
172 176
172 398
172 441
173 196
173 285
173 375
173 434
173 435
173 487
174 124
174 171
174 172
174 176
174 477
174 481
175 113
175 246
175 266
175 278
175 333
175 357
176 121
176 172
176 174
176 182
176 421
176 472
177 179
177 182
177 369
177 429
177 436
177 466
178 162
178 185
178 252
178 256
178 347
178 375
179 177
179 182
179 258
179 304
179 368
179 499
180 47
180 183
180 184
180 304
180 484
180 489
181 47
181 183
181 368
181 440
181 492
181 496
182 176
182 177
182 179
182 183
182 200
182 304
183 150
183 180
183 181
183 182
183 184
183 320
184 47
184 180
184 183
184 239
184 320
184 471
185 1
185 157
185 178
185 291
185 306
185 347
186 190
186 196
186 225
186 226
186 287
186 458
187 95
187 188
187 192
187 320
187 360
187 448
188 187
188 189
188 320
188 355
188 360
188 498
189 188
189 193
189 320
189 360
189 484
189 489
190 26
190 49
190 186
190 285
190 287
190 293
191 90
191 94
191 96
191 104
191 106
191 158
192 111
192 114
192 115
192 117
192 187
192 428
193 13
193 120
193 167
193 189
193 195
193 360
194 9
194 16
194 21
194 389
194 401
194 466
195 13
195 86
195 193
195 198
195 297
195 479
196 173
196 186
196 239
196 456
196 474
196 475
197 13
197 86
197 198
197 437
197 452
197 460
198 86
198 195
198 197
198 200
198 355
198 498
199 227
199 393
199 424
199 444
199 447
199 451
200 182
200 198
200 201
200 253
200 295
200 386
201 200
201 295
201 386
201 399
201 427
201 497
202 105
202 153
202 302
202 317
202 386
202 451
203 28
203 89
203 107
203 207
203 374
203 456
204 30
204 49
204 272
204 284
204 425
204 426
205 29
205 75
205 144
205 259
205 261
205 361
206 219
206 220
206 222
206 339
206 344
206 482
207 107
207 153
207 203
207 208
207 289
207 374
208 45
208 207
208 211
208 212
208 374
208 474
209 211
209 212
209 374
209 382
209 400
209 495
210 98
210 215
210 319
210 330
210 340
210 352
211 208
211 209
211 212
211 213
211 311
211 463
212 59
212 208
212 209
212 211
212 213
212 333
213 48
213 104
213 211
213 212
213 214
213 481
214 48
214 213
214 217
214 236
214 263
214 403
215 79
215 80
215 81
215 83
215 210
215 475
216 48
216 217
216 218
216 405
216 432
216 462
217 48
217 120
217 214
217 216
217 218
217 325
218 74
218 92
218 216
218 217
218 400
218 443
219 14
219 206
219 220
219 399
219 427
219 493
220 14
220 82
220 206
220 219
220 344
220 499
221 251
221 361
221 362
221 389
221 396
221 411
222 206
222 224
222 229
222 399
222 427
222 496
223 103
223 281
223 289
223 326
223 328
223 458
224 131
224 222
224 229
224 231
224 377
224 455
225 54
225 78
225 100
225 168
225 186
225 284
226 186
226 279
226 293
226 323
226 324
226 417
227 199
227 248
227 256
227 367
227 393
227 447
228 53
228 238
228 271
228 272
228 380
228 486
229 3
229 222
229 224
229 371
229 377
229 476
230 1
230 10
230 24
230 25
230 97
230 280
231 110
231 224
231 377
231 416
231 472
231 497
232 114
232 134
232 233
232 237
232 240
232 241
233 53
233 91
233 232
233 237
233 241
233 465
234 64
234 238
234 239
234 272
234 282
234 446
235 3
235 75
235 156
235 274
235 412
235 472
236 214
236 390
236 391
236 395
236 404
236 405
237 232
237 233
237 241
237 282
237 340
237 377
238 123
238 228
238 234
238 263
238 271
238 499
239 38
239 49
239 184
239 196
239 234
239 487
240 81
240 232
240 241
240 377
240 436
240 488
241 86
241 232
241 233
241 237
241 240
241 431
242 48
242 70
242 296
242 408
242 464
242 486
243 245
243 246
243 290
243 426
243 464
243 480
244 42
244 112
244 268
244 270
244 293
244 473
245 5
245 50
245 243
245 246
245 296
245 350
246 175
246 243
246 245
246 249
246 296
246 494
247 62
247 102
247 302
247 440
247 444
247 483
248 227
248 256
248 424
248 438
248 447
248 469
249 246
249 251
249 253
249 296
249 412
249 477
250 284
250 290
250 331
250 373
250 382
250 455
251 221
251 249
251 253
251 254
251 255
251 387
252 178
252 291
252 347
252 375
252 457
252 476
253 150
253 200
253 249
253 251
253 254
253 485
254 128
254 251
254 253
254 255
254 258
254 261
255 129
255 251
255 254
255 258
255 388
255 400
256 178
256 227
256 248
256 282
256 283
256 387
257 34
257 119
257 301
257 379
257 380
257 428
258 179
258 254
258 255
258 422
258 468
258 499
259 144
259 205
259 260
259 380
259 445
259 488
260 29
260 170
260 259
260 261
260 381
260 396
261 144
261 170
261 205
261 254
261 260
261 447
262 31
262 136
262 170
262 264
262 430
262 446
263 15
263 109
263 214
263 238
263 387
263 469
264 31
264 97
264 138
264 262
264 268
264 426
265 31
265 268
265 311
265 434
265 440
265 463
266 175
266 278
266 279
266 333
266 456
266 475
267 25
267 143
267 145
267 147
267 149
267 453
268 244
268 264
268 265
268 270
268 341
268 436
269 60
269 128
269 129
269 134
269 475
269 490
270 31
270 244
270 268
270 417
270 476
270 484
271 15
271 228
271 238
271 309
271 393
271 445
272 119
272 204
272 228
272 234
272 448
272 459
273 57
273 112
273 276
273 379
273 395
273 413
274 70
274 77
274 235
274 389
274 464
274 472
275 277
275 303
275 357
275 391
275 392
275 455
276 57
276 273
276 277
276 315
276 463
276 484
277 275
277 276
277 278
277 309
277 357
277 360
278 101
278 175
278 266
278 277
278 357
278 432
279 39
279 76
279 226
279 266
279 333
279 484
280 24
280 25
280 78
280 143
280 230
280 309
281 223
281 289
281 328
281 331
281 396
281 464
281 482
282 234
282 237
282 256
282 283
282 286
282 387
282 447
283 256
283 282
283 286
283 292
283 387
283 423
283 493
284 30
284 204
284 225
284 250
284 289
284 290
284 382
285 39
285 63
285 173
285 190
285 287
285 333
285 458
286 125
286 282
286 283
286 288
286 307
286 377
286 387
287 31
287 76
287 153
287 186
287 190
287 285
287 352
288 286
288 300
288 307
288 308
288 337
288 387
288 410
289 207
289 223
289 281
289 284
289 328
289 331
289 473
290 64
290 243
290 250
290 284
290 382
290 384
290 426
291 1
291 9
291 185
291 252
291 337
291 358
291 454
292 120
292 122
292 123
292 283
292 379
292 423
292 425
293 190
293 226
293 244
293 323
293 324
293 383
293 394
294 39
294 80
294 81
294 166
294 168
294 331
294 424
295 86
295 105
295 200
295 201
295 386
295 448
295 459
296 242
296 245
296 246
296 249
296 341
296 453
296 497
297 195
297 301
297 312
297 327
297 329
297 336
297 410
298 138
298 342
298 343
298 346
298 353
298 355
298 482
299 23
299 37
299 43
299 386
299 422
299 488
299 500
300 288
300 307
300 308
300 310
300 405
300 462
300 473
301 77
301 257
301 297
301 335
301 356
301 439
301 479
302 63
302 64
302 103
302 116
302 202
302 247
302 333
303 84
303 89
303 91
303 98
303 275
303 392
303 493
304 47
304 179
304 180
304 182
304 368
304 384
304 414
305 318
305 321
305 322
305 325
305 406
305 476
305 477
306 3
306 4
306 7
306 83
306 145
306 185
306 416
307 286
307 288
307 300
307 308
307 310
307 314
307 364
308 109
308 288
308 300
308 307
308 310
308 387
308 428
309 17
309 21
309 271
309 277
309 280
309 419
309 485
310 45
310 300
310 307
310 308
310 311
310 428
310 474
311 211
311 265
311 310
311 313
311 314
311 428
311 433
312 130
312 297
312 379
312 380
312 391
312 404
312 481
313 311
313 314
313 315
313 375
313 428
313 433
313 438
314 23
314 307
314 311
314 313
314 315
314 316
314 433
315 276
315 313
315 314
315 316
315 428
315 433
315 463
316 314
316 315
316 321
316 322
316 433
316 459
316 471
317 124
317 132
317 165
317 202
317 388
317 408
317 496
318 305
318 321
318 322
318 325
318 343
318 420
318 463
319 87
319 210
319 325
319 330
319 340
319 344
319 352
320 152
320 183
320 184
320 187
320 188
320 189
320 473
321 154
321 305
321 316
321 318
321 322
321 325
321 428
322 305
322 316
322 318
322 321
322 325
322 359
322 494
323 130
323 149
323 159
323 226
323 293
323 324
323 326
324 34
324 226
324 293
324 323
324 326
324 362
324 395
325 217
325 305
325 318
325 319
325 321
325 322
325 458
326 13
326 223
326 323
326 324
326 329
326 336
326 350
327 297
327 329
327 399
327 442
327 500
328 82
328 117
328 223
328 281
328 289
328 340
328 432
329 297
329 326
329 327
329 336
329 411
329 488
329 490
330 101
330 210
330 319
330 379
330 408
330 453
330 497
331 139
331 250
331 281
331 289
331 294
331 420
331 479
332 62
332 87
332 342
332 421
332 451
332 458
332 477
333 39
333 175
333 212
333 266
333 279
333 285
333 302
334 35
334 345
334 375
334 381
334 397
334 426
334 468
335 1
335 154
335 301
335 346
335 380
335 466
335 487
336 51
336 297
336 326
336 329
336 405
336 437
336 477
337 288
337 291
337 364
337 372
337 402
337 410
337 434
337 439
338 77
338 345
338 381
338 384
338 460
338 468
339 11
339 12
339 18
339 206
339 346
339 349
339 452
339 460
340 85
340 210
340 237
340 319
340 328
340 352
340 450
340 494
341 268
341 296
341 395
341 400
341 403
341 411
341 426
341 493
342 298
342 332
342 376
342 386
342 421
342 458
342 477
342 500
343 298
343 318
343 353
343 372
343 420
343 458
343 459
343 477
344 14
344 92
344 206
344 220
344 319
344 367
344 388
344 408
345 62
345 102
345 334
345 338
345 381
345 384
345 422
345 431
346 11
346 12
346 298
346 335
346 339
346 349
346 420
346 446
347 46
347 163
347 178
347 185
347 252
347 375
347 492
347 494
348 354
348 373
348 374
348 383
348 398
348 423
348 442
348 443
349 11
349 19
349 339
349 346
349 371
349 444
349 446
349 478
350 20
350 133
350 135
350 141
350 142
350 245
350 326
350 465
351 142
351 371
351 400
351 403
351 420
351 442
351 446
351 449
352 84
352 118
352 163
352 210
352 287
352 319
352 340
352 419
353 21
353 298
353 343
353 355
353 421
353 430
353 444
353 478
354 85
354 348
354 373
354 383
354 398
354 423
354 442
354 465
355 188
355 198
355 298
355 353
355 356
355 358
355 405
355 430
356 65
356 72
356 301
356 355
356 358
356 421
356 430
356 475
357 57
357 95
357 165
357 175
357 275
357 277
357 278
357 472
358 291
358 355
358 356
358 363
358 378
358 430
358 450
358 454
359 322
359 365
359 370
359 394
359 398
359 417
359 480
359 494
360 34
360 187
360 188
360 189
360 193
360 277
360 445
360 500
361 110
361 205
361 221
361 362
361 389
361 396
361 404
361 416
362 69
362 221
362 324
362 361
362 389
362 396
362 397
362 432
363 129
363 358
363 366
363 376
363 378
363 382
363 400
363 500
364 135
364 307
364 337
364 372
364 384
364 402
364 429
364 434
365 359
365 366
365 370
365 394
365 398
365 417
365 456
365 480
366 363
366 365
366 376
366 378
366 456
366 464
366 475
366 477
367 227
367 344
367 414
367 415
367 419
367 432
367 437
367 444
368 179
368 181
368 304
368 413
368 445
368 464
368 482
369 25
369 46
369 51
369 55
369 177
369 422
369 435
369 453
370 359
370 365
370 394
370 398
370 417
370 480
371 56
371 229
371 349
371 351
371 403
371 420
371 423
371 446
372 337
372 343
372 364
372 402
372 420
372 425
372 434
372 464
373 250
373 348
373 354
373 423
373 442
373 455
373 465
373 488
374 153
374 203
374 207
374 208
374 209
374 348
374 430
374 443
375 1
375 173
375 178
375 252
375 313
375 334
375 347
375 438
376 342
376 363
376 366
376 378
376 386
376 430
376 464
376 500
377 127
377 140
377 224
377 229
377 231
377 237
377 240
377 286
378 137
378 358
378 363
378 366
378 376
378 417
378 464
378 489
379 257
379 273
379 292
379 312
379 330
379 380
379 413
379 421
380 228
380 257
380 259
380 312
380 335
380 379
380 393
380 419
381 102
381 137
381 260
381 334
381 338
381 345
381 402
381 404
382 168
382 171
382 209
382 250
382 284
382 290
382 363
382 421
383 162
383 293
383 348
383 354
383 423
383 442
383 465
383 488
384 290
384 304
384 338
384 345
384 364
384 397
384 414
384 437
385 389
385 392
385 397
385 429
385 452
385 459
385 471
385 487
385 495
386 105
386 200
386 201
386 202
386 295
386 299
386 342
386 376
386 500
387 251
387 256
387 263
387 282
387 283
387 286
387 288
387 308
387 447
388 20
388 26
388 88
388 126
388 132
388 255
388 317
388 344
388 408
389 194
389 221
389 274
389 361
389 362
389 385
389 392
389 396
389 401
390 236
390 391
390 395
390 404
390 405
390 450
390 454
390 466
390 494
391 236
391 275
391 312
391 390
391 404
391 439
391 451
391 478
391 499
392 275
392 303
392 385
392 389
392 397
392 429
392 446
392 474
392 481
393 199
393 227
393 271
393 380
393 419
393 424
393 447
393 451
393 452
394 8
394 293
394 359
394 365
394 370
394 398
394 406
394 417
394 480
395 117
395 236
395 273
395 324
395 341
395 390
395 411
395 426
395 432
396 221
396 260
396 281
396 361
396 362
396 389
396 397
396 402
396 480
397 145
397 334
397 362
397 384
397 385
397 392
397 396
397 429
397 468
398 131
398 172
398 348
398 354
398 359
398 365
398 370
398 394
398 406
399 67
399 68
399 73
399 74
399 90
399 201
399 219
399 222
399 327
400 171
400 209
400 218
400 255
400 341
400 351
400 363
400 403
400 411
400 426
401 136
401 159
401 194
401 389
401 412
401 418
401 456
401 476
401 480
401 484
402 17
402 89
402 337
402 364
402 372
402 381
402 396
402 433
402 434
402 464
403 29
403 118
403 143
403 214
403 341
403 351
403 371
403 400
403 424
403 426
404 139
404 236
404 312
404 361
404 381
404 390
404 391
404 405
404 409
404 486
405 35
405 216
405 236
405 300
405 336
405 355
405 390
405 404
405 433
405 438
406 93
406 305
406 394
406 398
406 417
406 418
406 467
406 474
406 476
406 480
407 17
407 409
407 410
407 431
407 454
407 462
407 468
407 473
407 487
407 493
408 108
408 113
408 115
408 121
408 242
408 317
408 330
408 344
408 388
408 446
409 91
409 404
409 407
409 431
409 454
409 462
409 468
409 479
409 487
409 497
410 288
410 297
410 337
410 407
410 431
410 440
410 448
410 454
410 462
410 487
411 28
411 112
411 221
411 329
411 341
411 395
411 400
411 426
411 488
411 490
412 235
412 249
412 401
412 418
412 437
412 450
412 456
412 476
412 477
412 484
413 273
413 368
413 379
413 416
413 421
413 427
413 432
413 465
413 466
413 472
414 92
414 304
414 367
414 384
414 415
414 419
414 432
414 444
414 477
414 484
415 2
415 155
415 367
415 414
415 419
415 437
415 444
415 456
415 461
415 480
416 67
416 231
416 306
416 361
416 413
416 427
416 452
416 466
416 472
416 488
417 7
417 226
417 270
417 359
417 365
417 370
417 378
417 394
417 406
417 480
418 110
418 401
418 406
418 412
418 456
418 469
418 476
418 484
418 492
418 495
419 309
419 352
419 367
419 380
419 393
419 414
419 415
419 437
419 444
419 476
420 61
420 318
420 331
420 343
420 346
420 351
420 371
420 372
420 446
420 459
421 176
421 332
421 342
421 353
421 356
421 379
421 382
421 413
421 458
421 477
422 37
422 40
422 43
422 157
422 168
422 258
422 299
422 345
422 369
422 426
422 431
423 283
423 292
423 348
423 354
423 371
423 373
423 383
423 442
423 455
423 465
423 488
424 16
424 118
424 199
424 248
424 294
424 393
424 403
424 451
424 452
424 455
424 490
425 85
425 204
425 292
425 372
425 438
425 439
425 445
425 449
425 459
425 473
425 482
426 204
426 243
426 264
426 290
426 334
426 341
426 395
426 400
426 403
426 411
426 422
427 61
427 112
427 201
427 219
427 222
427 413
427 416
427 451
427 452
427 462
427 466
428 95
428 154
428 192
428 257
428 308
428 310
428 311
428 313
428 315
428 321
428 433
429 13
429 80
429 177
429 364
429 385
429 392
429 397
429 434
429 441
429 465
429 466
430 19
430 136
430 160
430 262
430 353
430 355
430 356
430 358
430 374
430 376
430 470
431 132
431 241
431 345
431 407
431 409
431 410
431 422
431 440
431 448
431 454
431 487
432 216
432 278
432 328
432 362
432 367
432 395
432 413
432 414
432 437
432 468
432 472
433 171
433 311
433 313
433 314
433 315
433 316
433 402
433 405
433 428
433 458
433 480
434 173
434 265
434 337
434 364
434 372
434 402
434 429
434 435
434 447
434 464
434 491
435 46
435 51
435 55
435 121
435 140
435 173
435 369
435 434
435 479
435 483
435 491
436 177
436 240
436 268
436 438
436 439
436 440
436 441
436 448
436 449
436 473
436 489
436 493
437 144
437 197
437 336
437 367
437 384
437 412
437 415
437 419
437 432
437 444
437 450
437 477
438 90
438 248
438 313
438 375
438 405
438 425
438 436
438 439
438 441
438 449
438 482
438 489
439 77
439 301
439 337
439 391
439 425
439 436
439 438
439 441
439 449
439 481
439 482
439 489
440 181
440 247
440 265
440 410
440 431
440 436
440 441
440 448
440 454
440 483
440 489
440 491
441 172
441 429
441 436
441 438
441 439
441 440
441 448
441 449
441 466
441 489
442 9
442 10
442 327
442 348
442 351
442 354
442 373
442 383
442 423
442 460
442 465
442 469
443 160
443 218
443 348
443 374
443 453
443 463
443 467
443 475
443 481
443 494
443 495
443 496
444 21
444 122
444 199
444 247
444 349
444 353
444 367
444 414
444 415
444 419
444 437
444 450
445 37
445 259
445 271
445 360
445 368
445 425
445 455
445 459
445 460
445 469
445 473
445 482
446 152
446 234
446 262
446 346
446 349
446 351
446 371
446 392
446 408
446 420
446 473
446 493
447 76
447 116
447 199
447 227
447 248
447 261
447 282
447 387
447 393
447 434
447 483
447 491
448 6
448 187
448 272
448 295
448 410
448 431
448 436
448 440
448 441
448 454
448 471
448 489
449 9
449 10
449 40
449 141
449 351
449 425
449 436
449 438
449 439
449 441
449 482
449 489
450 88
450 136
450 340
450 358
450 390
450 412
450 437
450 444
450 454
450 456
450 476
450 484
451 15
451 119
451 147
451 199
451 202
451 332
451 391
451 393
451 424
451 427
451 452
451 466
452 8
452 146
452 197
452 339
452 385
452 393
452 416
452 424
452 427
452 451
452 460
452 466
453 267
453 296
453 330
453 369
453 443
453 461
453 463
453 467
453 483
453 494
453 495
453 496
453 497
454 72
454 118
454 291
454 358
454 390
454 407
454 409
454 410
454 431
454 440
454 448
454 450
454 487
455 20
455 224
455 250
455 275
455 373
455 423
455 424
455 445
455 459
455 460
455 469
455 473
455 488
456 68
456 196
456 203
456 266
456 365
456 366
456 401
456 412
456 415
456 418
456 450
456 476
456 484
457 166
457 170
457 252
457 467
457 471
457 475
457 476
457 478
457 481
457 485
457 492
457 495
457 499
458 137
458 164
458 186
458 223
458 285
458 325
458 332
458 342
458 343
458 421
458 433
458 461
458 477
459 272
459 295
459 316
459 343
459 385
459 420
459 425
459 445
459 455
459 460
459 469
459 473
459 482
460 70
460 78
460 197
460 338
460 339
460 442
460 445
460 452
460 455
460 459
460 469
460 473
460 488
461 155
461 164
461 415
461 453
461 458
461 470
461 474
461 479
461 480
461 483
461 490
461 496
461 500
462 35
462 216
462 300
462 407
462 409
462 410
462 427
462 465
462 468
462 470
462 487
462 490
462 497
462 498
463 211
463 265
463 276
463 315
463 318
463 443
463 453
463 467
463 475
463 478
463 481
463 494
463 495
463 496
464 40
464 242
464 243
464 274
464 281
464 366
464 368
464 372
464 376
464 378
464 402
464 434
464 482
465 94
465 102
465 103
465 233
465 350
465 354
465 373
465 383
465 413
465 423
465 429
465 442
465 462
465 488
466 80
466 90
466 177
466 194
466 335
466 390
466 413
466 416
466 427
466 429
466 441
466 451
466 452
466 472
467 406
467 443
467 453
467 457
467 463
467 469
467 470
467 471
467 475
467 478
467 481
467 492
467 494
467 495
468 145
468 258
468 334
468 338
468 397
468 407
468 409
468 432
468 462
468 470
468 474
468 487
468 490
468 497
469 248
469 263
469 418
469 442
469 445
469 455
469 459
469 460
469 467
469 470
469 473
469 485
469 488
469 495
470 430
470 461
470 462
470 467
470 468
470 469
470 474
470 479
470 483
470 485
470 490
470 496
470 497
471 184
471 316
471 385
471 448
471 457
471 467
471 478
471 481
471 485
471 487
471 492
471 495
471 499
471 500
472 79
472 130
472 149
472 161
472 176
472 231
472 235
472 274
472 357
472 413
472 416
472 432
472 466
472 494
472 497
473 97
473 244
473 289
473 300
473 320
473 407
473 425
473 436
473 445
473 446
473 455
473 459
473 460
473 469
473 482
474 68
474 196
474 208
474 310
474 392
474 406
474 461
474 468
474 470
474 476
474 479
474 483
474 490
474 496
474 497
475 196
475 215
475 266
475 269
475 356
475 366
475 443
475 457
475 463
475 467
475 478
475 481
475 494
475 495
475 499
476 157
476 229
476 252
476 270
476 305
476 401
476 406
476 412
476 418
476 419
476 450
476 456
476 457
476 474
476 484
477 111
477 124
477 174
477 249
477 305
477 332
477 336
477 342
477 343
477 366
477 412
477 414
477 421
477 437
477 458
478 12
478 47
478 108
478 349
478 353
478 391
478 457
478 463
478 467
478 471
478 475
478 481
478 492
478 495
478 499
479 120
479 195
479 301
479 331
479 409
479 435
479 461
479 470
479 474
479 483
479 486
479 490
479 495
479 496
479 497
480 36
480 79
480 124
480 243
480 359
480 365
480 370
480 394
480 396
480 401
480 406
480 415
480 417
480 433
480 461
481 15
481 174
481 213
481 312
481 392
481 439
481 443
481 457
481 463
481 467
481 471
481 475
481 478
481 494
481 495
482 16
482 52
482 161
482 206
482 281
482 298
482 368
482 425
482 438
482 439
482 445
482 449
482 459
482 464
482 473
483 18
483 109
483 247
483 435
483 440
483 447
483 453
483 461
483 470
483 474
483 479
483 490
483 491
483 496
483 497
484 128
484 144
484 180
484 189
484 270
484 276
484 279
484 401
484 412
484 414
484 418
484 450
484 456
484 476
484 489
485 253
485 309
485 457
485 469
485 470
485 471
485 486
485 491
485 492
485 493
485 498
485 499
485 500
486 228
486 242
486 404
486 479
486 485
486 491
486 492
486 493
486 498
486 499
486 500
487 6
487 38
487 89
487 173
487 239
487 335
487 385
487 407
487 409
487 410
487 431
487 454
487 462
487 468
487 471
488 66
488 92
488 240
488 259
488 299
488 329
488 373
488 383
488 411
488 416
488 423
488 455
488 460
488 465
488 469
488 490
489 7
489 44
489 94
489 113
489 167
489 180
489 189
489 378
489 436
489 438
489 439
489 440
489 441
489 448
489 449
489 484
490 2
490 66
490 135
490 269
490 329
490 411
490 424
490 461
490 462
490 468
490 470
490 474
490 479
490 483
490 488
490 497
491 115
491 434
491 435
491 440
491 447
491 483
491 485
491 486
491 492
491 493
491 498
491 499
491 500
492 122
492 132
492 181
492 347
492 418
492 457
492 467
492 471
492 478
492 485
492 486
492 491
492 493
492 495
492 498
492 499
492 500
493 219
493 283
493 303
493 341
493 407
493 436
493 446
493 485
493 486
493 491
493 492
493 498
493 499
493 500
494 52
494 246
494 322
494 340
494 347
494 359
494 390
494 443
494 453
494 463
494 467
494 472
494 475
494 481
494 495
494 496
494 499
495 2
495 24
495 209
495 385
495 418
495 443
495 453
495 457
495 463
495 467
495 469
495 471
495 475
495 478
495 479
495 481
495 492
495 494
496 2
496 22
496 24
496 96
496 122
496 137
496 181
496 222
496 317
496 443
496 453
496 461
496 463
496 470
496 474
496 479
496 483
496 494
497 32
497 58
497 144
497 160
497 201
497 231
497 296
497 330
497 409
497 453
497 462
497 468
497 470
497 472
497 474
497 479
497 483
497 490
498 43
498 71
498 148
498 188
498 198
498 462
498 485
498 486
498 491
498 492
498 493
498 500
499 82
499 123
499 130
499 179
499 220
499 238
499 258
499 391
499 457
499 471
499 475
499 478
499 485
499 486
499 491
499 492
499 493
499 494
499 500
500 55
500 99
500 299
500 327
500 342
500 360
500 363
500 376
500 386
500 461
500 471
500 485
500 486
500 491
500 492
500 493
500 498
500 499
