1 143
1 189
1 264
1 375
1 379
2 20
2 415
2 469
2 470
2 490
3 56
3 229
3 264
3 288
3 443
4 27
4 108
4 336
4 341
4 409
5 236
5 245
5 328
5 437
5 489
6 54
6 85
6 272
6 441
6 487
7 232
7 306
7 378
7 417
7 429
8 42
8 121
8 250
8 452
8 467
9 244
9 291
9 297
9 327
9 442
10 16
10 30
10 230
10 442
10 449
11 66
11 216
11 396
11 433
11 499
12 75
12 346
12 351
12 444
12 472
13 197
13 271
13 304
13 429
13 465
14 36
14 92
14 219
14 283
14 387
15 77
15 105
15 301
15 463
15 494
16 10
16 39
16 78
16 461
16 482
17 322
17 402
17 407
17 426
17 493
18 98
18 229
18 339
18 431
18 483
19 123
19 349
19 430
19 435
19 498
20 2
20 23
20 350
20 455
20 463
21 108
21 194
21 407
21 419
21 478
22 53
22 132
22 201
22 407
22 492
23 20
23 307
23 358
23 382
23 387
24 374
24 379
24 467
24 489
24 492
25 307
25 453
25 457
25 458
25 497
26 133
26 190
26 292
26 348
26 352
27 4
27 59
27 107
27 386
27 427
28 114
28 158
28 252
28 411
28 448
29 170
29 205
29 263
29 403
29 418
30 10
30 204
30 243
30 423
30 495
31 270
31 287
31 321
31 350
31 393
32 82
32 249
32 267
32 437
32 453
33 60
33 200
33 312
33 439
33 440
34 324
34 360
34 432
34 444
34 473
35 176
35 198
35 334
35 420
35 498
36 14
36 227
36 395
36 480
36 499
37 200
37 316
37 320
37 353
37 393
38 40
38 44
38 260
38 371
38 487
39 16
39 196
39 285
39 365
39 455
40 38
40 47
40 90
40 449
40 464
41 269
41 365
41 431
41 480
41 493
42 8
42 111
42 293
42 363
42 487
43 148
43 218
43 299
43 365
43 443
44 38
44 73
44 124
44 425
44 484
45 84
45 133
45 161
45 406
45 416
46 213
46 275
46 327
46 380
46 454
47 40
47 184
47 405
47 426
47 478
48 216
48 246
48 350
48 434
48 452
49 204
49 359
49 370
49 454
49 495
50 221
50 367
50 387
50 400
50 485
51 299
51 336
51 380
51 393
51 476
52 243
52 317
52 456
52 482
52 494
53 22
53 375
53 404
53 471
53 479
54 6
54 65
54 213
54 225
54 328
55 148
55 356
55 369
55 435
55 500
56 3
56 371
56 438
56 445
56 474
57 112
57 276
57 329
57 357
57 480
58 324
58 447
58 451
58 471
58 497
59 27
59 103
59 202
59 209
59 212
60 33
60 100
60 167
60 269
60 350
61 82
61 375
61 420
61 427
61 476
62 82
62 87
62 214
62 345
62 362
63 236
63 285
63 323
63 374
63 491
64 181
64 282
64 290
64 302
64 340
65 54
65 116
65 455
65 481
65 496
66 11
66 220
66 300
66 488
66 490
67 255
67 316
67 416
67 424
67 432
68 351
68 357
68 370
68 456
68 474
69 207
69 324
69 378
69 395
69 453
70 238
70 274
70 335
70 339
70 452
71 102
71 315
71 376
71 421
71 498
72 192
72 213
72 301
72 319
72 454
73 44
73 80
73 293
73 416
73 499
74 128
74 313
74 348
74 455
74 496
75 12
75 110
75 235
75 361
75 494
76 244
76 287
76 364
76 412
76 447
77 15
77 338
77 424
77 448
77 481
78 16
78 225
78 424
78 454
78 460
79 199
79 212
79 459
79 472
79 480
80 73
80 294
80 368
80 429
80 466
81 240
81 339
81 372
81 446
81 491
82 32
82 61
82 62
82 328
82 499
83 215
83 306
83 361
83 439
83 498
84 45
84 303
84 352
84 476
84 498
85 6
85 179
85 292
85 340
85 425
86 132
86 267
86 295
86 341
86 405
87 62
87 88
87 258
87 273
87 319
88 87
88 319
88 388
88 419
88 450
89 104
89 232
89 402
89 437
89 487
90 40
90 399
90 438
90 463
90 466
91 228
91 297
91 329
91 373
91 474
92 14
92 103
92 199
92 414
92 488
93 165
93 217
93 384
93 406
93 410
94 136
94 326
94 349
94 475
94 489
95 154
95 336
95 357
95 401
95 428
96 206
96 341
96 377
96 483
96 496
97 121
97 199
97 342
97 413
97 473
98 18
98 210
98 303
98 403
98 455
99 140
99 415
99 436
99 450
99 500
100 60
100 141
100 171
100 475
100 494
101 175
101 214
101 278
101 330
101 432
102 71
102 247
102 345
102 350
102 381
103 59
103 92
103 223
103 302
103 326
104 89
104 215
104 239
104 439
104 449
105 15
105 107
105 161
105 295
105 386
106 191
106 300
106 413
106 439
106 479
107 27
107 105
107 183
107 203
107 459
108 4
108 21
108 323
108 447
108 470
109 148
109 251
109 308
109 483
109 485
110 75
110 416
110 418
110 424
110 467
111 42
111 398
111 458
111 461
111 477
112 57
112 197
112 244
112 411
112 427
113 160
113 175
113 255
113 425
113 489
114 28
114 347
114 355
114 414
114 430
115 167
115 322
115 408
115 461
115 491
116 65
116 158
116 171
116 217
116 447
117 192
117 328
117 395
117 417
117 477
118 143
118 154
118 352
118 403
118 454
119 142
119 174
119 257
119 272
119 391
120 193
120 344
120 406
120 479
120 492
121 8
121 97
121 229
121 341
121 435
122 269
122 292
122 444
122 470
122 496
123 19
123 220
123 452
123 468
123 499
124 44
124 281
124 356
124 477
124 480
125 140
125 146
125 169
125 308
125 353
126 133
126 149
126 388
126 412
126 457
127 163
127 284
127 377
127 410
127 423
128 74
128 435
128 441
128 447
128 484
129 313
129 382
129 397
129 400
129 481
130 312
130 389
130 437
130 472
130 499
131 326
131 394
131 398
131 432
131 453
132 22
132 86
132 409
132 474
132 492
133 26
133 45
133 126
133 231
133 462
134 191
134 269
134 400
134 437
134 486
135 141
135 178
135 271
135 364
135 490
136 94
136 374
136 401
136 430
136 450
137 378
137 381
137 458
137 496
137 499
138 166
138 255
138 379
138 421
138 439
139 331
139 387
139 404
139 462
139 491
140 99
140 125
140 286
140 435
140 466
141 100
141 135
141 355
141 449
141 450
142 119
142 185
142 350
142 351
142 385
143 1
143 118
143 207
143 294
143 425
144 170
144 178
144 261
144 437
144 484
145 217
145 306
145 397
145 411
145 468
146 125
146 182
146 197
146 363
146 459
147 267
147 434
147 446
147 451
147 481
148 43
148 55
148 109
148 220
148 320
149 126
149 274
149 444
149 472
149 475
150 183
150 203
150 223
150 253
150 332
151 168
151 176
151 303
151 364
151 472
152 320
152 382
152 446
152 490
152 492
153 287
153 321
153 374
153 443
153 473
154 95
154 118
154 287
154 321
154 335
155 161
155 307
155 457
155 461
155 480
156 283
156 331
156 371
156 440
156 472
157 241
157 279
157 431
157 463
157 476
158 28
158 116
158 208
158 322
158 485
159 184
159 323
159 472
159 479
159 492
160 113
160 427
160 430
160 443
160 497
161 45
161 105
161 155
161 401
161 482
162 178
162 224
162 383
162 417
162 480
163 127
163 347
163 352
163 492
163 500
164 276
164 347
164 413
164 458
164 461
165 93
165 278
165 357
165 396
165 480
166 138
166 195
166 294
166 474
166 476
167 60
167 115
167 359
167 388
167 489
168 151
168 294
168 382
168 402
168 422
169 125
169 172
169 208
169 229
169 347
170 29
170 144
170 262
170 305
170 339
170 474
171 100
171 116
171 307
171 363
171 382
171 433
172 169
172 373
172 398
172 441
172 498
172 500
173 375
173 435
173 463
173 483
173 487
173 491
174 119
174 402
174 449
174 460
174 477
174 481
175 101
175 113
175 246
175 333
175 357
175 465
176 35
176 151
176 346
176 421
176 472
176 479
177 369
177 384
177 429
177 436
177 449
177 466
178 135
178 144
178 162
178 185
178 426
178 435
179 85
179 198
179 342
179 367
179 495
179 499
180 231
180 270
180 304
180 367
180 408
180 484
181 64
181 368
181 440
181 467
181 495
181 499
182 146
182 183
182 200
182 459
182 474
182 498
183 107
183 150
183 182
183 275
183 447
183 500
184 47
184 159
184 400
184 448
184 471
184 488
185 142
185 178
185 306
185 336
185 347
185 431
186 196
186 225
186 226
186 458
186 484
186 497
187 192
187 308
187 422
187 428
187 448
187 495
188 198
188 226
188 239
188 266
188 412
188 462
189 1
189 226
189 320
189 422
189 484
189 486
190 26
190 285
190 293
190 331
190 450
190 483
191 106
191 134
191 394
191 417
191 449
191 468
192 72
192 117
192 187
192 410
192 428
192 486
193 120
193 325
193 360
193 376
193 465
193 473
194 21
194 323
194 389
194 397
194 466
194 492
195 166
195 233
195 379
195 479
195 490
195 499
196 39
196 186
196 366
196 456
196 474
196 484
197 13
197 112
197 146
197 437
197 460
197 465
198 35
198 179
198 188
198 286
198 461
198 476
199 79
199 92
199 97
199 410
199 478
199 482
200 33
200 37
200 182
200 253
200 441
200 464
201 22
201 222
201 314
201 427
201 429
201 497
202 59
202 205
202 402
202 441
202 443
202 451
203 107
203 150
203 232
203 456
203 477
203 489
204 30
204 49
204 218
204 292
204 423
204 426
205 29
205 202
205 231
205 365
205 385
205 416
206 96
206 222
206 339
206 344
206 367
206 482
207 69
207 143
207 208
207 221
207 275
207 476
208 158
208 169
208 207
208 251
208 407
208 457
209 59
209 255
209 363
209 374
209 462
209 495
210 98
210 346
210 372
210 416
210 475
210 492
211 265
211 415
211 434
211 460
211 463
211 500
212 59
212 79
212 284
212 357
212 454
212 493
213 46
213 54
213 72
213 444
213 475
213 478
214 62
214 101
214 251
214 263
214 403
214 451
215 83
215 104
215 223
215 266
215 475
215 491
216 11
216 48
216 405
216 432
216 459
216 478
217 93
217 116
217 145
217 328
217 408
217 486
218 43
218 204
218 262
218 390
218 400
218 443
219 14
219 256
219 324
219 399
219 427
219 493
220 66
220 123
220 148
220 258
220 306
220 307
221 50
221 207
221 225
221 334
221 411
221 446
222 201
222 206
222 242
222 325
222 399
222 496
223 103
223 150
223 215
223 289
223 458
223 465
224 162
224 319
224 320
224 335
224 394
224 494
225 54
225 78
225 186
225 221
225 284
225 475
226 186
226 188
226 189
226 323
226 386
226 489
227 36
227 344
227 393
227 416
227 430
227 482
228 91
228 233
228 271
228 272
228 380
228 496
229 3
229 18
229 121
229 169
229 283
229 476
230 10
230 264
230 280
230 335
230 340
230 468
231 133
231 180
231 205
231 445
231 472
231 497
232 7
232 89
232 203
232 344
232 418
232 425
233 195
233 228
233 413
233 431
233 465
233 468
234 237
234 238
234 338
234 444
234 446
234 450
235 75
235 351
235 354
235 371
235 412
235 472
236 5
236 63
236 383
236 395
236 442
236 496
237 234
237 263
237 355
237 421
237 437
237 494
238 70
238 234
238 263
238 332
238 378
238 499
239 104
239 188
239 295
239 448
239 471
239 489
240 81
240 377
240 410
240 428
240 473
240 488
241 157
241 383
241 422
241 466
241 498
241 500
242 222
242 408
242 452
242 460
242 464
242 486
243 30
243 52
243 422
243 426
243 464
243 480
244 9
244 76
244 112
244 442
244 455
244 473
245 5
245 247
245 263
245 266
245 350
245 359
246 48
246 175
246 354
246 362
246 376
246 494
247 102
247 245
247 302
247 444
247 483
247 491
248 321
248 424
248 438
248 460
248 469
248 498
249 32
249 251
249 296
249 414
249 471
249 477
250 8
250 252
250 290
250 398
250 456
250 464
251 109
251 208
251 214
251 249
251 316
251 486
252 28
252 250
252 291
252 457
252 459
252 474
253 150
253 200
253 409
253 457
253 470
253 485
254 258
254 264
254 404
254 434
254 491
254 495
255 67
255 113
255 138
255 209
255 388
255 400
256 219
256 280
256 316
256 426
256 440
256 454
257 119
257 301
257 362
257 428
257 440
257 475
258 87
258 220
258 254
258 422
258 468
258 500
259 316
259 380
259 403
259 419
259 481
259 488
260 38
260 267
260 381
260 396
260 492
260 498
261 144
261 315
261 318
261 435
261 447
261 487
262 170
262 218
262 333
262 374
262 446
262 487
263 29
263 214
263 237
263 238
263 245
263 469
264 1
264 3
264 230
264 254
264 381
264 426
265 211
265 276
265 308
265 434
265 440
265 476
266 188
266 215
266 245
266 279
266 456
266 494
267 32
267 86
267 147
267 260
267 402
267 497
268 270
268 289
268 305
268 341
268 452
268 486
269 41
269 60
269 122
269 134
269 463
269 490
270 31
270 180
270 268
270 375
270 476
270 489
271 13
271 135
271 228
271 380
271 393
271 445
272 6
272 119
272 228
272 381
272 448
272 499
273 87
273 379
273 395
273 413
273 479
273 483
274 70
274 149
274 447
274 464
274 465
274 472
275 46
275 183
275 207
275 391
275 446
275 455
276 57
276 164
276 265
276 385
276 463
276 484
277 293
277 301
277 360
277 445
277 448
277 486
278 101
278 165
278 395
278 396
278 431
278 491
279 157
279 266
279 322
279 417
279 473
279 489
280 230
280 256
280 309
280 310
280 403
280 424
281 124
281 331
281 332
281 396
281 398
281 464
281 482
282 64
282 394
282 405
282 412
282 437
282 447
282 494
283 14
283 156
283 229
283 391
283 436
283 493
283 497
284 127
284 212
284 225
284 289
284 354
284 423
284 493
285 39
285 63
285 190
285 333
285 414
285 434
285 458
286 140
286 198
286 287
286 288
286 383
286 393
286 498
287 31
287 76
287 153
287 154
287 286
287 436
287 482
288 3
288 286
288 289
288 297
288 333
288 387
288 409
289 223
289 268
289 284
289 288
289 320
289 378
289 468
290 64
290 250
290 300
290 311
290 345
290 391
290 422
291 9
291 252
291 337
291 347
291 374
291 454
291 462
292 26
292 85
292 122
292 204
292 367
292 379
292 425
293 42
293 73
293 190
293 277
293 394
293 455
293 481
294 80
294 143
294 166
294 168
294 331
294 388
294 424
295 86
295 105
295 239
295 370
295 385
295 424
295 446
296 249
296 341
296 369
296 399
296 412
296 453
296 480
297 9
297 91
297 288
297 305
297 312
297 326
297 478
298 325
298 346
298 355
298 421
298 423
298 482
298 486
299 43
299 51
299 358
299 363
299 386
299 488
299 500
300 66
300 106
300 290
300 355
300 453
300 473
300 498
301 15
301 72
301 257
301 277
301 421
301 451
301 479
302 64
302 103
302 247
302 317
302 348
302 381
302 493
303 84
303 98
303 151
303 436
303 457
303 473
303 493
304 13
304 180
304 329
304 437
304 477
304 478
304 491
305 170
305 268
305 297
305 438
305 470
305 476
305 477
306 7
306 83
306 145
306 185
306 220
306 361
306 494
307 23
307 25
307 155
307 171
307 220
307 314
307 338
308 109
308 125
308 187
308 265
308 360
308 387
308 464
309 280
309 360
309 419
309 445
309 450
309 459
309 485
310 280
310 330
310 406
310 471
310 476
310 480
310 481
311 290
311 315
311 370
311 400
311 463
311 474
311 481
312 33
312 130
312 297
312 391
312 404
312 413
312 428
313 74
313 129
313 333
313 359
313 375
313 377
313 438
314 201
314 307
314 358
314 364
314 380
314 466
314 486
315 71
315 261
315 311
315 428
315 443
315 463
315 495
316 37
316 67
316 251
316 256
316 259
316 433
316 471
317 52
317 302
317 325
317 333
317 388
317 408
317 496
318 261
318 372
318 395
318 420
318 449
318 463
318 498
319 72
319 87
319 88
319 224
319 325
319 348
319 470
320 37
320 148
320 152
320 189
320 224
320 289
320 490
321 31
321 153
321 154
321 248
321 337
321 428
321 467
322 17
322 115
322 158
322 279
322 347
322 469
322 494
323 63
323 108
323 159
323 194
323 226
323 346
323 401
324 34
324 58
324 69
324 219
324 349
324 432
324 438
325 193
325 222
325 298
325 317
325 319
325 355
325 458
326 94
326 103
326 131
326 297
326 465
326 469
326 483
327 9
327 46
327 388
327 399
327 442
327 449
327 500
328 5
328 54
328 82
328 117
328 217
328 362
328 467
329 57
329 91
329 304
329 411
329 477
329 488
329 490
330 101
330 310
330 408
330 412
330 453
330 488
330 497
331 139
331 156
331 190
331 281
331 294
331 337
331 420
332 150
332 238
332 281
332 337
332 349
332 451
332 499
333 175
333 262
333 285
333 288
333 313
333 317
333 415
334 35
334 221
334 338
334 400
334 426
334 458
334 468
335 70
335 154
335 224
335 230
335 413
335 466
335 487
336 4
336 51
336 95
336 185
336 384
336 387
336 405
337 291
337 321
337 331
337 332
337 346
337 439
337 482
337 486
338 77
338 234
338 307
338 334
338 373
338 397
338 460
338 468
339 18
339 70
339 81
339 170
339 206
339 448
339 460
339 491
340 64
340 85
340 230
340 358
340 382
340 479
340 491
340 494
341 4
341 86
341 96
341 121
341 268
341 296
341 351
341 407
342 97
342 179
342 366
342 376
342 386
342 458
342 463
342 500
343 370
343 372
343 373
343 420
343 442
343 458
343 459
343 477
344 120
344 206
344 227
344 232
344 367
344 388
344 408
344 440
345 62
345 102
345 290
345 384
345 398
345 426
345 438
345 485
346 12
346 176
346 210
346 298
346 323
346 337
346 463
346 467
347 114
347 163
347 164
347 169
347 185
347 291
347 322
347 492
348 26
348 74
348 302
348 319
348 423
348 430
348 442
348 458
349 19
349 94
349 324
349 332
349 353
349 371
349 444
349 467
350 20
350 31
350 48
350 60
350 102
350 142
350 245
350 465
351 12
351 68
351 142
351 235
351 341
351 442
351 449
351 475
352 26
352 84
352 118
352 163
352 377
352 411
352 414
352 419
353 37
353 125
353 349
353 354
353 409
353 444
353 470
353 478
354 235
354 246
354 284
354 353
354 416
354 418
354 426
354 471
355 114
355 141
355 237
355 298
355 300
355 325
355 405
355 462
356 55
356 124
356 409
356 421
356 439
356 451
356 475
356 496
357 57
357 68
357 95
357 165
357 175
357 212
357 401
357 461
358 23
358 299
358 314
358 340
358 390
358 437
358 450
358 457
359 49
359 167
359 245
359 313
359 390
359 409
359 417
359 488
360 34
360 193
360 277
360 308
360 309
360 448
360 466
360 500
361 75
361 83
361 306
361 362
361 369
361 378
361 389
361 404
362 62
362 246
362 257
362 328
362 361
362 407
362 432
362 461
363 42
363 146
363 171
363 209
363 299
363 400
363 493
363 500
364 76
364 135
364 151
364 314
364 372
364 384
364 398
364 454
365 39
365 41
365 43
365 205
365 366
365 410
365 459
365 479
366 196
366 342
366 365
366 425
366 452
366 456
366 477
366 498
367 50
367 179
367 180
367 206
367 292
367 344
367 389
367 466
368 80
368 181
368 413
368 445
368 464
368 478
368 482
369 55
369 177
369 296
369 361
369 422
369 467
369 485
369 497
370 49
370 68
370 295
370 311
370 343
370 420
370 432
370 482
371 38
371 56
371 156
371 235
371 349
371 379
371 430
371 494
372 81
372 210
372 318
372 343
372 364
372 378
372 425
372 445
373 91
373 172
373 338
373 343
373 383
373 415
373 461
373 462
374 24
374 63
374 136
374 153
374 209
374 262
374 291
374 443
375 1
375 53
375 61
375 173
375 270
375 313
375 438
375 457
376 71
376 193
376 246
376 342
376 386
376 387
376 430
376 500
377 96
377 127
377 240
377 313
377 352
377 430
377 462
377 472
378 7
378 69
378 137
378 238
378 289
378 361
378 372
378 489
379 1
379 24
379 138
379 195
379 273
379 292
379 371
379 491
380 46
380 51
380 228
380 259
380 271
380 314
380 445
380 494
381 102
381 137
381 260
381 264
381 272
381 302
381 404
381 487
382 23
382 129
382 152
382 168
382 171
382 340
382 400
382 421
383 162
383 236
383 241
383 286
383 373
383 390
383 457
383 493
384 93
384 177
384 336
384 345
384 364
384 397
384 412
384 477
385 142
385 205
385 276
385 295
385 389
385 452
385 459
385 476
385 495
386 27
386 105
386 226
386 299
386 342
386 376
386 474
386 498
386 500
387 14
387 23
387 50
387 139
387 288
387 308
387 336
387 376
387 419
388 88
388 126
388 167
388 255
388 294
388 317
388 327
388 344
388 419
389 130
389 194
389 361
389 367
389 385
389 392
389 425
389 454
389 472
390 218
390 358
390 359
390 383
390 393
390 395
390 447
390 450
390 466
391 119
391 275
391 283
391 290
391 312
391 394
391 478
391 481
391 499
392 389
392 393
392 436
392 464
392 473
392 474
392 480
392 481
392 493
393 31
393 37
393 51
393 227
393 271
393 286
393 390
393 392
393 419
394 131
394 191
394 224
394 282
394 293
394 391
394 407
394 427
394 483
395 36
395 69
395 117
395 236
395 273
395 278
395 318
395 390
395 422
396 11
396 165
396 260
396 278
396 281
396 461
396 470
396 485
396 496
397 129
397 145
397 194
397 338
397 384
397 429
397 433
397 468
397 475
398 111
398 131
398 172
398 250
398 281
398 345
398 364
398 401
398 420
399 90
399 219
399 222
399 296
399 327
399 427
399 471
399 482
399 499
400 50
400 129
400 134
400 184
400 218
400 255
400 311
400 334
400 363
400 382
401 95
401 136
401 161
401 323
401 357
401 398
401 480
401 481
401 493
401 498
402 17
402 89
402 168
402 174
402 202
402 267
402 433
402 439
402 464
402 480
403 29
403 98
403 118
403 214
403 259
403 280
403 424
403 449
403 460
403 490
404 53
404 139
404 254
404 312
404 361
404 381
404 410
404 463
404 473
404 495
405 47
405 86
405 216
405 282
405 336
405 355
405 433
405 438
405 462
405 498
406 45
406 93
406 120
406 310
406 408
406 431
406 442
406 457
406 467
406 481
407 17
407 21
407 22
407 208
407 341
407 362
407 394
407 428
407 436
407 477
408 115
408 180
408 217
408 242
408 317
408 330
408 344
408 406
408 416
408 446
409 4
409 132
409 253
409 288
409 353
409 356
409 359
409 470
409 479
409 486
410 93
410 127
410 192
410 199
410 240
410 365
410 404
410 421
410 454
410 486
411 28
411 112
411 145
411 221
411 329
411 352
411 412
411 467
411 488
411 490
412 76
412 126
412 188
412 235
412 282
412 296
412 330
412 384
412 411
412 437
413 97
413 106
413 164
413 233
413 273
413 312
413 335
413 368
413 432
413 465
414 92
414 114
414 249
414 285
414 352
414 433
414 469
414 477
414 484
414 498
415 2
415 99
415 211
415 333
415 373
415 428
415 433
415 456
415 461
415 499
416 45
416 67
416 73
416 110
416 205
416 210
416 227
416 354
416 408
416 488
417 7
417 117
417 162
417 191
417 279
417 359
417 433
417 484
417 489
417 495
418 29
418 110
418 232
418 354
418 420
418 461
418 466
418 469
418 470
418 495
419 21
419 88
419 259
419 309
419 352
419 387
419 388
419 393
419 476
419 478
420 35
420 61
420 318
420 331
420 343
420 370
420 398
420 418
420 459
420 471
421 71
421 138
421 176
421 237
421 298
421 301
421 356
421 382
421 410
421 468
422 168
422 187
422 189
422 241
422 243
422 258
422 290
422 369
422 395
422 423
422 431
423 30
423 127
423 204
423 284
423 298
423 348
423 422
423 425
423 439
423 446
423 455
424 67
424 77
424 78
424 110
424 248
424 280
424 294
424 295
424 403
424 455
424 490
425 44
425 85
425 113
425 143
425 232
425 292
425 366
425 372
425 389
425 423
425 434
426 17
426 47
426 178
426 204
426 243
426 256
426 264
426 334
426 345
426 354
426 431
427 27
427 61
427 112
427 160
427 201
427 219
427 394
427 399
427 445
427 450
427 462
428 95
428 187
428 192
428 240
428 257
428 312
428 315
428 321
428 407
428 415
428 465
429 7
429 13
429 80
429 177
429 201
429 397
429 434
429 441
429 465
429 466
429 471
430 19
430 114
430 136
430 160
430 227
430 348
430 371
430 376
430 377
430 443
430 470
431 18
431 41
431 157
431 185
431 233
431 278
431 406
431 422
431 426
431 453
431 496
432 34
432 67
432 101
432 131
432 216
432 324
432 362
432 370
432 413
432 435
432 468
433 11
433 171
433 316
433 397
433 402
433 405
433 414
433 415
433 417
433 444
433 458
434 48
434 147
434 211
434 254
434 265
434 285
434 425
434 429
434 475
434 483
434 491
435 19
435 55
435 121
435 128
435 140
435 173
435 178
435 261
435 432
435 479
435 493
436 99
436 177
436 283
436 287
436 303
436 392
436 407
436 438
436 462
436 473
436 489
436 492
437 5
437 32
437 89
437 130
437 134
437 144
437 197
437 237
437 282
437 304
437 358
437 412
438 56
438 90
438 248
438 305
438 313
438 324
438 345
438 375
438 405
438 436
438 439
438 441
439 33
439 83
439 104
439 106
439 138
439 337
439 356
439 402
439 423
439 438
439 451
439 453
440 33
440 156
440 181
440 256
440 257
440 265
440 344
440 441
440 447
440 456
440 483
440 485
441 6
441 128
441 172
441 200
441 202
441 429
441 438
441 440
441 449
441 466
442 9
442 10
442 236
442 244
442 327
442 343
442 348
442 351
442 406
442 460
442 469
442 490
443 3
443 43
443 153
443 160
443 202
443 218
443 315
443 374
443 430
443 481
443 485
443 493
444 12
444 34
444 122
444 149
444 213
444 234
444 247
444 349
444 353
444 433
444 478
444 495
445 56
445 231
445 271
445 277
445 309
445 368
445 372
445 380
445 427
445 450
445 455
445 469
446 81
446 147
446 152
446 221
446 234
446 262
446 275
446 295
446 408
446 423
446 493
446 497
447 58
447 76
447 108
447 116
447 128
447 183
447 261
447 274
447 282
447 390
447 440
447 483
448 28
448 77
448 184
448 187
448 239
448 272
448 277
448 339
448 360
448 456
448 484
448 487
449 10
449 40
449 104
449 141
449 174
449 177
449 191
449 318
449 327
449 351
449 403
449 441
450 88
450 99
450 136
450 141
450 190
450 234
450 309
450 358
450 390
450 427
450 445
450 460
451 58
451 147
451 202
451 214
451 301
451 332
451 356
451 439
451 452
451 453
451 465
451 474
452 8
452 48
452 70
452 123
452 242
452 268
452 366
452 385
452 451
452 460
452 490
452 497
453 25
453 32
453 69
453 131
453 296
453 300
453 330
453 431
453 439
453 451
453 486
453 497
453 500
454 46
454 49
454 72
454 78
454 118
454 212
454 256
454 291
454 364
454 389
454 410
454 483
454 494
455 20
455 39
455 65
455 74
455 98
455 244
455 275
455 293
455 423
455 424
455 445
455 471
455 488
456 52
456 68
456 196
456 203
456 250
456 266
456 366
456 415
456 440
456 448
456 475
456 478
456 479
457 25
457 126
457 155
457 208
457 252
457 253
457 303
457 358
457 375
457 383
457 406
457 474
457 478
458 25
458 111
458 137
458 164
458 186
458 223
458 285
458 325
458 334
458 342
458 343
458 348
458 433
459 79
459 107
459 146
459 182
459 216
459 252
459 309
459 343
459 365
459 385
459 420
459 471
459 487
460 78
460 174
460 197
460 211
460 242
460 248
460 338
460 339
460 403
460 442
460 450
460 452
460 490
461 16
461 111
461 115
461 155
461 164
461 198
461 357
461 362
461 373
461 396
461 415
461 418
461 500
462 133
462 139
462 188
462 209
462 291
462 355
462 373
462 377
462 405
462 427
462 436
462 465
462 473
462 498
463 15
463 20
463 90
463 157
463 173
463 211
463 269
463 276
463 311
463 315
463 318
463 342
463 346
463 404
464 40
464 200
464 242
464 243
464 250
464 274
464 281
464 308
464 368
464 392
464 402
464 467
464 482
465 13
465 175
465 193
465 197
465 223
465 233
465 274
465 326
465 350
465 413
465 428
465 429
465 451
465 462
466 80
466 90
466 140
466 177
466 194
466 241
466 314
466 335
466 360
466 367
466 390
466 418
466 429
466 441
467 8
467 24
467 110
467 181
467 321
467 328
467 346
467 349
467 369
467 406
467 411
467 464
467 469
467 485
468 123
468 145
468 191
468 230
468 233
468 258
468 289
468 334
468 338
468 397
468 421
468 432
468 493
468 499
469 2
469 248
469 263
469 322
469 326
469 414
469 418
469 442
469 445
469 467
469 483
469 492
469 496
469 497
470 2
470 108
470 122
470 253
470 305
470 319
470 353
470 396
470 409
470 418
470 430
470 488
470 495
470 496
471 53
471 58
471 184
471 239
471 249
471 310
471 316
471 354
471 399
471 420
471 429
471 455
471 459
471 487
472 12
472 79
472 130
472 149
472 151
472 156
472 159
472 176
472 231
472 235
472 274
472 377
472 389
472 494
472 497
473 34
473 97
473 153
473 193
473 240
473 244
473 279
473 300
473 303
473 392
473 404
473 436
473 462
473 475
473 493
474 56
474 68
474 91
474 132
474 166
474 170
474 182
474 196
474 252
474 311
474 386
474 392
474 451
474 457
474 477
475 94
475 100
475 149
475 210
475 213
475 215
475 225
475 257
475 351
475 356
475 397
475 434
475 456
475 473
475 499
476 51
476 61
476 84
476 157
476 166
476 198
476 207
476 229
476 265
476 270
476 305
476 310
476 385
476 419
476 484
477 111
477 117
477 124
477 174
477 203
477 249
477 304
477 305
477 329
477 343
477 366
477 384
477 407
477 414
477 474
478 21
478 47
478 199
478 213
478 216
478 297
478 304
478 353
478 368
478 391
478 419
478 444
478 456
478 457
478 485
479 53
479 106
479 120
479 159
479 176
479 195
479 273
479 301
479 340
479 365
479 409
479 435
479 456
479 495
479 500
480 36
480 41
480 57
480 79
480 124
480 155
480 162
480 165
480 243
480 296
480 310
480 392
480 401
480 402
480 491
481 65
481 77
481 129
481 147
481 174
481 259
481 293
481 310
481 311
481 391
481 392
481 401
481 406
481 443
481 484
482 16
482 52
482 161
482 199
482 206
482 227
482 281
482 287
482 298
482 337
482 368
482 370
482 399
482 464
482 488
483 18
483 96
483 109
483 173
483 190
483 247
483 273
483 326
483 394
483 434
483 440
483 447
483 454
483 469
483 496
484 44
484 128
484 144
484 180
484 186
484 189
484 196
484 276
484 414
484 417
484 448
484 476
484 481
484 489
484 500
485 50
485 109
485 158
485 253
485 309
485 345
485 369
485 396
485 440
485 443
485 467
485 478
485 492
485 495
485 496
486 134
486 189
486 192
486 217
486 242
486 251
486 268
486 277
486 298
486 314
486 337
486 409
486 410
486 453
486 487
487 6
487 38
487 42
487 89
487 173
487 261
487 262
487 335
487 381
487 448
487 459
487 471
487 486
487 489
487 497
488 66
488 92
488 184
488 240
488 259
488 299
488 329
488 330
488 359
488 411
488 416
488 455
488 470
488 482
488 490
488 497
489 5
489 24
489 94
489 113
489 167
489 203
489 226
489 239
489 270
489 279
489 378
489 417
489 436
489 484
489 487
489 490
490 2
490 66
490 135
490 152
490 195
490 269
490 320
490 329
490 403
490 411
490 424
490 442
490 452
490 460
490 488
490 489
491 63
491 81
491 115
491 139
491 173
491 215
491 247
491 254
491 278
491 304
491 339
491 340
491 379
491 434
491 480
491 500
492 22
492 24
492 120
492 132
492 152
492 159
492 163
492 194
492 210
492 260
492 347
492 436
492 469
492 485
492 495
492 496
492 497
493 17
493 41
493 212
493 219
493 283
493 284
493 302
493 303
493 363
493 383
493 392
493 401
493 435
493 443
493 446
493 468
493 473
494 15
494 52
494 75
494 100
494 224
494 237
494 246
494 266
494 282
494 306
494 322
494 340
494 371
494 380
494 454
494 472
494 499
495 30
495 49
495 179
495 181
495 187
495 209
495 254
495 315
495 385
495 404
495 417
495 418
495 444
495 470
495 479
495 485
495 492
495 496
496 65
496 74
496 96
496 122
496 137
496 222
496 228
496 236
496 317
496 356
496 396
496 431
496 469
496 470
496 483
496 485
496 492
496 495
497 25
497 58
497 160
497 186
497 201
497 231
497 267
497 283
497 330
497 369
497 446
497 452
497 453
497 469
497 472
497 487
497 488
497 492
498 19
498 35
498 71
498 83
498 84
498 172
498 182
498 241
498 248
498 260
498 286
498 300
498 318
498 366
498 386
498 401
498 405
498 414
498 462
499 11
499 36
499 73
499 82
499 123
499 130
499 137
499 179
499 181
499 195
499 238
499 272
499 332
499 391
499 399
499 415
499 468
499 475
499 494
500 55
500 99
500 163
500 172
500 183
500 211
500 241
500 258
500 299
500 327
500 342
500 360
500 363
500 376
500 386
500 453
500 461
500 479
500 484
500 491
