1 81
1 337
1 411
1 439
1 458
2 339
2 415
2 458
2 469
2 474
3 23
3 59
3 126
3 171
3 250
4 191
4 287
4 426
4 450
4 489
5 130
5 478
5 485
5 492
5 499
6 219
6 249
6 322
6 485
6 498
7 16
7 70
7 186
7 374
7 442
8 15
8 84
8 101
8 335
8 457
9 78
9 136
9 342
9 486
9 495
10 12
10 87
10 151
10 172
10 448
11 56
11 266
11 403
11 416
11 472
12 10
12 397
12 456
12 477
12 489
13 311
13 364
13 381
13 393
13 480
14 307
14 312
14 431
14 465
14 484
15 8
15 163
15 183
15 265
15 490
16 7
16 359
16 438
16 459
16 483
17 274
17 300
17 330
17 469
17 495
18 354
18 379
18 428
18 435
18 478
19 295
19 298
19 425
19 453
19 476
20 99
20 116
20 400
20 460
20 497
21 84
21 145
21 276
21 434
21 460
22 41
22 318
22 354
22 476
22 480
23 3
23 127
23 173
23 337
23 478
24 28
24 246
24 382
24 419
24 439
25 119
25 173
25 207
25 228
25 474
26 122
26 238
26 422
26 432
26 492
27 153
27 179
27 359
27 482
27 493
28 24
28 112
28 199
28 445
28 488
29 53
29 399
29 427
29 428
29 465
30 76
30 356
30 402
30 405
30 426
31 181
31 221
31 243
31 387
31 489
32 314
32 420
32 455
32 457
32 478
33 95
33 207
33 332
33 360
33 387
34 55
34 348
34 436
34 459
34 486
35 38
35 170
35 188
35 197
35 383
36 93
36 131
36 220
36 354
36 479
37 94
37 140
37 200
37 284
37 477
38 35
38 200
38 391
38 482
38 490
39 187
39 234
39 309
39 361
39 488
40 96
40 156
40 220
40 481
40 486
41 22
41 236
41 302
41 444
41 454
42 108
42 245
42 317
42 420
42 422
43 111
43 246
43 257
43 362
43 408
44 150
44 364
44 381
44 469
44 477
45 218
45 260
45 270
45 337
45 443
46 195
46 283
46 363
46 421
46 477
47 53
47 210
47 313
47 451
47 491
48 96
48 186
48 375
48 385
48 461
49 181
49 237
49 257
49 319
49 360
50 73
50 122
50 206
50 274
50 480
51 67
51 157
51 197
51 235
51 498
52 258
52 263
52 359
52 386
52 434
53 29
53 47
53 212
53 228
53 500
54 336
54 365
54 379
54 458
54 496
55 34
55 252
55 324
55 430
55 500
56 11
56 76
56 302
56 453
56 454
57 90
57 100
57 181
57 236
57 457
58 80
58 200
58 299
58 469
58 481
59 3
59 361
59 413
59 462
59 494
60 108
60 344
60 409
60 417
60 498
61 67
61 308
61 309
61 420
61 460
62 152
62 406
62 416
62 458
62 471
63 94
63 324
63 355
63 433
63 439
64 116
64 298
64 324
64 379
64 411
65 182
65 242
65 451
65 470
65 495
66 71
66 105
66 249
66 357
66 422
67 51
67 61
67 435
67 437
67 496
68 76
68 165
68 345
68 369
68 397
69 280
69 331
69 396
69 477
69 485
70 7
70 173
70 189
70 261
70 493
71 66
71 225
71 257
71 274
71 419
72 165
72 171
72 198
72 325
72 412
73 50
73 108
73 195
73 367
73 454
74 308
74 366
74 397
74 470
74 484
75 201
75 305
75 471
75 480
75 481
76 30
76 56
76 68
76 309
76 368
77 140
77 337
77 350
77 355
77 425
78 9
78 150
78 183
78 214
78 457
79 387
79 388
79 392
79 493
79 496
80 58
80 318
80 398
80 460
80 492
81 1
81 350
81 409
81 412
81 479
82 227
82 388
82 416
82 419
82 468
83 148
83 228
83 277
83 444
83 491
84 8
84 21
84 167
84 233
84 500
85 97
85 180
85 398
85 456
85 473
86 259
86 267
86 333
86 358
86 469
87 10
87 89
87 305
87 335
87 401
88 200
88 267
88 354
88 473
88 474
89 87
89 215
89 338
89 378
89 430
90 57
90 136
90 161
90 368
90 438
91 184
91 202
91 304
91 373
91 406
92 133
92 154
92 232
92 236
92 418
93 36
93 223
93 248
93 267
93 459
94 37
94 63
94 164
94 235
94 347
95 33
95 98
95 168
95 217
95 308
96 40
96 48
96 125
96 142
96 476
97 85
97 377
97 421
97 424
97 437
98 95
98 222
98 317
98 424
98 495
99 20
99 339
99 410
99 431
99 496
100 57
100 221
100 340
100 341
100 444
101 8
101 113
101 216
101 261
101 463
102 139
102 199
102 280
102 418
102 457
103 185
103 342
103 410
103 461
103 497
104 197
104 260
104 261
104 357
104 374
105 66
105 225
105 410
105 413
105 493
106 188
106 320
106 432
106 445
106 480
107 210
107 286
107 378
107 395
107 490
108 42
108 60
108 73
108 213
108 245
109 126
109 173
109 313
109 351
109 498
110 185
110 252
110 413
110 467
110 493
111 43
111 289
111 381
111 460
111 497
112 28
112 125
112 192
112 226
112 247
113 101
113 298
113 417
113 436
113 448
114 339
114 366
114 451
114 467
114 474
115 150
115 204
115 246
115 375
115 444
116 20
116 64
116 296
116 382
116 431
117 163
117 208
117 407
117 465
117 472
118 178
118 343
118 364
118 368
118 381
119 25
119 121
119 178
119 281
119 452
120 229
120 240
120 392
120 448
120 471
121 119
121 263
121 338
121 486
121 500
122 26
122 50
122 380
122 394
122 454
123 163
123 234
123 283
123 365
123 477
124 283
124 357
124 480
124 488
124 499
125 96
125 112
125 286
125 475
125 483
126 3
126 109
126 284
126 349
126 494
127 23
127 244
127 357
127 406
127 465
128 271
128 293
128 362
128 437
128 481
129 164
129 394
129 457
129 476
129 487
130 5
130 175
130 226
130 263
130 452
131 36
131 155
131 479
131 482
131 487
132 138
132 142
132 155
132 201
132 222
133 92
133 227
133 418
133 423
133 474
134 156
134 390
134 394
134 464
134 489
135 211
135 280
135 375
135 393
135 411
136 9
136 90
136 246
136 299
136 384
137 359
137 418
137 428
137 444
137 446
138 132
138 193
138 262
138 453
138 496
139 102
139 283
139 293
139 392
139 493
140 37
140 77
140 175
140 384
140 436
141 217
141 232
141 307
141 483
141 490
142 96
142 132
142 256
142 413
142 463
143 172
143 239
143 273
143 384
143 385
144 336
144 404
144 494
144 495
144 496
145 21
145 149
145 340
145 346
145 498
146 238
146 337
146 360
146 377
146 397
147 165
147 174
147 323
147 368
147 397
148 83
148 222
148 231
148 412
148 440
149 145
149 323
149 329
149 470
149 497
150 44
150 78
150 115
150 215
150 423
151 10
151 256
151 337
151 365
151 441
152 62
152 198
152 408
152 411
152 459
153 27
153 214
153 385
153 488
153 499
154 92
154 156
154 438
154 490
154 496
155 131
155 132
155 461
155 480
155 488
156 40
156 134
156 154
156 374
156 496
157 51
157 294
157 409
157 463
157 495
158 310
158 316
158 406
158 419
158 428
159 365
159 410
159 466
159 483
159 497
160 262
160 351
160 396
160 404
160 496
161 90
161 368
161 385
161 396
161 423
162 259
162 356
162 425
162 444
162 466
163 15
163 117
163 123
163 463
163 471
164 94
164 129
164 274
164 471
164 474
164 481
165 68
165 72
165 147
165 421
165 443
165 496
166 189
166 281
166 429
166 432
166 455
166 466
167 84
167 303
167 348
167 484
167 495
167 500
168 95
168 252
168 329
168 330
168 409
168 412
169 303
169 337
169 345
169 350
169 425
169 446
170 35
170 414
170 432
170 456
170 496
170 499
171 3
171 72
171 192
171 303
171 360
171 493
172 10
172 143
172 196
172 401
172 426
172 495
173 23
173 25
173 70
173 109
173 328
173 498
174 147
174 279
174 365
174 404
174 420
174 479
175 130
175 140
175 268
175 329
175 347
175 376
176 276
176 342
176 427
176 435
176 451
176 494
177 272
177 282
177 343
177 344
177 398
177 473
178 118
178 119
178 282
178 343
178 384
178 473
179 27
179 194
179 229
179 272
179 291
179 399
180 85
180 269
180 341
180 374
180 380
180 500
181 31
181 49
181 57
181 281
181 345
181 452
182 65
182 211
182 271
182 412
182 437
182 471
183 15
183 78
183 206
183 322
183 378
183 401
184 91
184 295
184 310
184 409
184 464
184 488
185 103
185 110
185 346
185 377
185 416
185 437
186 7
186 48
186 201
186 285
186 354
186 442
187 39
187 195
187 406
187 414
187 429
187 499
188 35
188 106
188 370
188 432
188 455
188 475
189 70
189 166
189 427
189 440
189 455
189 499
190 239
190 276
190 435
190 448
190 462
190 493
191 4
191 203
191 249
191 333
191 346
191 426
192 112
192 171
192 334
192 370
192 406
192 464
193 138
193 260
193 274
193 277
193 376
193 485
194 179
194 241
194 362
194 438
194 449
194 473
195 46
195 73
195 187
195 205
195 350
195 406
196 172
196 231
196 284
196 328
196 401
196 490
197 35
197 51
197 104
197 447
197 476
197 498
198 72
198 152
198 207
198 264
198 445
198 463
199 28
199 102
199 224
199 270
199 327
199 418
200 37
200 38
200 58
200 88
200 347
200 497
201 75
201 132
201 186
201 464
201 479
201 488
202 91
202 205
202 339
202 356
202 437
202 489
203 191
203 274
203 330
203 345
203 412
203 415
204 115
204 232
204 433
204 489
204 491
204 495
205 195
205 202
205 350
205 435
205 480
205 498
206 50
206 183
206 277
206 306
206 468
206 480
207 25
207 33
207 198
207 425
207 441
207 489
208 117
208 234
208 395
208 424
208 488
208 494
209 311
209 363
209 426
209 431
209 472
209 483
210 47
210 107
210 314
210 320
210 403
210 484
211 135
211 182
211 258
211 341
211 361
211 414
212 53
212 280
212 295
212 351
212 465
212 500
213 108
213 216
213 248
213 384
213 491
213 494
214 78
214 153
214 215
214 305
214 339
214 369
215 89
215 150
215 214
215 266
215 470
215 484
216 101
216 213
216 288
216 366
216 480
216 482
217 95
217 141
217 304
217 353
217 451
217 475
218 45
218 259
218 365
218 483
218 492
218 495
219 6
219 431
219 439
219 463
219 481
219 493
220 36
220 40
220 382
220 439
220 465
220 488
221 31
221 100
221 237
221 319
221 371
221 499
222 98
222 132
222 148
222 254
222 422
222 439
223 93
223 361
223 366
223 433
223 475
223 490
224 199
224 300
224 316
224 428
224 446
224 479
225 71
225 105
225 240
225 288
225 371
225 443
226 112
226 130
226 254
226 420
226 467
226 478
227 82
227 133
227 275
227 324
227 417
227 422
228 25
228 53
228 83
228 399
228 490
228 491
229 120
229 179
229 357
229 401
229 429
229 458
230 327
230 391
230 408
230 436
230 482
230 485
231 148
231 196
231 233
231 290
231 349
231 358
232 92
232 141
232 204
232 323
232 432
232 453
233 84
233 231
233 266
233 290
233 297
233 349
234 39
234 123
234 208
234 292
234 351
234 459
235 51
235 94
235 287
235 426
235 436
235 447
236 41
236 57
236 92
236 397
236 444
236 496
237 49
237 221
237 269
237 377
237 402
237 407
238 26
238 146
238 368
238 394
238 477
238 492
239 143
239 190
239 388
239 399
239 426
239 494
240 120
240 225
240 447
240 461
240 488
240 498
241 194
241 248
241 434
241 445
241 449
241 485
242 65
242 286
242 400
242 442
242 470
242 496
243 31
243 253
243 333
243 351
243 464
243 473
244 127
244 250
244 253
244 293
244 346
244 464
245 42
245 108
245 365
245 373
245 422
245 441
246 24
246 43
246 115
246 136
246 287
246 363
247 112
247 270
247 340
247 451
247 467
247 479
248 93
248 213
248 241
248 267
248 354
248 390
249 6
249 66
249 191
249 250
249 330
249 363
250 3
250 244
250 249
250 386
250 415
250 476
251 336
251 364
251 378
251 472
251 486
251 496
252 55
252 110
252 168
252 380
252 462
252 493
253 243
253 244
253 271
253 299
253 363
253 464
254 222
254 226
254 353
254 390
254 483
254 489
255 355
255 412
255 464
255 474
255 487
255 488
256 142
256 151
256 277
256 294
256 441
256 487
257 43
257 49
257 71
257 345
257 457
257 478
258 52
258 211
258 341
258 349
258 385
258 399
259 86
259 162
259 218
259 334
259 421
259 487
260 45
260 104
260 193
260 268
260 400
260 485
261 70
261 101
261 104
261 385
261 393
261 473
262 138
262 160
262 285
262 330
262 391
262 420
263 52
263 121
263 130
263 443
263 459
263 464
264 198
264 268
264 290
264 360
264 369
264 409
264 425
265 15
265 292
265 306
265 327
265 433
265 470
265 491
266 11
266 215
266 233
266 386
266 395
266 476
266 491
267 86
267 88
267 93
267 248
267 388
267 466
267 468
268 175
268 260
268 264
268 299
268 312
268 377
268 485
269 180
269 237
269 340
269 371
269 442
269 467
269 480
270 45
270 199
270 247
270 273
270 323
270 351
270 443
271 128
271 182
271 253
271 275
271 378
271 413
271 455
272 177
272 179
272 300
272 348
272 396
272 479
272 485
273 143
273 270
273 326
273 363
273 376
273 472
273 498
274 17
274 50
274 71
274 164
274 193
274 203
274 415
275 227
275 271
275 343
275 346
275 419
275 492
275 495
276 21
276 176
276 190
276 323
276 375
276 462
276 494
277 83
277 193
277 206
277 256
277 336
277 394
277 480
278 300
278 363
278 373
278 472
278 475
278 489
278 492
279 174
279 319
279 350
279 373
279 441
279 455
279 472
280 69
280 102
280 135
280 212
280 345
280 475
280 496
281 119
281 166
281 181
281 285
281 389
281 421
281 452
282 177
282 178
282 393
282 449
282 454
282 462
282 482
283 46
283 123
283 124
283 139
283 295
283 358
283 397
284 37
284 126
284 196
284 381
284 423
284 444
284 468
285 186
285 262
285 281
285 339
285 362
285 367
285 453
286 107
286 125
286 242
286 288
286 351
286 418
286 484
287 4
287 235
287 246
287 292
287 344
287 370
287 426
288 216
288 225
288 286
288 435
288 479
288 485
288 490
289 111
289 297
289 341
289 415
289 440
289 457
289 496
290 231
290 233
290 264
290 294
290 317
290 358
290 450
291 179
291 451
291 458
291 473
291 474
291 487
291 491
292 234
292 265
292 287
292 370
292 394
292 440
292 487
293 128
293 139
293 244
293 341
293 367
293 448
293 489
294 157
294 256
294 290
294 391
294 408
294 456
294 468
295 19
295 184
295 212
295 283
295 477
295 489
295 499
296 116
296 336
296 430
296 438
296 466
296 476
296 483
297 233
297 289
297 300
297 405
297 467
297 492
297 495
298 19
298 64
298 113
298 347
298 355
298 448
298 465
299 58
299 136
299 253
299 268
299 312
299 379
299 402
300 17
300 224
300 272
300 278
300 297
300 461
300 469
301 333
301 344
301 395
301 461
301 469
301 494
301 497
302 41
302 56
302 307
302 453
302 457
302 476
302 489
303 167
303 169
303 171
303 360
303 384
303 388
303 477
304 91
304 217
304 314
304 414
304 440
304 454
304 494
305 75
305 87
305 214
305 316
305 329
305 401
305 473
306 206
306 265
306 313
306 356
306 392
306 453
306 491
307 14
307 141
307 302
307 378
307 431
307 455
307 459
308 61
308 74
308 95
308 321
308 328
308 382
308 478
309 39
309 61
309 76
309 379
309 407
309 435
309 484
310 158
310 184
310 364
310 398
310 445
310 492
310 495
311 13
311 209
311 401
311 406
311 434
311 485
311 499
312 14
312 268
312 299
312 315
312 356
312 481
312 500
313 47
313 109
313 306
313 407
313 433
313 454
313 487
314 32
314 210
314 304
314 383
314 394
314 491
314 493
315 312
315 366
315 402
315 417
315 451
315 472
315 474
316 158
316 224
316 305
316 325
316 372
316 441
316 474
317 42
317 98
317 290
317 400
317 443
317 472
317 478
318 22
318 80
318 338
318 403
318 425
318 476
318 499
319 49
319 221
319 279
319 347
319 456
319 475
319 498
320 106
320 210
320 332
320 389
320 439
320 484
320 500
321 308
321 352
321 372
321 393
321 450
321 483
321 484
322 6
322 183
322 378
322 396
322 427
322 431
322 467
323 147
323 149
323 232
323 270
323 276
323 336
323 496
324 55
324 63
324 64
324 227
324 380
324 486
324 498
325 72
325 316
325 352
325 372
325 389
325 441
325 458
326 273
326 330
326 380
326 418
326 447
326 465
326 472
327 199
327 230
327 265
327 389
327 424
327 433
327 497
328 173
328 196
328 308
328 332
328 390
328 445
328 498
329 149
329 168
329 175
329 305
329 336
329 438
329 486
330 17
330 168
330 203
330 249
330 262
330 326
330 388
330 407
331 69
331 332
331 344
331 356
331 400
331 420
331 478
331 491
332 33
332 320
332 328
332 331
332 396
332 426
332 447
332 498
333 86
333 191
333 243
333 301
333 392
333 410
333 475
333 500
334 192
334 259
334 358
334 395
334 415
334 454
334 480
334 487
335 8
335 87
335 350
335 429
335 449
335 469
335 471
335 473
336 54
336 144
336 251
336 277
336 296
336 323
336 329
336 469
337 1
337 23
337 45
337 77
337 146
337 151
337 169
337 358
338 89
338 121
338 318
338 370
338 430
338 435
338 456
338 467
339 2
339 99
339 114
339 202
339 214
339 285
339 410
339 461
340 100
340 145
340 247
340 269
340 343
340 367
340 443
340 488
341 100
341 180
341 211
341 258
341 289
341 293
341 452
341 465
342 9
342 103
342 176
342 367
342 428
342 442
342 446
343 118
343 177
343 178
343 275
343 340
343 407
343 461
343 471
344 60
344 177
344 287
344 301
344 331
344 434
344 437
344 493
345 68
345 169
345 181
345 203
345 257
345 280
345 350
345 457
346 145
346 185
346 191
346 244
346 275
346 355
346 446
346 485
347 94
347 175
347 200
347 298
347 319
347 399
347 404
347 450
348 34
348 167
348 272
348 405
348 479
348 482
348 490
348 500
349 126
349 231
349 233
349 258
349 358
349 417
349 424
349 435
350 77
350 81
350 169
350 195
350 205
350 279
350 335
350 345
351 109
351 160
351 212
351 234
351 243
351 270
351 286
351 459
352 321
352 325
352 396
352 438
352 442
352 466
352 469
352 483
353 217
353 254
353 373
353 387
353 389
353 474
353 486
353 490
354 18
354 22
354 36
354 88
354 186
354 248
354 391
354 498
355 63
355 77
355 255
355 298
355 346
355 390
355 441
355 467
356 30
356 162
356 202
356 306
356 312
356 331
356 410
356 481
357 66
357 104
357 124
357 127
357 229
357 410
357 417
357 486
358 86
358 231
358 283
358 290
358 334
358 337
358 349
358 460
359 16
359 27
359 52
359 137
359 405
359 461
359 466
359 493
360 33
360 49
360 146
360 171
360 264
360 303
360 472
360 482
361 39
361 59
361 211
361 223
361 371
361 434
361 479
361 482
362 43
362 128
362 194
362 285
362 372
362 379
362 427
362 459
363 46
363 209
363 246
363 249
363 253
363 273
363 278
363 465
364 13
364 44
364 118
364 251
364 310
364 381
364 405
364 483
365 54
365 123
365 151
365 159
365 174
365 218
365 245
365 373
366 74
366 114
366 216
366 223
366 315
366 451
366 474
366 483
367 73
367 285
367 293
367 340
367 342
367 427
367 435
367 492
368 76
368 90
368 118
368 147
368 161
368 238
368 405
368 460
369 68
369 214
369 264
369 445
369 449
369 470
369 481
369 484
370 188
370 192
370 287
370 292
370 338
370 432
370 447
370 455
371 221
371 225
371 269
371 361
371 387
371 399
371 459
371 489
372 316
372 321
372 325
372 362
372 411
372 425
372 441
372 482
373 91
373 245
373 278
373 279
373 353
373 365
373 375
373 497
374 7
374 104
374 156
374 180
374 416
374 421
374 456
374 486
375 48
375 115
375 135
375 276
375 373
375 429
375 475
375 499
376 175
376 193
376 273
376 448
376 460
376 462
376 477
376 497
377 97
377 146
377 185
377 237
377 268
377 396
377 418
377 485
378 89
378 107
378 183
378 251
378 271
378 307
378 322
378 466
379 18
379 54
379 64
379 299
379 309
379 362
379 427
379 430
379 445
380 122
380 180
380 252
380 324
380 326
380 382
380 430
380 439
380 458
381 13
381 44
381 111
381 118
381 284
381 364
381 391
381 447
381 482
382 24
382 116
382 220
382 308
382 380
382 386
382 414
382 427
382 462
383 35
383 314
383 404
383 414
383 439
383 454
383 481
383 487
383 499
384 136
384 140
384 143
384 178
384 213
384 303
384 411
384 412
384 423
385 48
385 143
385 153
385 161
385 258
385 261
385 387
385 393
385 467
386 52
386 250
386 266
386 382
386 403
386 446
386 449
386 466
386 476
387 31
387 33
387 79
387 353
387 371
387 385
387 390
387 407
387 477
388 79
388 82
388 239
388 267
388 303
388 330
388 414
388 451
388 468
389 281
389 320
389 325
389 327
389 353
389 424
389 432
389 497
389 498
390 134
390 248
390 254
390 328
390 355
390 387
390 391
390 439
390 497
391 38
391 230
391 262
391 294
391 354
391 381
391 390
391 408
391 463
392 79
392 120
392 139
392 306
392 333
392 434
392 484
392 493
392 500
393 13
393 135
393 261
393 282
393 321
393 385
393 450
393 460
393 480
394 122
394 129
394 134
394 238
394 277
394 292
394 314
394 454
394 469
395 107
395 208
395 266
395 301
395 334
395 446
395 468
395 472
395 494
396 69
396 160
396 161
396 272
396 322
396 332
396 352
396 377
396 485
397 12
397 68
397 74
397 146
397 147
397 236
397 283
397 423
397 477
398 80
398 85
398 177
398 310
398 399
398 402
398 405
398 430
398 499
399 29
399 179
399 228
399 239
399 258
399 347
399 371
399 398
399 448
400 20
400 242
400 260
400 317
400 331
400 402
400 447
400 470
400 478
401 87
401 172
401 183
401 196
401 229
401 305
401 311
401 420
401 488
402 30
402 237
402 299
402 315
402 398
402 400
402 467
402 470
402 495
403 11
403 210
403 318
403 386
403 414
403 421
403 476
403 491
403 497
404 144
404 160
404 174
404 347
404 383
404 452
404 460
404 462
404 497
405 30
405 297
405 348
405 359
405 364
405 368
405 398
405 436
405 491
406 62
406 91
406 127
406 158
406 187
406 192
406 195
406 311
406 475
407 117
407 237
407 309
407 313
407 330
407 343
407 387
407 458
407 472
408 43
408 152
408 230
408 294
408 391
408 429
408 448
408 463
408 494
409 60
409 81
409 157
409 168
409 184
409 264
409 434
409 463
409 489
410 99
410 103
410 105
410 159
410 333
410 339
410 356
410 357
410 415
411 1
411 64
411 135
411 152
411 372
411 384
411 423
411 468
411 494
412 72
412 81
412 148
412 168
412 182
412 203
412 255
412 384
412 450
412 473
413 59
413 105
413 110
413 142
413 271
413 417
413 436
413 450
413 481
413 482
414 170
414 187
414 211
414 304
414 382
414 383
414 388
414 403
414 452
414 454
415 2
415 203
415 250
415 274
415 289
415 334
415 410
415 417
415 457
415 470
416 11
416 62
416 82
416 185
416 374
416 436
416 456
416 471
416 486
416 489
417 60
417 113
417 227
417 315
417 349
417 357
417 413
417 415
417 456
417 486
418 92
418 102
418 133
418 137
418 199
418 286
418 326
418 377
418 427
418 484
419 24
419 71
419 82
419 158
419 275
419 424
419 455
419 475
419 488
419 499
420 32
420 42
420 61
420 174
420 226
420 262
420 331
420 401
420 492
420 495
421 46
421 97
421 165
421 259
421 281
421 374
421 403
421 452
422 26
422 42
422 66
422 222
422 227
422 245
422 429
422 467
422 492
422 495
423 133
423 150
423 161
423 284
423 384
423 397
423 411
423 448
423 456
423 494
424 97
424 98
424 208
424 327
424 349
424 389
424 419
424 434
424 462
424 497
425 19
425 77
425 162
425 169
425 207
425 264
425 318
425 372
425 461
425 479
426 4
426 30
426 172
426 191
426 209
426 235
426 239
426 287
426 332
426 484
427 29
427 176
427 189
427 322
427 362
427 367
427 379
427 382
427 418
427 449
428 18
428 29
428 137
428 158
428 224
428 342
428 442
428 446
428 487
428 489
429 166
429 187
429 229
429 335
429 375
429 408
429 422
429 437
429 455
429 471
430 55
430 89
430 296
430 338
430 379
430 380
430 398
430 452
430 454
430 500
431 14
431 99
431 116
431 209
431 219
431 307
431 322
431 435
431 490
431 491
432 26
432 106
432 166
432 170
432 188
432 232
432 370
432 389
432 455
432 492
433 63
433 204
433 223
433 265
433 313
433 327
433 440
433 451
433 468
433 491
433 492
434 21
434 52
434 241
434 311
434 344
434 361
434 392
434 409
434 424
434 450
434 493
435 18
435 67
435 176
435 190
435 205
435 288
435 309
435 338
435 349
435 367
435 431
436 34
436 113
436 140
436 230
436 235
436 405
436 413
436 416
436 444
436 456
436 486
437 67
437 97
437 128
437 182
437 185
437 202
437 344
437 429
437 445
437 473
437 480
438 16
438 90
438 154
438 194
438 296
438 329
438 352
438 452
438 466
438 478
438 483
439 1
439 24
439 63
439 219
439 220
439 222
439 320
439 380
439 383
439 390
439 448
440 148
440 189
440 289
440 292
440 304
440 433
440 449
440 450
440 461
440 487
440 492
441 151
441 207
441 245
441 256
441 279
441 316
441 325
441 355
441 372
441 450
441 500
442 7
442 186
442 242
442 269
442 342
442 352
442 428
442 446
442 484
442 492
443 45
443 165
443 225
443 263
443 270
443 317
443 340
443 467
443 468
443 475
443 491
444 41
444 83
444 100
444 115
444 137
444 162
444 236
444 284
444 436
444 463
444 500
445 28
445 106
445 198
445 241
445 310
445 328
445 369
445 379
445 437
445 470
445 484
446 137
446 169
446 224
446 342
446 346
446 386
446 395
446 428
446 442
446 449
446 458
446 488
447 197
447 235
447 240
447 326
447 332
447 370
447 381
447 400
447 449
447 462
447 471
447 498
448 10
448 113
448 120
448 190
448 293
448 298
448 376
448 399
448 408
448 423
448 439
448 465
449 194
449 241
449 282
449 335
449 369
449 386
449 427
449 440
449 446
449 447
449 459
449 471
450 4
450 290
450 321
450 347
450 393
450 412
450 413
450 434
450 440
450 441
450 464
450 487
451 47
451 65
451 114
451 176
451 217
451 247
451 291
451 315
451 366
451 388
451 433
451 474
452 119
452 130
452 181
452 281
452 341
452 404
452 414
452 421
452 430
452 438
452 478
452 496
453 19
453 56
453 138
453 232
453 285
453 302
453 306
453 463
453 464
453 486
453 489
453 500
454 41
454 56
454 73
454 122
454 282
454 304
454 313
454 334
454 383
454 394
454 414
454 430
455 32
455 166
455 188
455 189
455 271
455 279
455 307
455 370
455 419
455 429
455 432
455 490
456 12
456 85
456 170
456 294
456 319
456 338
456 374
456 416
456 417
456 423
456 436
456 486
457 8
457 32
457 57
457 78
457 102
457 129
457 257
457 289
457 302
457 345
457 415
457 495
458 1
458 2
458 54
458 62
458 229
458 291
458 325
458 380
458 407
458 446
458 459
458 487
459 16
459 34
459 93
459 152
459 234
459 263
459 307
459 351
459 362
459 371
459 449
459 458
460 20
460 21
460 61
460 80
460 111
460 358
460 368
460 376
460 393
460 404
460 465
460 493
460 497
461 48
461 103
461 155
461 240
461 300
461 301
461 339
461 343
461 359
461 425
461 440
461 469
461 478
462 59
462 190
462 252
462 276
462 282
462 376
462 382
462 404
462 424
462 447
462 475
462 497
462 499
463 101
463 142
463 157
463 163
463 198
463 219
463 391
463 408
463 409
463 444
463 453
463 470
463 500
464 134
464 184
464 192
464 201
464 243
464 244
464 253
464 255
464 263
464 450
464 453
464 470
464 486
465 14
465 29
465 117
465 127
465 212
465 220
465 298
465 326
465 341
465 363
465 448
465 460
465 476
466 159
466 162
466 166
466 267
466 296
466 352
466 359
466 378
466 386
466 438
466 473
466 482
466 483
467 110
467 114
467 226
467 247
467 269
467 297
467 322
467 338
467 355
467 385
467 402
467 422
467 443
468 82
468 206
468 267
468 284
468 294
468 388
468 395
468 411
468 433
468 443
468 483
468 497
468 500
469 2
469 17
469 44
469 58
469 86
469 300
469 301
469 335
469 336
469 352
469 394
469 461
469 477
469 479
470 65
470 74
470 149
470 215
470 242
470 265
470 369
470 400
470 402
470 415
470 445
470 463
470 464
470 485
471 62
471 75
471 120
471 163
471 164
471 182
471 335
471 343
471 416
471 429
471 447
471 449
471 478
471 490
472 11
472 117
472 209
472 251
472 273
472 278
472 279
472 315
472 317
472 326
472 360
472 395
472 407
472 478
473 85
473 88
473 177
473 178
473 194
473 243
473 261
473 291
473 305
473 335
473 412
473 437
473 466
473 496
474 2
474 25
474 88
474 114
474 133
474 164
474 255
474 291
474 315
474 316
474 353
474 366
474 451
474 493
475 125
475 188
475 217
475 223
475 278
475 280
475 319
475 333
475 375
475 406
475 419
475 443
475 462
475 499
475 500
476 19
476 22
476 96
476 129
476 197
476 250
476 266
476 296
476 302
476 318
476 386
476 403
476 465
476 482
476 500
477 12
477 37
477 44
477 46
477 69
477 123
477 238
477 295
477 303
477 376
477 387
477 397
477 469
477 485
477 496
478 5
478 18
478 23
478 32
478 226
478 257
478 308
478 317
478 331
478 400
478 438
478 452
478 461
478 471
478 472
479 36
479 81
479 131
479 174
479 201
479 224
479 247
479 272
479 288
479 348
479 361
479 425
479 469
479 482
479 490
480 13
480 22
480 50
480 75
480 106
480 124
480 155
480 205
480 206
480 216
480 269
480 277
480 334
480 393
480 437
481 40
481 58
481 75
481 128
481 164
481 219
481 312
481 356
481 369
481 383
481 413
481 483
481 484
481 494
481 499
482 27
482 38
482 131
482 216
482 230
482 282
482 348
482 360
482 361
482 372
482 381
482 413
482 466
482 476
482 479
482 490
483 16
483 125
483 141
483 159
483 209
483 218
483 254
483 296
483 321
483 352
483 364
483 366
483 438
483 466
483 468
483 481
484 14
484 74
484 167
484 210
484 215
484 286
484 309
484 320
484 321
484 369
484 392
484 418
484 426
484 442
484 445
484 481
485 5
485 6
485 69
485 193
485 230
485 241
485 260
485 268
485 272
485 288
485 311
485 346
485 377
485 396
485 470
485 477
485 499
486 9
486 34
486 40
486 121
486 251
486 324
486 329
486 353
486 357
486 374
486 416
486 417
486 436
486 453
486 456
486 464
486 488
487 129
487 131
487 255
487 256
487 259
487 291
487 292
487 313
487 334
487 383
487 428
487 440
487 450
487 458
487 490
487 493
487 497
488 28
488 39
488 124
488 153
488 155
488 184
488 201
488 208
488 220
488 240
488 255
488 340
488 401
488 419
488 446
488 486
488 499
489 4
489 12
489 31
489 134
489 202
489 204
489 207
489 254
489 278
489 293
489 295
489 302
489 371
489 409
489 416
489 428
489 453
490 15
490 38
490 107
490 141
490 154
490 196
490 223
490 228
490 288
490 348
490 353
490 431
490 455
490 471
490 479
490 482
490 487
491 47
491 83
491 204
491 213
491 228
491 265
491 266
491 291
491 306
491 314
491 331
491 403
491 405
491 431
491 433
491 443
491 493
491 494
492 5
492 26
492 80
492 218
492 238
492 275
492 278
492 297
492 310
492 367
492 420
492 422
492 432
492 433
492 440
492 442
492 494
492 495
493 27
493 70
493 79
493 105
493 110
493 139
493 171
493 190
493 219
493 252
493 314
493 344
493 359
493 392
493 434
493 460
493 474
493 487
493 491
494 59
494 126
494 144
494 176
494 208
494 213
494 239
494 276
494 301
494 304
494 395
494 408
494 411
494 423
494 481
494 491
494 492
494 498
494 499
495 9
495 17
495 65
495 98
495 144
495 157
495 167
495 172
495 204
495 218
495 275
495 297
495 310
495 402
495 420
495 422
495 457
495 492
495 499
496 54
496 67
496 79
496 99
496 138
496 144
496 154
496 156
496 160
496 165
496 170
496 236
496 242
496 251
496 280
496 289
496 323
496 452
496 473
496 477
497 20
497 103
497 111
497 149
497 159
497 200
497 301
497 327
497 373
497 376
497 389
497 390
497 403
497 404
497 424
497 460
497 462
497 468
497 487
497 498
498 6
498 51
498 60
498 109
498 145
498 173
498 197
498 205
498 240
498 273
498 319
498 324
498 328
498 332
498 354
498 389
498 447
498 494
498 497
498 500
499 5
499 124
499 153
499 170
499 187
499 189
499 221
499 295
499 311
499 318
499 375
499 383
499 398
499 419
499 462
499 475
499 481
499 485
499 488
499 494
499 495
500 53
500 55
500 84
500 121
500 167
500 180
500 212
500 312
500 320
500 333
500 348
500 392
500 430
500 441
500 444
500 453
500 463
500 468
500 475
500 476
500 498
