1 8
2 31
3 22
4 45
5 7
6 50
7 24
8 51
9 5
10 49
11 19
12 54
13 17
14 21
15 47
16 12
17 3
18 42
19 11
20 41
21 10
22 30
23 1
24 38
25 21
26 8
27 52
28 4
29 41
30 46
31 48
32 12
33 39
34 46
35 33
36 42
37 18
38 32
39 16
40 1
41 19
42 48
43 31
44 48
45 50
46 53
47 33
48 33
49 49
50 48
51 32
52 51
53 12
54 7
55 46
56 31
57 15
58 50
59 31
60 15
61 51
62 18
63 44
64 28
65 27
66 46
67 16
68 51
69 20
70 45
71 52
72 43
73 38
74 14
75 12
76 49
77 48
78 32
79 19
80 46
81 16
82 35
83 19
84 51
85 29
86 52
87 25
88 4
89 51
90 46
91 11
92 39
93 54
94 21
95 26
96 31
97 36
98 2
99 1
100 36
101 47
102 36
103 24
104 44
105 25
106 45
107 35
108 33
109 54
110 30
111 6
112 46
113 40
114 20
115 9
116 13
117 35
118 49
119 33
120 19
121 31
122 33
123 47
124 40
125 13
126 51
127 12
128 44
129 41
130 24
131 43
132 46
133 24
134 19
135 46
136 9
137 5
138 41
139 53
140 9
141 2
142 26
143 48
144 9
145 9
146 40
147 31
148 2
149 48
150 37
151 6
152 8
153 50
154 48
155 20
156 18
157 22
158 8
159 14
160 23
161 15
162 11
163 1
164 28
165 38
166 22
167 51
168 51
169 54
170 33
171 45
172 11
173 29
174 34
175 5
176 39
177 49
178 16
179 50
180 13
181 20
182 48
183 19
184 27
185 23
186 34
187 2
188 36
189 5
190 22
191 31
192 27
193 29
194 38
195 9
196 15
197 12
198 39
199 36
200 26
201 5
202 23
203 28
204 46
205 23
206 21
207 50
208 48
209 21
210 14
211 25
212 4
213 46
214 23
215 6
216 49
217 14
218 31
219 7
220 2
221 36
222 17
223 3
224 36
225 52
226 36
227 33
228 36
229 41
230 21
231 11
232 36
233 49
234 16
235 27
236 16
237 27
238 48
239 36
240 39
241 45
242 23
243 21
244 4
245 38
246 12
247 50
248 19
249 42
250 13
251 50
252 52
253 6
254 30
255 39
256 18
257 8
258 44
259 3
260 44
261 27
262 44
263 6
264 27
265 7
266 26
267 17
268 39
269 19
270 21
271 23
272 38
273 24
274 11
275 21
276 46
277 9
278 21
279 36
280 51
281 26
282 10
283 2
284 30
285 5
286 19
287 26
288 13
289 3
290 28
291 39
292 35
293 50
294 32
295 15
296 33
297 19
298 53
299 13
300 51
301 44
302 48
303 35
304 48
305 29
306 48
307 37
308 42
309 21
310 1
311 45
312 31
313 8
314 29
315 47
316 43
317 33
318 53
319 33
320 46
321 1
322 25
323 50
324 35
325 51
326 25
327 50
328 13
329 44
330 50
331 51
332 47
333 7
334 45
335 23
336 4
337 45
338 32
339 13
340 50
341 14
342 49
343 17
344 10
345 34
346 21
347 10
348 42
349 31
350 16
351 50
352 35
353 17
354 21
355 31
356 11
357 27
358 16
359 50
360 27
361 53
362 18
363 51
364 39
365 27
366 21
367 3
368 2
369 21
370 1
371 17
372 21
373 49
374 40
375 33
376 36
377 48
378 29
379 54
380 1
381 44
382 1
383 28
384 52
385 48
386 10
387 30
388 13
389 31
390 34
391 52
392 4
393 16
394 18
395 4
396 31
397 54
398 34
399 19
400 40
401 31
402 50
403 21
404 43
405 14
406 45
407 20
408 50
409 14
410 35
411 26
412 8
413 22
414 49
415 12
416 37
417 11
418 30
419 21
420 46
421 44
422 10
423 36
424 27
425 43
426 9
427 2
428 50
429 22
430 48
431 4
432 21
433 33
434 21
435 50
436 18
437 4
438 29
439 51
440 4
441 2
442 30
443 7
444 37
445 14
446 16
447 44
448 2
449 11
450 17
451 45
452 21
453 46
454 37
455 51
456 39
457 52
458 37
459 11
460 14
461 31
462 13
463 52
464 44
465 52
466 8
467 51
468 16
469 3
470 2
471 2
472 51
473 8
474 45
475 37
476 50
477 19
478 50
479 54
480 37
481 1
482 3
483 9
484 51
485 31
486 46
487 51
488 1
489 49
490 1
491 51
492 46
493 51
494 33
495 45
496 39
497 50
498 21
499 27
500 51
