1 4
1 136
1 137
1 138
1 284
2 71
2 72
2 73
2 102
2 349
3 4
3 5
3 62
3 123
3 364
4 1
4 3
4 5
4 233
4 364
5 3
5 4
5 354
5 364
5 486
6 7
6 8
6 145
6 395
6 402
7 6
7 8
7 395
7 402
7 499
8 6
8 7
8 26
8 28
8 272
9 117
9 120
9 260
9 494
10 55
10 57
10 83
10 91
10 94
11 12
11 13
11 296
11 461
11 493
12 11
12 13
12 342
12 369
12 419
13 11
13 12
13 27
13 36
13 342
14 18
14 229
14 352
14 376
14 484
15 17
15 19
15 421
15 494
15 498
16 46
16 218
16 275
16 453
16 462
17 15
17 19
17 352
17 437
17 491
18 14
18 19
18 274
18 286
18 352
19 15
19 17
19 18
19 144
19 279
20 22
20 23
20 189
20 458
20 498
21 213
21 215
21 374
21 464
21 484
22 20
22 23
22 127
22 189
22 192
23 20
23 22
23 29
23 37
23 189
24 40
24 41
24 43
24 284
24 495
25 27
25 29
25 39
25 189
25 398
26 8
26 28
26 30
26 487
26 500
27 13
27 25
27 29
27 333
27 375
28 8
28 26
28 30
28 442
28 498
29 23
29 25
29 27
29 122
29 437
30 26
30 28
30 33
30 59
30 392
31 32
31 200
31 363
31 406
31 430
32 31
32 34
32 200
32 258
32 288
33 30
33 54
33 55
33 265
33 392
34 32
34 35
34 200
34 481
34 488
35 34
35 110
35 196
35 216
35 354
36 13
36 37
36 60
36 64
36 382
37 23
37 36
37 122
37 354
37 382
38 39
38 43
38 250
38 418
38 499
39 25
39 38
39 43
39 132
39 382
40 24
40 41
40 352
40 372
40 378
41 24
41 40
41 235
41 433
41 465
42 52
42 121
42 122
42 155
42 290
43 24
43 38
43 39
43 140
43 268
44 246
44 247
44 332
44 436
44 459
45 62
45 97
45 109
45 126
45 129
46 16
46 75
46 255
46 275
46 378
47 72
47 297
47 302
47 383
47 465
48 49
48 284
48 446
48 455
48 490
49 48
49 284
49 336
49 343
49 383
50 252
50 253
50 254
50 257
50 336
51 52
51 278
51 284
51 302
51 493
52 42
52 51
52 53
52 225
52 278
53 52
53 59
53 278
53 421
53 494
54 33
54 55
54 83
54 161
54 392
55 10
55 33
55 54
55 83
55 446
56 74
56 205
56 316
56 363
56 432
57 10
57 85
57 86
57 87
57 446
58 85
58 96
58 197
58 226
58 255
59 30
59 53
59 211
59 466
59 499
60 36
60 110
60 366
60 382
60 482
61 131
61 308
61 320
61 366
61 452
62 3
62 45
62 63
62 129
62 196
63 62
63 69
63 128
63 354
63 444
64 36
64 107
64 217
64 304
64 305
65 188
65 217
65 270
65 274
65 488
66 86
66 217
66 247
66 274
66 305
67 68
67 69
67 120
67 450
67 475
68 67
68 69
68 217
68 413
68 434
69 63
69 67
69 68
69 72
69 444
70 88
70 89
70 485
70 495
70 498
71 2
71 452
71 474
71 478
71 494
72 2
72 47
72 69
72 264
72 494
73 2
73 75
73 349
73 353
73 413
74 56
74 219
74 362
74 406
74 475
75 46
75 73
75 255
75 349
75 412
76 77
76 143
76 222
76 297
76 429
77 76
77 165
77 222
77 299
77 349
78 79
78 81
78 134
78 178
78 258
79 78
79 258
79 301
79 423
79 472
80 141
80 183
80 185
80 207
80 342
81 78
81 84
81 222
81 475
81 479
82 83
82 127
82 128
82 129
82 255
83 10
83 54
83 55
83 82
83 91
84 81
84 85
84 305
84 481
84 488
85 57
85 58
85 84
85 249
85 443
86 57
86 66
86 87
86 256
86 430
87 57
87 86
87 119
87 256
87 327
88 70
88 90
88 138
88 308
88 447
89 70
89 90
89 256
89 330
89 437
90 88
90 89
90 344
90 461
90 493
91 10
91 83
91 113
91 115
91 125
92 93
92 109
92 254
92 311
92 462
93 92
93 146
93 278
93 316
93 344
94 10
94 113
94 115
94 412
94 480
95 111
95 260
95 452
95 461
95 493
96 58
96 97
96 99
96 146
96 409
97 45
97 96
97 99
97 146
97 454
98 179
98 188
98 190
98 386
98 452
99 96
99 97
99 382
99 481
99 488
100 102
100 103
100 142
100 237
100 499
101 107
101 177
101 199
101 202
101 485
102 2
102 100
102 103
102 403
102 414
103 100
103 102
103 104
103 416
103 497
104 103
104 105
104 106
104 330
104 437
105 104
105 106
105 107
105 269
105 356
106 104
106 105
106 107
106 137
106 154
107 64
107 101
107 105
107 106
107 108
108 107
108 109
108 210
108 243
108 489
109 45
109 92
109 108
109 111
109 456
110 35
110 60
110 113
110 354
110 422
111 95
111 109
111 260
111 277
111 417
112 114
112 116
112 141
112 418
112 460
113 91
113 94
113 110
113 115
113 294
114 112
114 116
114 369
114 377
114 419
115 91
115 94
115 113
115 294
115 351
116 112
116 114
116 117
116 366
116 496
117 9
117 116
117 260
117 395
117 404
118 119
118 155
118 332
118 452
118 491
119 87
119 118
119 120
119 155
119 292
120 9
120 67
120 119
120 155
120 198
121 42
121 122
121 275
121 368
121 467
122 29
122 37
122 42
122 121
122 123
123 3
123 122
123 128
123 149
123 364
124 125
124 126
124 149
124 200
124 403
125 91
125 124
125 126
125 149
125 384
126 45
126 124
126 125
126 482
126 491
127 22
127 82
127 128
127 358
127 472
128 63
128 82
128 123
128 127
128 388
129 45
129 62
129 82
129 285
130 282
130 285
130 398
130 417
130 469
130 494
131 61
131 133
131 294
131 303
131 497
132 39
132 134
132 136
132 226
132 255
133 131
133 294
133 303
133 339
133 451
134 78
134 132
134 136
134 197
134 226
135 168
135 170
135 208
135 219
135 348
136 1
136 132
136 134
136 266
136 448
137 1
137 106
137 138
137 205
137 394
138 1
138 88
138 137
138 142
138 390
139 183
139 276
139 421
139 447
139 494
140 43
140 141
140 183
140 276
140 466
141 80
141 112
141 140
141 182
141 276
142 100
142 138
142 207
142 452
142 499
143 76
143 144
143 150
143 289
143 491
144 19
144 143
144 148
144 150
144 323
145 6
145 216
145 220
145 363
145 451
146 93
146 96
146 97
146 344
146 467
147 158
147 162
147 163
147 330
147 452
148 144
148 150
148 276
148 346
148 476
149 123
149 124
149 125
149 294
149 427
150 143
150 144
150 148
150 273
150 414
151 152
151 157
151 160
151 444
151 454
152 151
152 154
152 157
152 230
152 412
153 161
153 165
153 171
153 174
153 362
154 106
154 152
154 156
154 306
154 330
155 42
155 118
155 119
155 120
155 223
156 154
156 198
156 232
156 330
156 423
157 151
157 152
157 306
157 330
157 380
158 147
158 164
158 289
158 297
158 370
159 201
159 424
159 443
159 447
159 457
160 151
160 175
160 176
160 177
160 444
161 54
161 153
161 165
161 171
161 174
162 147
162 163
162 164
162 485
162 495
163 147
163 162
163 164
163 367
163 476
164 158
164 162
164 163
164 231
164 472
165 77
165 153
165 161
165 303
165 339
166 192
166 225
166 232
166 238
166 385
167 192
167 227
167 313
167 348
167 401
168 135
168 169
168 172
168 241
168 497
169 168
169 172
169 173
169 407
169 409
170 135
170 173
170 320
170 348
170 492
171 153
171 161
171 174
171 303
171 476
172 168
172 169
172 227
172 455
172 490
173 169
173 170
173 440
173 462
173 490
174 153
174 161
174 171
174 459
174 493
175 160
175 322
175 363
175 406
175 457
176 160
176 177
176 363
176 406
176 434
177 101
177 160
177 176
177 217
177 221
178 78
178 180
178 286
178 303
178 329
178 414
179 98
179 190
179 191
179 193
179 300
179 469
180 178
180 246
180 373
180 414
180 449
180 492
181 182
181 184
181 303
181 305
181 414
181 463
182 141
182 181
182 184
182 199
182 286
182 414
183 80
183 139
183 140
183 185
183 263
183 439
184 181
184 182
184 187
184 188
184 276
184 499
185 80
185 183
185 207
185 297
185 417
185 424
186 262
186 268
186 269
186 361
186 376
186 500
187 184
187 188
187 214
187 286
187 414
187 491
188 65
188 98
188 184
188 187
188 206
188 451
189 20
189 22
189 23
189 25
189 352
189 418
190 98
190 179
190 191
190 193
190 224
190 380
191 179
191 190
191 193
191 227
191 436
191 486
192 22
192 166
192 167
192 225
192 232
192 358
193 179
193 190
193 191
193 194
193 352
193 418
194 193
194 201
194 386
194 387
194 447
194 500
195 258
195 277
195 336
195 341
195 350
195 378
196 35
196 62
196 229
196 230
196 488
196 493
197 58
197 134
197 226
197 255
197 326
197 373
198 120
198 156
198 249
198 263
198 265
198 440
199 101
199 182
199 212
199 214
199 235
199 296
200 31
200 32
200 34
200 124
200 403
200 492
201 159
201 194
201 279
201 323
201 443
201 447
202 101
202 206
202 208
202 251
202 298
202 457
203 231
203 312
203 337
203 431
203 484
203 498
204 288
204 336
204 341
204 423
204 475
204 496
205 56
205 137
205 219
205 306
205 334
205 363
206 188
206 202
206 208
206 223
206 298
206 457
207 80
207 142
207 185
207 469
207 497
207 498
208 135
208 202
208 206
208 287
208 298
208 317
209 210
209 213
209 278
209 317
209 374
209 454
210 108
210 209
210 212
210 219
210 317
210 374
211 59
211 274
211 304
211 419
211 485
211 495
212 199
212 210
212 215
212 317
212 374
212 418
213 21
213 209
213 215
213 216
213 264
213 466
214 187
214 199
214 235
214 319
214 482
214 491
215 21
215 212
215 213
215 216
215 349
215 466
216 35
216 145
216 213
216 215
216 220
216 432
217 64
217 65
217 66
217 68
217 177
217 221
218 16
218 316
218 328
218 351
218 363
218 468
219 74
219 135
219 205
219 210
219 316
219 334
220 145
220 216
220 280
220 316
220 481
220 491
221 177
221 217
221 223
221 357
221 362
221 406
222 76
222 77
222 81
222 474
222 483
222 497
223 155
223 206
223 221
223 224
223 357
223 475
224 190
224 223
224 334
224 357
224 380
224 406
225 52
225 166
225 192
225 232
225 304
225 331
226 58
226 132
226 134
226 197
226 357
226 377
227 167
227 172
227 191
227 232
227 233
227 348
228 229
228 251
228 282
228 356
228 357
228 448
229 14
229 196
229 228
229 230
229 356
229 431
230 152
230 196
230 229
230 231
230 347
230 356
231 164
231 203
231 230
231 337
231 356
231 484
232 156
232 166
232 192
232 225
232 227
232 465
233 4
233 227
233 234
233 236
233 337
233 497
234 233
234 236
234 293
234 337
234 413
234 451
235 41
235 199
235 214
235 264
235 311
235 375
236 233
236 234
236 238
236 239
236 295
236 442
237 100
237 311
237 346
237 350
237 378
237 446
238 166
238 236
238 239
238 241
238 315
238 429
239 236
239 238
239 241
239 336
239 383
239 429
240 271
240 291
240 470
240 473
240 477
240 478
241 168
241 238
241 239
241 243
241 429
241 498
242 243
242 244
242 373
242 429
242 453
242 462
243 108
243 241
243 242
243 244
243 287
243 429
244 242
244 243
244 245
244 475
244 485
244 495
245 244
245 246
245 411
245 461
245 484
245 493
246 44
246 180
246 245
246 449
246 451
246 453
247 44
247 66
247 248
247 250
247 332
247 366
248 247
248 250
248 251
248 332
248 497
248 498
249 85
249 198
249 261
249 263
249 265
249 492
250 38
250 247
250 248
250 251
250 332
250 499
251 202
251 228
251 248
251 250
251 253
251 332
252 50
252 253
252 408
252 428
252 432
252 445
253 50
253 251
253 252
253 257
253 443
253 471
254 50
254 92
254 257
254 259
254 261
254 317
255 46
255 58
255 75
255 82
255 132
255 197
256 86
256 87
256 89
256 341
256 385
256 452
257 50
257 253
257 254
257 261
257 361
257 399
258 32
258 78
258 79
258 195
258 308
258 489
259 254
259 261
259 381
259 393
259 488
259 498
260 9
260 95
260 111
260 117
260 339
260 496
261 249
261 254
261 257
261 259
261 307
261 448
262 186
262 268
262 273
262 277
262 465
262 496
263 183
263 198
263 249
263 389
263 392
263 477
264 72
264 213
264 235
264 267
264 271
264 316
265 33
265 198
265 249
265 292
265 345
265 489
266 136
266 292
266 345
266 376
266 448
266 477
267 264
267 271
267 374
267 457
267 460
267 469
268 43
268 186
268 262
268 277
268 309
268 361
269 105
269 186
269 270
269 273
269 313
269 371
270 65
270 269
270 313
270 384
270 436
270 497
271 240
271 264
271 267
271 280
271 391
271 488
272 8
272 306
272 312
272 328
272 333
272 491
273 150
273 262
273 269
273 313
273 464
273 482
274 18
274 65
274 66
274 211
274 305
274 468
275 16
275 46
275 121
275 396
275 467
275 485
276 139
276 140
276 141
276 148
276 184
276 338
277 111
277 195
277 262
277 268
277 292
277 313
278 51
278 52
278 53
278 93
278 209
278 320
279 19
279 201
279 280
279 281
279 313
279 433
280 220
280 271
280 279
280 281
280 283
280 391
280 424
281 279
281 280
281 283
281 313
281 351
281 398
281 498
282 130
282 228
282 285
282 359
282 417
282 469
282 484
283 280
283 281
283 290
283 302
283 441
283 461
283 493
284 1
284 24
284 48
284 49
284 51
284 427
284 489
285 129
285 130
285 282
285 411
285 417
285 484
286 18
286 178
286 182
286 187
286 368
286 373
286 464
287 208
287 243
287 307
287 309
287 314
287 417
287 484
288 32
288 204
288 315
288 321
288 328
288 333
288 360
289 143
289 158
289 290
289 291
289 293
289 295
289 424
290 42
290 283
290 289
290 472
290 484
290 489
290 499
291 240
291 289
291 293
291 295
291 477
291 486
291 500
292 119
292 265
292 266
292 277
292 326
292 345
292 376
293 234
293 289
293 291
293 295
293 368
293 415
293 451
294 113
294 115
294 131
294 133
294 149
294 339
294 449
295 236
295 289
295 291
295 293
295 297
295 328
295 462
296 11
296 199
296 343
296 352
296 364
296 366
296 466
297 47
297 76
297 158
297 185
297 295
297 299
297 312
298 202
298 206
298 208
298 440
298 443
298 447
298 490
299 77
299 297
299 306
299 312
299 394
299 396
299 485
300 179
300 301
300 374
300 375
300 407
300 427
300 462
301 79
301 300
301 389
301 396
301 427
301 462
301 479
302 47
302 51
302 283
302 306
302 312
302 406
302 493
303 131
303 133
303 165
303 171
303 178
303 181
303 339
304 64
304 211
304 225
304 305
304 414
304 468
304 498
305 64
305 66
305 84
305 181
305 274
305 304
305 445
306 154
306 157
306 205
306 272
306 299
306 302
306 312
307 261
307 287
307 309
307 314
307 318
307 448
307 484
308 61
308 88
308 258
308 310
308 320
308 390
308 463
309 268
309 287
309 307
309 314
309 318
309 349
309 484
310 308
310 311
310 319
310 322
310 370
310 405
310 487
311 92
311 235
311 237
311 310
311 320
311 370
311 433
312 203
312 272
312 297
312 299
312 302
312 306
312 394
313 167
313 269
313 270
313 273
313 277
313 279
313 281
314 287
314 307
314 309
314 318
314 323
314 473
314 477
315 238
315 288
315 321
315 328
315 333
315 384
315 385
316 56
316 93
316 218
316 219
316 220
316 264
316 363
317 208
317 209
317 210
317 212
317 254
317 374
317 410
318 307
318 309
318 314
318 323
318 324
318 475
318 479
319 214
319 310
319 322
319 370
319 371
319 387
319 442
320 61
320 170
320 278
320 308
320 311
320 343
320 492
321 288
321 315
321 328
321 359
321 428
321 432
321 487
322 175
322 310
322 319
322 360
322 370
322 411
322 443
323 144
323 201
323 314
323 318
323 324
323 331
323 468
324 318
324 323
324 326
324 331
324 396
324 430
324 467
325 357
325 381
325 385
325 394
325 412
325 494
325 499
326 197
326 292
326 324
326 331
326 335
326 430
326 475
327 87
327 338
327 353
327 400
327 404
327 422
327 475
328 218
328 272
328 288
328 295
328 315
328 321
328 453
329 178
329 368
329 373
329 460
329 469
329 493
329 498
330 89
330 104
330 147
330 154
330 156
330 157
330 482
331 225
331 323
331 324
331 326
331 335
331 430
331 475
332 44
332 118
332 247
332 248
332 250
332 251
332 341
333 27
333 272
333 288
333 315
333 463
333 487
333 500
334 205
334 219
334 224
334 362
334 406
334 475
334 479
335 326
335 331
335 415
335 422
335 430
335 460
335 475
336 49
336 50
336 195
336 204
336 239
336 341
336 480
337 203
337 231
337 233
337 234
337 426
337 441
337 462
338 276
338 327
338 400
338 422
338 469
338 478
338 499
339 133
339 165
339 260
339 294
339 303
339 426
339 496
340 403
340 413
340 415
340 420
340 432
340 435
340 441
341 195
341 204
341 256
341 332
341 336
341 346
341 452
342 12
342 13
342 80
342 352
342 443
342 458
342 471
343 49
343 296
343 320
343 355
343 366
343 452
343 487
344 90
344 93
344 146
344 381
344 485
344 495
345 265
345 266
345 292
345 361
345 365
345 376
345 487
346 148
346 237
346 341
346 350
346 367
346 378
346 476
347 230
347 377
347 380
347 383
347 391
347 396
347 412
348 135
348 167
348 170
348 227
348 473
348 477
348 500
349 2
349 73
349 75
349 77
349 215
349 309
349 466
350 195
350 237
350 346
350 378
350 402
350 447
350 486
351 115
351 218
351 281
351 386
351 387
351 435
351 441
351 448
352 14
352 17
352 18
352 40
352 189
352 193
352 296
352 342
353 73
353 327
353 358
353 400
353 422
353 454
353 483
353 497
354 5
354 35
354 37
354 63
354 110
354 407
354 447
354 480
355 343
355 359
355 375
355 384
355 407
355 418
355 446
355 487
356 105
356 228
356 229
356 230
356 231
356 389
356 439
356 449
357 221
357 223
357 224
357 226
357 228
357 325
357 377
357 481
358 127
358 192
358 353
358 359
358 400
358 454
358 459
358 497
359 282
359 321
359 355
359 358
359 360
359 400
359 454
359 481
360 288
360 322
360 359
360 365
360 367
360 372
360 420
360 454
361 186
361 257
361 268
361 345
361 376
361 399
361 403
361 489
362 74
362 153
362 221
362 334
362 406
362 435
362 465
362 496
363 31
363 56
363 145
363 175
363 176
363 205
363 218
363 316
364 3
364 4
364 5
364 123
364 296
364 392
364 474
364 478
365 345
365 360
365 367
365 372
365 379
365 394
365 456
365 463
366 60
366 61
366 116
366 247
366 296
366 343
366 452
366 496
367 163
367 346
367 360
367 365
367 372
367 379
367 394
367 476
368 121
368 286
368 293
368 329
368 369
368 373
368 451
368 495
369 12
369 114
369 368
369 388
369 393
369 426
369 444
369 451
370 158
370 310
370 311
370 319
370 322
370 393
370 446
371 269
371 319
371 390
371 397
371 468
371 479
371 481
371 491
372 40
372 360
372 365
372 367
372 378
372 379
372 394
372 407
373 180
373 197
373 242
373 286
373 329
373 368
373 471
373 495
374 21
374 209
374 210
374 212
374 267
374 300
374 317
374 422
375 27
375 235
375 300
375 355
375 384
375 407
375 433
375 462
376 14
376 186
376 266
376 292
376 345
376 361
376 394
376 459
377 114
377 226
377 347
377 357
377 380
377 383
377 396
377 473
378 40
378 46
378 195
378 237
378 346
378 350
378 372
378 492
379 365
379 367
379 372
379 394
379 430
379 438
379 454
379 465
380 157
380 190
380 224
380 347
380 377
380 383
380 391
380 427
381 259
381 325
381 344
381 385
381 412
381 446
381 491
381 498
382 36
382 37
382 39
382 60
382 99
382 427
382 429
382 435
383 47
383 49
383 239
383 347
383 377
383 380
383 415
383 491
384 125
384 270
384 315
384 355
384 375
384 407
384 418
384 470
385 166
385 256
385 315
385 325
385 381
385 412
385 418
385 446
386 98
386 194
386 351
386 387
386 409
386 441
386 451
386 500
387 194
387 319
387 351
387 386
387 389
387 409
387 439
387 441
387 448
388 128
388 369
388 393
388 395
388 402
388 409
388 426
388 464
388 468
389 263
389 301
389 356
389 387
389 391
389 427
389 439
389 461
389 462
390 138
390 308
390 371
390 397
390 399
390 401
390 460
390 478
390 479
391 271
391 280
391 347
391 380
391 389
391 396
391 462
391 481
391 488
392 30
392 33
392 54
392 263
392 364
392 395
392 402
392 474
392 478
393 259
393 369
393 370
393 388
393 402
393 426
393 446
393 448
394 137
394 299
394 312
394 325
394 365
394 367
394 372
394 376
394 379
395 6
395 7
395 117
395 388
395 392
395 402
395 443
395 469
395 471
396 275
396 299
396 301
396 324
396 347
396 377
396 391
396 415
396 467
397 371
397 390
397 399
397 400
397 401
397 415
397 460
397 479
397 484
398 25
398 130
398 281
398 411
398 444
398 457
398 469
398 479
398 498
399 257
399 361
399 390
399 397
399 401
399 404
399 460
399 489
399 492
400 327
400 338
400 353
400 358
400 359
400 397
400 454
400 472
400 484
401 167
401 390
401 397
401 399
401 404
401 405
401 408
401 457
401 460
402 6
402 7
402 350
402 388
402 392
402 393
402 395
402 447
402 480
403 102
403 124
403 200
403 340
403 361
403 413
403 415
403 432
403 472
404 117
404 327
404 399
404 401
404 405
404 408
404 416
404 443
404 460
405 310
405 401
405 404
405 408
405 416
405 456
405 460
405 463
405 499
406 31
406 74
406 175
406 176
406 221
406 224
406 302
406 334
406 362
407 169
407 300
407 354
407 355
407 372
407 375
407 384
407 488
407 492
408 252
408 401
408 404
408 405
408 416
408 420
408 453
408 457
408 460
409 96
409 169
409 386
409 387
409 388
409 426
409 441
409 451
409 492
410 317
410 425
410 428
410 431
410 436
410 444
410 480
410 486
410 498
411 245
411 285
411 322
411 398
411 431
411 444
411 469
411 470
411 498
412 75
412 94
412 152
412 325
412 347
412 381
412 385
412 418
412 446
413 68
413 73
413 234
413 340
413 403
413 432
413 435
413 448
413 458
414 102
414 150
414 178
414 180
414 181
414 182
414 187
414 304
414 468
415 293
415 335
415 340
415 383
415 396
415 397
415 403
415 432
415 484
416 103
416 404
416 405
416 408
416 420
416 421
416 453
416 458
416 483
417 111
417 130
417 185
417 282
417 285
417 287
417 441
417 469
417 470
417 484
418 38
418 112
418 189
418 193
418 212
418 355
418 384
418 385
418 412
418 446
419 12
419 114
419 211
419 423
419 424
419 434
419 437
419 442
419 449
419 458
420 340
420 360
420 408
420 416
420 421
420 423
420 426
420 453
420 458
420 470
421 15
421 53
421 139
421 416
421 420
421 423
421 434
421 453
421 458
421 494
422 110
422 327
422 335
422 338
422 353
422 374
422 430
422 460
422 469
422 475
423 79
423 156
423 204
423 419
423 420
423 421
423 434
423 453
423 458
423 479
424 159
424 185
424 280
424 289
424 419
424 428
424 433
424 437
424 440
424 442
425 410
425 426
425 428
425 431
425 436
425 441
425 444
425 448
425 470
425 498
426 337
426 339
426 369
426 388
426 393
426 409
426 420
426 425
426 451
426 470
427 149
427 284
427 300
427 301
427 380
427 382
427 389
427 429
427 436
427 462
428 252
428 321
428 410
428 424
428 425
428 433
428 436
428 440
428 456
428 463
429 76
429 238
429 239
429 241
429 242
429 243
429 382
429 427
429 435
429 489
430 31
430 86
430 324
430 326
430 331
430 335
430 379
430 422
430 438
430 475
431 203
431 229
431 410
431 411
431 425
431 436
431 444
431 459
431 469
431 498
432 56
432 216
432 252
432 321
432 340
432 403
432 413
432 415
432 435
432 468
433 41
433 279
433 311
433 375
433 424
433 428
433 436
433 437
433 440
433 442
434 68
434 176
434 419
434 421
434 423
434 442
434 453
434 458
434 483
434 490
435 340
435 351
435 362
435 382
435 413
435 429
435 432
435 436
435 448
435 489
436 44
436 191
436 270
436 410
436 425
436 427
436 428
436 431
436 433
436 435
436 440
437 17
437 29
437 89
437 104
437 419
437 424
437 433
437 440
437 442
437 458
437 482
438 379
438 430
438 439
438 449
438 450
438 456
438 467
438 489
438 492
438 496
438 497
439 183
439 356
439 387
439 389
439 438
439 449
439 456
439 463
439 465
439 477
439 488
440 173
440 198
440 298
440 424
440 428
440 433
440 436
440 437
440 442
440 455
440 490
441 283
441 337
441 340
441 351
441 386
441 387
441 409
441 417
441 425
441 448
441 451
442 28
442 236
442 319
442 419
442 424
442 433
442 434
442 437
442 440
442 453
442 462
443 85
443 159
443 201
443 253
443 298
443 322
443 342
443 395
443 404
443 447
443 496
444 63
444 69
444 151
444 160
444 369
444 398
444 410
444 411
444 425
444 431
444 498
445 252
445 305
445 450
445 455
445 457
445 459
445 474
445 482
445 485
445 490
445 493
446 48
446 55
446 57
446 237
446 355
446 370
446 381
446 385
446 393
446 412
446 418
447 88
447 139
447 159
447 194
447 201
447 298
447 350
447 354
447 402
447 443
447 454
448 136
448 228
448 261
448 266
448 307
448 351
448 387
448 393
448 413
448 425
448 435
448 441
449 180
449 246
449 294
449 356
449 419
449 438
449 439
449 456
449 463
449 465
449 477
449 492
450 67
450 438
450 445
450 455
450 459
450 465
450 474
450 482
450 485
450 490
450 493
450 496
451 133
451 145
451 188
451 234
451 246
451 293
451 368
451 369
451 386
451 409
451 426
451 441
452 61
452 71
452 95
452 98
452 118
452 142
452 147
452 256
452 341
452 343
452 366
452 457
453 16
453 242
453 246
453 328
453 408
453 416
453 420
453 421
453 423
453 434
453 442
453 458
454 97
454 151
454 209
454 353
454 358
454 359
454 360
454 379
454 400
454 447
454 480
454 486
455 48
455 172
455 440
455 445
455 450
455 459
455 466
455 474
455 482
455 485
455 490
455 493
456 109
456 365
456 405
456 428
456 438
456 439
456 449
456 463
456 465
456 467
456 477
456 492
457 159
457 175
457 202
457 206
457 267
457 398
457 401
457 408
457 445
457 452
457 479
457 481
458 20
458 342
458 413
458 416
458 419
458 420
458 421
458 423
458 434
458 437
458 453
458 479
458 497
459 44
459 174
459 358
459 376
459 431
459 445
459 450
459 455
459 466
459 480
459 485
459 490
459 493
460 112
460 267
460 329
460 335
460 390
460 397
460 399
460 401
460 404
460 405
460 408
460 422
460 469
461 11
461 90
461 95
461 245
461 283
461 389
461 463
461 468
461 470
461 472
461 477
461 481
461 488
462 16
462 92
462 173
462 242
462 295
462 300
462 301
462 337
462 375
462 389
462 391
462 427
462 442
463 181
463 308
463 333
463 365
463 405
463 428
463 439
463 449
463 456
463 461
463 465
463 470
463 477
463 488
464 21
464 273
464 286
464 388
464 471
464 474
464 476
464 486
464 487
464 490
464 494
464 495
464 496
464 499
465 41
465 47
465 232
465 262
465 362
465 379
465 439
465 449
465 450
465 456
465 463
465 467
465 477
465 488
466 59
466 140
466 213
466 215
466 296
466 349
466 455
466 459
466 473
466 478
466 480
466 485
466 489
466 497
467 121
467 146
467 275
467 324
467 396
467 438
467 456
467 465
467 473
467 478
467 480
467 489
467 492
467 497
468 218
468 274
468 304
468 323
468 371
468 388
468 414
468 432
468 461
468 470
468 472
468 479
468 481
468 491
469 130
469 179
469 207
469 267
469 282
469 329
469 338
469 395
469 398
469 411
469 417
469 422
469 431
469 460
470 240
470 384
470 411
470 417
470 420
470 425
470 426
470 461
470 463
470 468
470 472
470 479
470 481
470 491
471 253
471 342
471 373
471 395
471 464
471 476
471 483
471 486
471 494
471 495
471 496
471 500
472 79
472 127
472 164
472 290
472 400
472 403
472 461
472 468
472 470
472 477
472 481
472 484
472 488
472 491
473 240
473 314
473 348
473 377
473 466
473 467
473 477
473 478
473 480
473 485
473 489
473 492
473 497
473 500
474 71
474 222
474 364
474 392
474 445
474 450
474 455
474 464
474 478
474 482
474 487
474 490
474 493
474 499
475 67
475 74
475 81
475 204
475 223
475 244
475 318
475 326
475 327
475 331
475 334
475 335
475 422
475 430
476 148
476 163
476 171
476 346
476 367
476 464
476 471
476 483
476 486
476 487
476 494
476 495
476 496
476 499
476 500
477 240
477 263
477 266
477 291
477 314
477 348
477 439
477 449
477 456
477 461
477 463
477 465
477 472
477 473
477 488
478 71
478 240
478 338
478 364
478 390
478 392
478 466
478 467
478 473
478 474
478 480
478 485
478 489
478 492
478 497
479 81
479 301
479 318
479 334
479 371
479 390
479 397
479 398
479 423
479 457
479 458
479 468
479 470
479 481
479 491
480 94
480 336
480 354
480 402
480 410
480 454
480 459
480 466
480 467
480 473
480 478
480 485
480 486
480 489
480 497
481 34
481 84
481 99
481 220
481 357
481 359
481 371
481 391
481 457
481 461
481 468
481 470
481 472
481 479
481 488
481 491
482 60
482 126
482 214
482 273
482 330
482 437
482 445
482 450
482 455
482 474
482 486
482 487
482 490
482 491
482 493
482 499
483 222
483 353
483 416
483 434
483 471
483 476
483 494
483 495
483 496
483 498
483 500
484 14
484 21
484 203
484 231
484 245
484 282
484 285
484 287
484 290
484 307
484 309
484 397
484 400
484 415
484 417
484 472
485 70
485 101
485 162
485 211
485 244
485 275
485 299
485 344
485 445
485 450
485 455
485 459
485 466
485 473
485 478
485 480
486 5
486 191
486 291
486 350
486 410
486 454
486 464
486 471
486 476
486 480
486 482
486 487
486 490
486 494
486 495
486 496
486 499
487 26
487 310
487 321
487 333
487 343
487 345
487 355
487 464
487 474
487 476
487 482
487 486
487 490
487 493
487 494
487 496
487 499
488 34
488 65
488 84
488 99
488 196
488 259
488 271
488 391
488 407
488 439
488 461
488 463
488 465
488 472
488 477
488 481
488 492
488 497
489 108
489 258
489 265
489 284
489 290
489 361
489 399
489 429
489 435
489 438
489 466
489 467
489 473
489 478
489 480
489 491
489 492
489 497
490 48
490 172
490 173
490 298
490 434
490 440
490 445
490 450
490 455
490 459
490 464
490 474
490 482
490 486
490 487
490 493
490 496
490 499
491 17
491 118
491 126
491 143
491 187
491 214
491 220
491 272
491 371
491 381
491 383
491 468
491 470
491 472
491 479
491 481
491 482
491 489
492 170
492 180
492 200
492 249
492 320
492 378
492 399
492 407
492 409
492 438
492 449
492 456
492 467
492 473
492 478
492 488
492 489
492 497
493 11
493 51
493 90
493 95
493 174
493 196
493 245
493 283
493 302
493 329
493 445
493 450
493 455
493 459
493 474
493 482
493 487
493 490
493 499
494 9
494 15
494 53
494 71
494 72
494 130
494 139
494 325
494 421
494 464
494 471
494 476
494 483
494 486
494 487
494 495
494 496
494 499
494 500
495 24
495 70
495 162
495 211
495 244
495 344
495 368
495 373
495 464
495 471
495 476
495 483
495 486
495 494
495 496
495 500
496 116
496 204
496 260
496 262
496 339
496 362
496 366
496 438
496 443
496 450
496 464
496 471
496 476
496 483
496 486
496 487
496 490
496 494
496 495
496 499
497 103
497 131
497 168
497 207
497 222
497 233
497 248
497 270
497 353
497 358
497 438
497 458
497 466
497 467
497 473
497 478
497 480
497 488
497 489
497 492
498 15
498 20
498 28
498 70
498 203
498 207
498 241
498 248
498 259
498 281
498 304
498 329
498 381
498 398
498 410
498 411
498 425
498 431
498 444
498 483
499 7
499 38
499 59
499 100
499 142
499 184
499 250
499 290
499 325
499 338
499 405
499 464
499 474
499 476
499 482
499 486
499 487
499 490
499 493
499 494
499 496
500 26
500 186
500 194
500 291
500 333
500 348
500 386
500 471
500 473
500 476
500 483
500 494
500 495
