1 134
1 164
1 265
1 470
1 478
2 3
2 332
2 360
2 386
2 462
3 2
3 5
3 17
3 251
3 332
4 120
4 121
4 122
4 191
4 499
5 3
5 8
5 103
5 251
5 332
6 15
6 42
6 388
6 406
6 439
6 492
7 10
7 71
7 90
7 218
7 406
8 5
8 95
8 169
8 251
8 493
9 11
9 12
9 297
9 390
10 7
10 177
10 300
10 322
10 486
11 9
11 12
11 16
11 169
11 346
12 9
12 11
12 16
12 46
12 169
13 165
13 166
13 298
13 421
13 492
14 132
14 136
14 144
14 363
14 408
14 427
15 6
15 42
15 304
15 389
15 439
15 486
16 11
16 12
16 17
16 19
16 183
17 3
17 16
17 18
17 19
17 292
18 17
18 19
18 59
18 292
18 470
19 16
19 17
19 18
19 37
19 292
20 178
20 240
20 292
20 344
20 446
21 29
21 178
21 240
21 292
21 441
22 24
22 84
22 240
22 270
22 496
23 77
23 155
23 157
23 424
23 458
24 22
24 25
24 26
24 33
24 270
25 24
25 26
25 178
25 345
25 422
26 24
26 25
26 27
26 261
26 270
27 26
27 28
27 47
27 330
27 488
28 27
28 35
28 330
28 461
28 477
29 21
29 243
29 330
29 418
29 445
30 142
30 226
30 243
30 330
30 391
31 32
31 226
31 378
31 451
31 476
32 31
32 36
32 85
32 226
32 231
33 24
33 93
33 202
33 287
33 300
34 49
34 113
34 153
34 280
34 351
35 28
35 36
35 39
35 226
35 231
36 32
36 35
36 39
36 226
36 231
37 19
37 39
37 186
37 289
37 496
38 129
38 235
38 246
38 257
38 265
39 35
39 36
39 37
39 186
39 231
40 43
40 45
40 97
40 186
40 409
41 150
41 151
41 196
41 216
41 328
42 6
42 15
42 376
42 417
42 439
43 40
43 45
43 46
43 190
43 260
44 65
44 66
44 395
44 416
44 448
45 40
45 43
45 46
45 186
45 271
46 12
46 43
46 45
46 51
46 260
47 27
47 54
47 55
47 56
47 57
48 107
48 129
48 131
48 220
48 337
49 34
49 50
49 51
49 52
49 472
50 49
50 51
50 52
50 260
50 463
51 46
51 49
51 50
51 52
51 90
52 49
52 50
52 51
52 54
52 397
53 55
53 58
53 59
53 121
53 383
54 47
54 52
54 56
54 111
54 394
55 47
55 53
55 57
55 58
55 92
56 47
56 54
56 57
56 405
56 484
57 47
57 55
57 56
57 58
57 124
58 53
58 55
58 57
58 59
58 74
59 18
59 53
59 58
59 61
59 224
60 123
60 128
60 130
60 200
60 384
61 59
61 62
61 139
61 224
61 278
62 61
62 63
62 64
62 201
62 224
63 62
63 67
63 70
63 178
63 201
64 62
64 101
64 107
64 179
64 301
65 44
65 66
65 394
65 395
65 416
65 479
66 44
66 65
66 394
66 416
66 479
67 63
67 70
67 96
67 201
67 224
68 70
68 175
68 201
68 233
68 461
69 104
69 180
69 189
69 227
69 228
70 63
70 67
70 68
70 118
70 201
71 7
71 72
71 175
71 208
71 390
72 71
72 75
72 208
72 233
72 490
73 75
73 76
73 208
73 333
73 398
74 58
74 106
74 108
74 179
74 478
75 72
75 73
75 76
75 333
75 369
76 73
76 75
76 108
76 208
76 333
77 23
77 155
77 158
77 212
77 431
78 252
78 303
78 318
78 424
78 434
79 116
79 381
79 452
79 466
79 473
80 117
80 118
80 119
80 120
80 290
81 252
81 318
81 346
81 381
81 457
82 84
82 99
82 277
82 311
82 352
83 148
83 149
83 150
83 196
83 482
84 22
84 82
84 88
84 277
84 381
85 32
85 86
85 87
85 89
85 492
86 85
86 88
86 89
86 448
87 85
87 89
87 150
87 277
87 312
88 84
88 86
88 89
88 126
88 277
89 85
89 86
89 87
89 88
89 145
90 7
90 51
90 218
90 284
90 446
91 120
91 121
91 152
91 333
91 468
92 55
92 93
92 300
92 479
92 494
93 33
93 92
93 218
93 300
93 364
94 109
94 112
94 114
94 137
94 262
95 8
95 97
95 287
95 416
95 496
96 67
96 202
96 287
96 314
96 435
97 40
97 95
97 287
97 314
97 328
98 100
98 101
98 103
98 314
98 493
99 82
99 125
99 170
99 171
99 285
99 379
100 98
100 103
100 380
100 461
100 485
101 64
101 98
101 107
101 262
101 301
102 103
102 249
102 314
102 403
103 5
103 98
103 100
103 102
103 462
104 69
104 105
104 271
104 345
104 489
105 104
105 106
105 108
105 165
105 271
106 74
106 105
106 108
106 141
106 271
107 48
107 64
107 101
107 179
107 301
108 74
108 76
108 105
108 106
108 381
109 94
109 112
109 262
109 301
109 486
110 115
110 153
110 361
110 424
110 458
111 54
111 141
111 142
111 143
111 473
112 94
112 109
112 115
112 253
112 397
113 34
113 153
113 166
113 216
113 488
114 94
114 115
114 262
114 336
114 374
115 110
115 112
115 114
115 119
115 330
116 79
116 117
116 118
116 386
116 479
117 80
117 116
117 118
117 119
117 169
118 70
118 80
118 116
118 117
118 119
119 80
119 115
119 117
119 118
119 477
120 4
120 80
120 91
120 121
120 300
121 4
121 53
121 91
121 120
121 450
122 4
122 124
122 126
122 191
122 471
123 60
123 124
123 151
123 200
123 384
124 57
124 122
124 123
124 126
124 191
125 99
125 170
125 171
125 285
125 438
126 88
126 122
126 124
126 191
126 200
127 282
127 312
127 322
127 355
127 411
128 60
128 220
128 384
128 424
128 484
129 38
129 48
129 131
129 411
129 437
130 60
130 220
130 337
130 384
130 390
130 479
131 48
131 129
131 132
131 135
131 337
132 14
132 131
132 133
132 144
132 463
133 132
133 144
133 149
133 315
133 488
134 1
134 164
134 195
134 265
134 476
135 131
135 136
135 137
135 395
135 417
136 14
136 135
136 137
136 181
136 499
137 94
137 135
137 136
137 144
137 181
138 139
138 377
138 456
138 459
138 500
139 61
139 138
139 140
139 181
139 412
140 139
140 146
140 191
140 256
140 496
141 106
141 111
141 142
141 147
141 405
142 30
142 111
142 141
142 147
142 483
143 111
143 147
143 216
143 256
143 467
144 14
144 132
144 133
144 137
144 314
145 89
145 180
145 227
145 229
145 334
146 140
146 147
146 256
146 429
146 472
147 141
147 142
147 143
147 146
147 485
148 83
148 149
148 150
148 176
148 455
149 83
149 133
149 148
149 358
149 451
150 41
150 83
150 87
150 148
150 422
151 41
151 123
151 196
151 216
151 396
152 91
152 153
152 154
152 216
152 398
153 34
153 110
153 113
153 152
153 154
154 152
154 153
154 192
154 196
154 493
155 23
155 77
155 156
155 435
155 483
156 155
156 157
156 158
156 159
156 499
157 23
157 156
157 159
157 214
157 292
158 77
158 156
158 159
158 426
158 482
159 156
159 157
159 158
159 179
159 269
160 215
160 225
160 269
160 318
160 454
161 188
161 242
161 247
161 381
161 384
162 163
162 242
162 263
162 449
162 457
163 162
163 165
163 242
163 263
163 462
164 1
164 134
164 380
164 437
164 470
165 13
165 105
165 163
165 263
165 392
166 13
166 113
166 167
166 172
166 447
167 166
167 172
167 180
167 402
167 451
168 209
168 302
168 346
168 350
168 402
168 481
169 8
169 11
169 12
169 117
169 251
169 464
170 99
170 125
170 171
170 204
170 394
170 416
171 99
171 125
171 170
171 283
171 285
171 364
172 166
172 167
172 180
172 351
172 403
172 425
173 174
173 176
173 241
173 283
173 417
173 465
174 173
174 177
174 182
174 184
174 376
174 439
175 68
175 71
175 233
175 294
175 485
175 500
176 148
176 173
176 177
176 182
176 283
176 285
177 10
177 174
177 176
177 182
177 183
177 283
178 20
178 21
178 25
178 63
178 240
178 367
179 64
179 74
179 107
179 159
179 382
179 466
180 69
180 145
180 167
180 172
180 189
180 199
181 136
181 137
181 139
181 256
181 341
181 447
182 174
182 176
182 177
182 183
182 205
182 469
183 16
183 177
183 182
183 187
183 190
183 370
184 174
184 249
184 288
184 328
184 339
184 481
185 206
185 207
185 210
185 211
185 212
185 213
186 37
186 39
186 40
186 45
186 481
186 496
187 183
187 190
187 192
187 194
187 195
188 161
188 215
188 236
188 269
188 415
188 451
189 69
189 180
189 365
189 401
189 446
189 454
190 43
190 183
190 187
190 192
190 193
190 194
191 4
191 122
191 124
191 126
191 140
191 453
192 154
192 187
192 190
192 193
192 357
192 429
193 190
193 192
193 194
193 195
193 245
193 380
194 187
194 190
194 193
194 195
194 380
194 438
195 134
195 187
195 193
195 194
195 380
195 478
196 41
196 83
196 151
196 154
196 203
196 216
197 199
197 203
197 205
197 206
197 240
197 380
198 264
198 296
198 299
198 446
198 466
198 473
199 180
199 197
199 203
199 205
199 206
199 467
200 60
200 123
200 126
200 209
200 220
200 384
201 62
201 63
201 67
201 68
201 70
201 318
202 33
202 96
202 287
202 381
202 443
202 449
203 196
203 197
203 199
203 205
203 206
203 380
204 170
204 222
204 223
204 232
204 234
204 238
205 182
205 197
205 199
205 203
205 206
205 380
206 185
206 197
206 199
206 203
206 205
206 212
207 185
207 210
207 211
207 212
207 215
207 486
208 71
208 72
208 73
208 76
208 333
208 434
209 168
209 200
209 323
209 346
209 402
209 497
210 185
210 207
210 211
210 212
210 284
210 412
211 185
211 207
211 210
211 212
211 346
211 470
212 77
212 185
212 206
212 207
212 210
212 211
213 185
213 214
213 217
213 219
213 273
213 385
214 157
214 213
214 217
214 219
214 385
214 458
215 160
215 188
215 207
215 236
215 269
215 498
216 41
216 113
216 143
216 151
216 152
216 196
217 213
217 214
217 219
217 385
217 439
217 496
218 7
218 90
218 93
218 258
218 284
218 483
219 213
219 214
219 217
219 221
219 355
219 385
220 48
220 128
220 130
220 200
220 260
220 337
221 219
221 222
221 223
221 385
221 438
221 453
222 204
222 221
222 223
222 232
222 371
222 495
223 204
223 221
223 222
223 371
223 448
223 491
224 59
224 61
224 62
224 67
224 290
224 305
225 160
225 259
225 266
225 396
225 434
225 485
226 30
226 31
226 32
226 35
226 36
226 385
227 69
227 145
227 229
227 291
227 308
227 397
228 69
228 229
228 334
228 384
228 469
228 474
229 145
229 227
229 228
229 334
229 373
229 410
230 280
230 291
230 298
230 325
230 375
230 440
231 32
231 35
231 36
231 39
231 388
231 486
232 204
232 222
232 234
232 237
232 299
232 371
233 68
233 72
233 175
233 304
233 439
233 474
234 204
234 232
234 237
234 238
234 464
234 497
235 38
235 246
235 257
235 393
235 412
235 456
236 188
236 215
236 242
236 263
236 321
236 458
237 232
237 234
237 238
237 301
237 385
237 450
238 204
238 234
238 237
238 239
238 305
238 408
239 238
239 241
239 245
239 418
239 458
239 480
240 20
240 21
240 22
240 178
240 197
240 270
241 173
241 239
241 245
241 321
241 418
241 488
242 161
242 162
242 163
242 236
242 310
242 386
243 29
243 30
243 330
243 366
243 399
243 496
244 247
244 248
244 252
244 321
244 331
244 474
245 193
245 239
245 241
245 321
245 418
245 435
246 38
246 235
246 306
246 334
246 352
246 487
247 161
247 244
247 248
247 331
247 351
247 418
248 244
248 247
248 331
248 344
248 351
248 401
249 102
249 184
249 288
249 328
249 339
249 403
250 253
250 254
250 331
250 351
250 401
250 467
251 3
251 5
251 8
251 169
251 386
251 413
252 78
252 81
252 244
252 318
252 333
252 381
253 112
253 250
253 254
253 255
253 281
253 351
254 250
254 253
254 255
254 281
254 433
254 493
255 253
255 254
255 256
255 281
255 294
255 407
256 140
256 143
256 146
256 181
256 255
256 338
257 38
257 235
257 334
257 373
257 378
257 404
258 218
258 259
258 261
258 266
258 268
258 434
259 225
259 258
259 261
259 268
259 396
259 415
260 43
260 46
260 50
260 220
260 399
260 499
261 26
261 258
261 259
261 266
261 268
261 294
262 94
262 101
262 109
262 114
262 276
262 301
263 162
263 163
263 165
263 236
263 419
263 494
264 198
264 296
264 299
264 307
264 454
264 473
265 1
265 38
265 134
265 279
265 342
265 447
266 225
266 258
266 261
266 268
266 417
266 487
267 295
267 296
267 306
267 308
267 317
267 319
268 258
268 259
268 261
268 266
268 362
268 434
269 159
269 160
269 188
269 215
269 375
269 455
270 22
270 24
270 26
270 240
270 457
270 490
271 45
271 104
271 105
271 106
271 325
271 434
272 274
272 275
272 316
272 368
272 490
272 496
273 213
273 311
273 350
273 352
273 355
273 460
274 272
274 275
274 276
274 278
274 316
274 425
275 272
275 274
275 276
275 279
275 316
275 388
276 262
276 274
276 275
276 279
276 286
276 316
277 82
277 84
277 87
277 88
277 282
277 344
278 61
278 274
278 289
278 303
278 305
278 323
278 345
279 265
279 275
279 276
279 286
279 290
279 316
279 319
280 34
280 230
280 291
280 298
280 326
280 342
280 375
281 253
281 254
281 255
281 294
281 353
281 455
281 466
282 127
282 277
282 311
282 312
282 428
282 473
282 478
283 171
283 173
283 176
283 177
283 285
283 481
283 491
284 90
284 210
284 218
284 469
284 482
284 487
284 499
285 99
285 125
285 171
285 176
285 283
285 356
285 394
286 276
286 279
286 290
286 293
286 452
286 469
286 477
287 33
287 95
287 96
287 97
287 202
287 429
287 482
288 184
288 249
288 315
288 325
288 339
288 384
288 403
289 37
289 278
289 303
289 305
289 345
289 350
289 447
290 80
290 224
290 279
290 286
290 293
290 295
290 316
291 227
291 230
291 280
291 298
291 342
291 375
291 445
292 17
292 18
292 19
292 20
292 21
292 157
292 337
293 286
293 290
293 295
293 306
293 428
293 495
293 497
294 175
294 255
294 261
294 281
294 396
294 434
294 467
295 267
295 290
295 293
295 306
295 308
295 395
295 407
296 198
296 264
296 267
296 299
296 307
296 466
296 473
297 9
297 301
297 344
297 360
297 367
297 390
297 466
298 13
298 230
298 280
298 291
298 316
298 442
298 449
299 198
299 232
299 264
299 296
299 307
299 466
299 473
300 10
300 33
300 92
300 93
300 120
300 314
300 491
301 64
301 101
301 107
301 109
301 237
301 262
301 297
302 168
302 303
302 305
302 350
302 402
302 414
302 473
303 78
303 278
303 289
303 302
303 305
303 323
303 479
304 15
304 233
304 376
304 387
304 388
304 417
304 439
305 224
305 238
305 278
305 289
305 302
305 303
305 345
306 246
306 267
306 293
306 295
306 308
306 352
306 416
307 264
307 296
307 299
307 309
307 310
307 313
307 332
308 227
308 267
308 295
308 306
308 319
308 422
308 471
309 307
309 310
309 313
309 324
309 329
309 428
309 462
310 242
310 307
310 309
310 313
310 324
310 329
310 473
311 82
311 273
311 282
311 312
311 352
311 355
311 488
312 87
312 127
312 282
312 311
312 322
312 442
312 463
313 307
313 309
313 310
313 324
313 329
313 359
313 487
314 96
314 97
314 98
314 102
314 144
314 300
314 472
315 133
315 288
315 325
315 338
315 415
315 472
315 498
316 272
316 274
316 275
316 276
316 279
316 290
316 298
317 267
317 319
317 327
317 341
317 445
317 450
317 488
318 78
318 81
318 160
318 201
318 252
318 381
318 440
319 267
319 279
319 308
319 317
319 341
319 471
319 480
320 379
320 408
320 409
320 410
320 435
320 441
320 449
320 499
321 236
321 241
321 244
321 245
321 401
321 418
321 461
322 10
322 127
322 312
322 326
322 328
322 444
322 496
323 209
323 278
323 303
323 345
323 402
323 473
323 488
324 309
324 310
324 313
324 329
324 336
324 359
324 385
325 230
325 271
325 288
325 315
325 330
325 338
325 339
326 280
326 322
326 328
326 339
326 403
326 409
326 438
327 317
327 340
327 341
327 427
327 464
327 475
327 497
328 41
328 97
328 184
328 249
328 322
328 326
328 403
329 309
329 310
329 313
329 324
329 333
329 336
329 359
330 27
330 28
330 29
330 30
330 115
330 243
330 325
331 244
331 247
331 248
331 250
331 351
331 377
331 401
332 2
332 3
332 5
332 307
332 360
332 386
332 439
333 73
333 75
333 76
333 91
333 208
333 252
333 329
334 145
334 228
334 229
334 246
334 257
334 473
334 481
335 349
335 353
335 377
335 393
335 422
335 429
335 466
336 114
336 324
336 329
336 343
336 359
336 364
336 365
337 48
337 130
337 131
337 220
337 292
337 343
337 465
338 256
338 315
338 325
338 339
338 419
338 444
338 485
339 184
339 249
339 288
339 325
339 326
339 338
339 485
340 327
340 341
340 342
340 374
340 422
340 439
340 472
341 181
341 317
341 319
341 327
341 340
341 342
341 382
342 265
342 280
342 291
342 340
342 341
342 375
342 471
343 336
343 337
343 359
343 364
343 365
343 426
343 478
343 482
344 20
344 248
344 277
344 297
344 345
344 367
344 390
344 441
345 25
345 104
345 278
345 289
345 305
345 323
345 344
345 477
346 11
346 81
346 168
346 209
346 211
346 350
346 402
346 470
347 348
347 354
347 356
347 372
347 464
347 471
347 485
347 495
348 347
348 354
348 459
348 462
348 464
348 478
348 485
348 492
349 335
349 353
349 362
349 377
349 385
349 422
349 432
349 489
350 168
350 273
350 289
350 302
350 346
350 355
350 429
351 34
351 172
351 247
351 248
351 250
351 253
351 331
351 401
352 82
352 246
352 273
352 306
352 311
352 355
352 419
352 434
353 281
353 335
353 349
353 358
353 362
353 377
353 415
353 422
354 347
354 348
354 356
354 372
354 419
354 459
354 464
354 485
355 127
355 219
355 273
355 311
355 350
355 352
355 443
355 493
356 285
356 347
356 354
356 372
356 398
356 404
356 424
356 484
357 192
357 370
357 378
357 389
357 393
357 406
357 412
357 465
358 149
358 353
358 361
358 363
358 373
358 374
358 383
358 392
359 313
359 324
359 329
359 336
359 343
359 365
359 396
359 466
360 2
360 297
360 332
360 367
360 386
360 389
360 451
360 475
361 110
361 358
361 363
361 374
361 383
361 392
361 397
361 444
362 268
362 349
362 353
362 371
362 411
362 415
362 419
362 422
363 14
363 358
363 361
363 364
363 365
363 373
363 383
363 392
364 93
364 171
364 336
364 343
364 363
364 365
364 373
364 446
365 189
365 336
365 343
365 359
365 363
365 364
365 373
365 478
366 243
366 369
366 391
366 399
366 417
366 425
366 427
366 448
367 178
367 297
367 344
367 360
367 390
367 418
367 473
368 272
368 378
368 387
368 389
368 441
368 468
368 493
368 498
369 75
369 366
369 387
369 391
369 397
369 399
369 425
369 482
370 183
370 357
370 389
370 392
370 393
370 406
370 412
370 474
371 222
371 223
371 232
371 362
371 387
371 400
371 402
371 500
372 347
372 354
372 356
372 398
372 404
372 405
372 424
372 426
373 229
373 257
373 358
373 363
373 364
373 365
373 442
373 492
374 114
374 340
374 358
374 361
374 383
374 392
374 397
374 421
375 230
375 269
375 280
375 291
375 342
375 379
375 403
375 441
376 42
376 174
376 304
376 378
376 387
376 388
376 417
376 453
377 138
377 331
377 335
377 349
377 353
377 422
377 429
377 437
378 31
378 257
378 357
378 368
378 376
378 389
378 393
378 410
378 465
379 99
379 320
379 375
379 409
379 438
379 441
379 449
379 455
379 472
380 100
380 164
380 193
380 194
380 195
380 197
380 203
380 205
380 421
381 79
381 81
381 84
381 108
381 161
381 202
381 252
381 318
381 494
382 179
382 341
382 398
382 404
382 405
382 414
382 424
382 428
382 451
383 53
383 358
383 361
383 363
383 374
383 391
383 392
383 397
383 399
384 60
384 123
384 128
384 130
384 161
384 200
384 228
384 288
384 416
385 213
385 214
385 217
385 219
385 221
385 226
385 237
385 324
385 349
386 2
386 116
386 242
386 251
386 332
386 360
386 460
386 477
386 491
387 304
387 368
387 369
387 371
387 376
387 388
387 417
387 439
387 444
388 6
388 231
388 275
388 304
388 376
388 387
388 389
388 417
388 422
389 15
389 357
389 360
389 368
389 370
389 378
389 388
389 406
389 475
390 9
390 71
390 130
390 297
390 344
390 367
390 404
390 468
390 474
391 30
391 366
391 369
391 383
391 397
391 399
391 425
391 436
391 459
392 165
392 358
392 361
392 363
392 370
392 374
392 383
392 431
392 472
393 235
393 335
393 357
393 370
393 378
393 406
393 409
393 429
393 450
394 54
394 65
394 66
394 170
394 285
394 395
394 416
394 447
394 480
395 44
395 65
395 135
395 295
395 394
395 463
395 472
395 481
395 482
396 151
396 225
396 259
396 294
396 359
396 405
396 429
396 434
396 494
397 52
397 112
397 227
397 361
397 369
397 374
397 383
397 391
397 492
398 73
398 152
398 356
398 372
398 382
398 404
398 405
398 424
398 451
399 243
399 260
399 366
399 369
399 383
399 391
399 425
399 427
399 448
400 371
400 409
400 421
400 438
400 449
400 450
400 454
400 455
400 472
401 189
401 248
401 250
401 321
401 331
401 351
401 430
401 443
401 497
402 167
402 168
402 209
402 302
402 323
402 346
402 371
402 406
402 474
403 102
403 172
403 249
403 288
403 326
403 328
403 375
403 456
403 492
404 257
404 356
404 372
404 382
404 390
404 398
404 405
404 424
404 475
404 485
405 56
405 141
405 372
405 382
405 396
405 398
405 404
405 424
405 451
405 499
406 6
406 7
406 357
406 370
406 389
406 393
406 402
406 412
406 429
406 474
407 255
407 295
407 420
407 423
407 444
407 453
407 456
407 469
407 478
407 489
408 14
408 238
408 320
408 410
408 434
408 435
408 438
408 441
408 449
408 488
409 40
409 320
409 326
409 379
409 393
409 400
409 438
409 449
409 455
409 495
410 229
410 320
410 378
410 408
410 414
410 435
410 441
410 449
410 488
410 499
411 127
411 129
411 362
411 415
411 419
411 437
411 447
411 455
411 469
411 477
412 139
412 210
412 235
412 357
412 370
412 406
412 427
412 429
412 431
412 456
413 251
413 440
413 443
413 452
413 455
413 475
413 480
413 481
413 493
413 496
414 302
414 382
414 410
414 418
414 428
414 435
414 441
414 451
414 470
414 488
415 188
415 259
415 315
415 353
415 362
415 411
415 419
415 422
415 447
415 460
416 44
416 65
416 66
416 95
416 170
416 306
416 384
416 394
416 455
416 496
417 42
417 135
417 173
417 266
417 304
417 366
417 376
417 387
417 388
417 462
418 29
418 239
418 241
418 245
418 247
418 321
418 367
418 414
418 435
418 494
419 263
419 338
419 352
419 354
419 362
419 411
419 415
419 427
419 447
419 448
420 407
420 423
420 429
420 444
420 453
420 456
420 459
420 469
420 470
420 478
420 491
421 13
421 374
421 380
421 400
421 431
421 437
421 446
421 450
421 454
421 455
421 472
422 25
422 150
422 308
422 335
422 340
422 349
422 353
422 362
422 377
422 388
422 415
423 407
423 420
423 426
423 444
423 448
423 453
423 456
423 459
423 469
423 478
423 493
424 23
424 78
424 110
424 128
424 356
424 372
424 382
424 398
424 404
424 405
424 451
425 172
425 274
425 366
425 369
425 391
425 399
425 427
425 431
425 437
425 448
425 454
426 158
426 343
426 372
426 423
426 444
426 456
426 459
426 462
426 464
426 469
426 478
427 14
427 327
427 366
427 399
427 412
427 419
427 425
427 437
427 447
427 448
427 483
428 282
428 293
428 309
428 382
428 414
428 435
428 441
428 451
428 488
428 495
428 497
429 146
429 192
429 287
429 335
429 350
429 377
429 393
429 396
429 406
429 412
429 420
430 401
430 433
430 463
430 477
430 483
430 484
430 490
430 495
430 498
430 499
430 500
431 77
431 392
431 412
431 421
431 425
431 446
431 450
431 454
431 464
431 466
431 473
432 349
432 433
432 460
432 461
432 468
432 471
432 477
432 479
432 482
432 492
432 497
433 254
433 430
433 432
433 461
433 468
433 477
433 484
433 495
433 497
433 498
433 499
434 78
434 208
434 225
434 258
434 268
434 271
434 294
434 352
434 396
434 408
434 495
435 96
435 155
435 245
435 320
435 408
435 410
435 414
435 418
435 428
435 441
435 488
436 391
436 452
436 459
436 471
436 475
436 480
436 481
436 482
436 492
436 493
436 497
437 129
437 164
437 377
437 411
437 421
437 425
437 427
437 447
437 448
437 457
437 475
438 125
438 194
438 221
438 326
438 379
438 400
438 408
438 409
438 449
438 455
438 472
439 6
439 15
439 42
439 174
439 217
439 233
439 304
439 332
439 340
439 387
439 479
440 230
440 318
440 413
440 442
440 443
440 452
440 458
440 475
440 480
440 493
440 496
441 21
441 320
441 344
441 368
441 375
441 379
441 408
441 410
441 414
441 428
441 435
441 488
442 298
442 312
442 373
442 440
442 445
442 453
442 457
442 465
442 467
442 470
442 474
442 499
443 202
443 355
443 401
443 413
443 440
443 452
443 458
443 475
443 480
443 493
443 496
443 500
444 322
444 338
444 361
444 387
444 407
444 420
444 423
444 426
444 453
444 456
444 469
444 483
445 29
445 291
445 317
445 442
445 450
445 453
445 457
445 458
445 465
445 467
445 470
445 474
446 20
446 90
446 189
446 198
446 364
446 421
446 431
446 450
446 454
446 466
446 473
446 488
447 166
447 181
447 265
447 289
447 394
447 411
447 415
447 419
447 427
447 437
447 478
447 480
448 44
448 86
448 223
448 366
448 399
448 419
448 423
448 425
448 427
448 437
448 484
448 489
449 162
449 202
449 298
449 320
449 379
449 400
449 408
449 409
449 410
449 438
449 455
449 465
450 121
450 237
450 317
450 393
450 400
450 421
450 431
450 445
450 446
450 454
450 459
450 472
451 31
451 149
451 167
451 188
451 360
451 382
451 398
451 405
451 414
451 424
451 428
451 488
452 79
452 286
452 413
452 436
452 440
452 443
452 469
452 475
452 480
452 481
452 492
452 493
453 191
453 221
453 376
453 407
453 420
453 423
453 442
453 444
453 445
453 456
453 457
453 465
453 497
454 160
454 189
454 264
454 400
454 421
454 425
454 431
454 446
454 450
454 466
454 467
454 472
454 498
455 148
455 269
455 281
455 379
455 400
455 409
455 411
455 413
455 416
455 421
455 438
455 449
455 472
456 138
456 235
456 403
456 407
456 412
456 420
456 423
456 426
456 444
456 453
456 462
456 469
456 495
457 81
457 162
457 270
457 437
457 442
457 445
457 453
457 458
457 465
457 467
457 470
457 474
457 496
458 23
458 110
458 214
458 236
458 239
458 440
458 443
458 445
458 457
458 465
458 470
458 474
458 496
459 138
459 348
459 354
459 391
459 420
459 423
459 426
459 436
459 450
459 462
459 464
459 469
459 478
460 273
460 386
460 415
460 432
460 463
460 483
460 484
460 486
460 489
460 490
460 491
460 494
460 498
460 499
461 28
461 68
461 100
461 321
461 432
461 433
461 468
461 471
461 476
461 477
461 479
461 482
461 495
461 497
462 2
462 103
462 163
462 309
462 348
462 417
462 426
462 456
462 459
462 464
462 478
462 480
462 498
462 500
463 50
463 132
463 312
463 395
463 430
463 460
463 483
463 484
463 490
463 491
463 494
463 495
463 498
463 499
464 169
464 234
464 327
464 347
464 348
464 354
464 426
464 431
464 459
464 462
464 478
464 483
464 485
464 487
465 173
465 337
465 357
465 378
465 442
465 445
465 449
465 453
465 457
465 458
465 467
465 470
465 474
465 496
466 79
466 179
466 198
466 281
466 296
466 297
466 299
466 335
466 359
466 431
466 446
466 454
466 472
466 473
467 143
467 199
467 250
467 294
467 442
467 445
467 454
467 457
467 465
467 468
467 470
467 474
467 480
467 493
468 91
468 368
468 390
468 432
468 433
468 461
468 467
468 471
468 477
468 479
468 481
468 482
468 492
468 497
469 182
469 228
469 284
469 286
469 407
469 411
469 420
469 423
469 426
469 444
469 452
469 456
469 459
469 478
470 1
470 18
470 164
470 211
470 346
470 414
470 420
470 442
470 445
470 457
470 458
470 465
470 467
470 474
470 494
471 122
471 308
471 319
471 342
471 347
471 432
471 436
471 461
471 468
471 479
471 481
471 482
471 485
471 492
471 497
472 49
472 146
472 314
472 315
472 340
472 379
472 392
472 395
472 400
472 421
472 438
472 450
472 454
472 455
472 466
473 79
473 111
473 198
473 264
473 282
473 296
473 299
473 302
473 310
473 323
473 334
473 367
473 431
473 446
473 466
474 228
474 233
474 244
474 370
474 390
474 402
474 406
474 442
474 445
474 457
474 458
474 465
474 467
474 470
474 496
475 327
475 360
475 389
475 404
475 413
475 436
475 437
475 440
475 443
475 452
475 480
475 484
475 485
475 493
475 498
476 31
476 134
476 461
476 486
476 487
476 489
476 490
476 491
476 500
477 28
477 119
477 286
477 345
477 386
477 411
477 430
477 432
477 433
477 461
477 468
477 484
477 488
477 495
477 497
477 498
478 1
478 74
478 195
478 282
478 343
478 348
478 365
478 407
478 420
478 423
478 426
478 447
478 459
478 462
478 464
478 469
479 65
479 66
479 92
479 116
479 130
479 303
479 432
479 439
479 461
479 468
479 471
479 482
479 491
479 492
479 495
479 497
480 239
480 319
480 394
480 413
480 436
480 440
480 443
480 447
480 452
480 462
480 467
480 475
480 481
480 490
480 493
480 498
481 168
481 184
481 186
481 283
481 334
481 395
481 413
481 436
481 452
481 468
481 471
481 480
481 482
481 492
481 493
481 497
482 83
482 158
482 284
482 287
482 343
482 369
482 395
482 432
482 436
482 461
482 468
482 471
482 479
482 481
482 492
482 497
483 142
483 155
483 218
483 427
483 430
483 444
483 460
483 463
483 464
483 484
483 490
483 491
483 494
483 495
483 498
483 499
484 56
484 128
484 356
484 430
484 433
484 448
484 460
484 463
484 475
484 477
484 483
484 489
484 494
484 495
484 498
484 499
485 100
485 147
485 175
485 225
485 338
485 339
485 347
485 348
485 354
485 404
485 464
485 471
485 475
485 492
485 498
485 500
486 10
486 15
486 109
486 207
486 231
486 460
486 476
486 487
486 489
486 490
486 491
486 494
486 500
487 246
487 266
487 284
487 313
487 464
487 476
487 486
487 489
487 490
487 491
487 494
487 500
488 27
488 113
488 133
488 241
488 311
488 317
488 323
488 408
488 410
488 414
488 428
488 435
488 441
488 446
488 451
488 477
489 104
489 349
489 407
489 448
489 460
489 476
489 484
489 486
489 487
489 490
489 491
489 494
489 500
490 72
490 270
490 272
490 430
490 460
490 463
490 476
490 480
490 483
490 486
490 487
490 489
490 491
490 494
490 499
490 500
491 223
491 283
491 300
491 386
491 420
491 460
491 463
491 476
491 479
491 483
491 486
491 487
491 489
491 490
491 494
491 500
492 6
492 13
492 85
492 348
492 373
492 397
492 403
492 432
492 436
492 452
492 468
492 471
492 479
492 481
492 482
492 485
492 497
493 8
493 98
493 154
493 254
493 355
493 368
493 413
493 423
493 436
493 440
493 443
493 452
493 467
493 475
493 480
493 481
493 496
494 92
494 263
494 381
494 396
494 418
494 460
494 463
494 470
494 483
494 484
494 486
494 487
494 489
494 490
494 491
494 498
494 499
495 222
495 293
495 347
495 409
495 428
495 430
495 433
495 434
495 456
495 461
495 463
495 477
495 479
495 483
495 484
495 498
495 499
496 22
496 37
496 95
496 140
496 186
496 217
496 243
496 272
496 322
496 413
496 416
496 440
496 443
496 457
496 458
496 465
496 474
496 493
497 209
497 234
497 293
497 327
497 401
497 428
497 432
497 433
497 436
497 453
497 461
497 468
497 471
497 477
497 479
497 481
497 482
497 492
498 215
498 315
498 368
498 430
498 433
498 454
498 460
498 462
498 463
498 475
498 477
498 480
498 483
498 484
498 485
498 494
498 495
498 499
499 4
499 136
499 156
499 260
499 284
499 320
499 405
499 410
499 430
499 433
499 442
499 460
499 463
499 483
499 484
499 490
499 494
499 495
499 498
500 138
500 175
500 371
500 430
500 443
500 462
500 476
500 485
500 486
500 487
500 489
500 490
500 491
