1 239
1 359
1 411
1 464
1 492
2 287
2 333
2 385
2 386
2 482
3 94
3 99
3 134
3 279
3 393
4 9
4 353
4 432
4 470
4 493
5 89
5 155
5 302
5 448
5 477
6 236
6 326
6 394
6 445
6 461
7 189
7 452
7 472
7 475
7 478
8 33
8 49
8 282
8 376
8 498
9 4
9 131
9 269
9 339
9 391
10 128
10 248
10 410
10 432
10 470
11 233
11 404
11 435
11 438
11 489
12 14
12 337
12 406
12 430
12 457
13 24
13 348
13 355
13 407
13 491
14 12
14 225
14 320
14 409
14 413
15 19
15 72
15 424
15 460
15 495
16 400
16 410
16 460
16 495
16 498
17 91
17 261
17 293
17 382
17 476
18 125
18 225
18 281
18 338
18 391
19 15
19 115
19 291
19 292
19 417
20 41
20 312
20 435
20 458
20 496
21 376
21 443
21 451
21 463
21 466
22 93
22 213
22 223
22 393
22 413
23 231
23 329
23 387
23 397
23 438
24 13
24 231
24 310
24 392
24 418
25 285
25 298
25 299
25 324
25 325
26 79
26 174
26 271
26 307
26 319
27 98
27 111
27 314
27 437
27 445
28 130
28 148
28 221
28 372
28 427
29 284
29 368
29 424
29 453
29 461
30 36
30 191
30 488
30 495
30 499
31 133
31 356
31 464
31 482
31 486
32 56
32 194
32 347
32 406
32 487
33 8
33 74
33 82
33 280
33 427
34 153
34 247
34 395
34 409
34 499
35 142
35 303
35 313
35 476
35 494
36 30
36 59
36 170
36 384
36 422
37 92
37 250
37 270
37 279
37 388
38 112
38 288
38 468
38 469
38 497
39 80
39 325
39 485
39 491
39 497
40 208
40 241
40 360
40 460
40 482
41 20
41 304
41 394
41 409
41 426
42 341
42 387
42 437
42 445
42 483
43 267
43 284
43 405
43 452
43 461
44 72
44 254
44 325
44 426
44 454
45 193
45 294
45 383
45 431
45 472
46 95
46 143
46 255
46 352
46 402
47 59
47 180
47 362
47 384
47 465
48 315
48 414
48 437
48 465
48 477
49 8
49 171
49 378
49 390
49 398
50 217
50 218
50 419
50 436
50 474
51 57
51 122
51 124
51 355
51 474
52 75
52 77
52 341
52 355
52 471
53 244
53 249
53 260
53 287
53 452
54 235
54 290
54 302
54 382
54 493
55 62
55 160
55 182
55 278
55 478
56 32
56 163
56 369
56 466
56 496
57 51
57 348
57 426
57 430
57 465
58 186
58 371
58 426
58 497
58 500
59 36
59 47
59 264
59 355
59 427
60 105
60 371
60 456
60 475
60 491
61 222
61 237
61 273
61 428
61 454
62 55
62 139
62 316
62 321
62 428
63 115
63 369
63 440
63 451
63 475
64 280
64 387
64 421
64 432
64 489
65 224
65 324
65 461
65 485
65 498
66 352
66 373
66 400
66 461
66 499
67 217
67 325
67 399
67 431
67 476
68 198
68 346
68 376
68 487
68 497
69 389
69 397
69 449
69 492
69 493
70 133
70 152
70 403
70 430
70 486
71 281
71 308
71 396
71 435
71 441
72 15
72 44
72 297
72 301
72 433
73 309
73 315
73 367
73 472
73 474
74 33
74 175
74 260
74 296
74 308
75 52
75 250
75 281
75 374
75 430
76 194
76 388
76 472
76 477
76 493
77 52
77 96
77 387
77 466
77 494
78 266
78 267
78 294
78 484
78 487
79 26
79 86
79 247
79 311
79 371
80 39
80 382
80 391
80 428
80 490
81 95
81 321
81 393
81 459
81 479
82 33
82 238
82 286
82 378
82 431
83 171
83 328
83 384
83 398
83 431
84 363
84 365
84 378
84 422
84 439
85 244
85 253
85 270
85 292
85 495
86 79
86 156
86 178
86 224
86 498
87 280
87 307
87 442
87 491
87 493
88 161
88 212
88 270
88 468
88 489
89 5
89 221
89 388
89 391
89 446
90 194
90 236
90 380
90 444
90 457
91 17
91 448
91 459
91 466
91 479
92 37
92 376
92 401
92 446
92 461
93 22
93 176
93 188
93 331
93 413
94 3
94 283
94 340
94 464
94 471
95 46
95 81
95 202
95 274
95 374
96 77
96 158
96 452
96 480
96 492
97 224
97 265
97 276
97 357
97 419
98 27
98 131
98 184
98 205
98 491
99 3
99 413
99 424
99 473
99 485
100 162
100 248
100 318
100 347
100 398
101 318
101 343
101 363
101 368
101 389
102 304
102 400
102 443
102 468
102 483
103 170
103 361
103 474
103 488
103 499
104 128
104 177
104 269
104 274
104 424
105 60
105 120
105 144
105 488
105 491
106 326
106 369
106 438
106 482
106 496
107 126
107 215
107 458
107 459
107 479
108 313
108 324
108 337
108 382
108 497
109 309
109 321
109 362
109 428
109 464
110 221
110 265
110 375
110 377
110 443
111 27
111 341
111 419
111 474
111 493
112 38
112 126
112 379
112 460
112 495
113 188
113 301
113 337
113 390
113 436
114 196
114 258
114 415
114 432
114 491
115 19
115 63
115 413
115 421
115 499
116 133
116 145
116 170
116 206
116 450
117 119
117 138
117 449
117 465
117 498
118 120
118 130
118 275
118 420
118 486
119 117
119 130
119 200
119 282
119 310
120 105
120 118
120 255
120 394
120 407
121 233
121 386
121 411
121 476
121 482
122 51
122 123
122 293
122 303
122 465
123 122
123 170
123 195
123 328
123 368
124 51
124 172
124 210
124 230
124 430
125 18
125 295
125 345
125 427
125 479
126 107
126 112
126 327
126 465
126 477
127 232
127 403
127 412
127 423
127 467
128 10
128 104
128 312
128 344
128 473
129 347
129 354
129 400
129 476
129 487
130 28
130 118
130 119
130 148
130 405
131 9
131 98
131 132
131 235
131 268
132 131
132 201
132 235
132 302
132 328
133 31
133 70
133 116
133 349
133 470
134 3
134 288
134 307
134 417
134 433
135 301
135 356
135 401
135 447
135 495
136 251
136 286
136 394
136 481
136 490
137 381
137 460
137 474
137 486
137 495
138 117
138 339
138 383
138 487
138 489
139 62
139 278
139 284
139 339
139 428
140 390
140 412
140 453
140 476
140 497
141 313
141 453
141 459
141 464
141 479
142 35
142 192
142 281
142 415
142 497
143 46
143 150
143 431
143 485
143 497
144 105
144 176
144 438
144 491
144 495
145 116
145 254
145 259
145 269
145 497
146 407
146 410
146 446
146 480
146 500
147 162
147 167
147 176
147 290
147 492
148 28
148 130
148 343
148 415
148 499
149 165
149 216
149 346
149 465
149 490
150 143
150 205
150 275
150 329
150 373
151 388
151 412
151 425
151 436
151 464
152 70
152 215
152 258
152 486
152 497
153 34
153 226
153 255
153 264
153 341
154 296
154 299
154 457
154 484
154 498
155 5
155 386
155 398
155 486
155 490
156 86
156 186
156 198
156 338
156 487
157 243
157 322
157 415
157 470
157 484
158 96
158 203
158 281
158 364
158 497
159 300
159 462
159 465
159 478
159 494
160 55
160 397
160 449
160 455
160 495
161 88
161 356
161 389
161 468
161 469
162 100
162 147
162 248
162 348
162 450
163 56
163 197
163 447
163 484
163 489
164 199
164 327
164 372
164 414
164 477
165 149
165 421
165 434
165 441
165 460
166 367
166 420
166 472
166 481
166 493
167 147
167 463
167 474
167 483
167 495
168 266
168 464
168 476
168 488
168 499
169 264
169 277
169 353
169 419
169 425
169 447
170 36
170 103
170 116
170 123
170 228
170 345
171 49
171 83
171 196
171 233
171 411
171 464
172 124
172 177
172 273
172 372
172 423
172 442
173 322
173 365
173 379
173 415
173 426
173 452
174 26
174 203
174 219
174 311
174 319
174 475
175 74
175 306
175 366
175 385
175 426
175 441
176 93
176 144
176 147
176 225
176 288
176 413
177 104
177 172
177 335
177 405
177 473
177 491
178 86
178 212
178 256
178 376
178 401
178 486
179 201
179 240
179 242
179 319
179 411
179 489
180 47
180 188
180 283
180 444
180 448
180 453
181 246
181 354
181 385
181 442
181 474
181 488
182 55
182 246
182 257
182 442
182 485
182 493
183 204
183 220
183 238
183 353
183 471
183 485
184 98
184 310
184 326
184 334
184 362
184 435
185 216
185 256
185 293
185 333
185 439
185 475
186 58
186 156
186 344
186 476
186 495
186 497
187 207
187 223
187 271
187 301
187 313
187 386
188 93
188 113
188 180
188 227
188 448
188 462
189 7
189 289
189 338
189 418
189 449
189 480
190 386
190 398
190 410
190 411
190 479
190 485
191 30
191 331
191 373
191 405
191 409
191 478
192 142
192 365
192 449
192 462
192 484
192 496
193 45
193 219
193 286
193 389
193 401
193 475
194 32
194 76
194 90
194 380
194 451
194 469
195 123
195 208
195 364
195 377
195 439
195 463
196 114
196 171
196 280
196 322
196 408
196 442
197 163
197 326
197 328
197 355
197 359
197 422
198 68
198 156
198 381
198 419
198 448
198 481
199 164
199 416
199 432
199 447
199 451
199 478
200 119
200 343
200 456
200 469
200 473
200 482
201 132
201 179
201 297
201 387
201 489
201 494
202 95
202 255
202 274
202 369
202 470
202 497
203 158
203 174
203 243
203 311
203 319
203 487
204 183
204 358
204 373
204 398
204 484
204 496
205 98
205 150
205 210
205 438
205 491
205 496
206 116
206 292
206 296
206 312
206 443
206 448
207 187
207 300
207 346
207 369
207 411
207 456
208 40
208 195
208 353
208 449
208 482
208 490
209 210
209 400
209 418
209 442
209 460
209 500
210 124
210 205
210 209
210 279
210 399
210 480
211 227
211 443
211 461
211 466
211 487
211 494
212 88
212 178
212 280
212 370
212 412
212 429
213 22
213 268
213 316
213 418
213 435
213 493
214 296
214 312
214 346
214 463
214 473
214 499
215 107
215 152
215 252
215 269
215 354
215 479
216 149
216 185
216 421
216 458
216 473
216 487
217 50
217 67
217 227
217 302
217 373
217 405
218 50
218 310
218 327
218 342
218 456
218 482
219 174
219 193
219 286
219 329
219 473
219 486
220 183
220 251
220 291
220 423
220 455
220 463
221 28
221 89
221 110
221 241
221 249
221 454
222 61
222 349
222 359
222 360
222 439
222 500
223 22
223 187
223 225
223 306
223 366
223 398
224 65
224 86
224 97
224 238
224 374
224 466
225 14
225 18
225 176
225 223
225 342
225 413
226 153
226 259
226 382
226 393
226 395
226 489
227 188
227 211
227 217
227 343
227 380
227 441
228 170
228 263
228 322
228 409
228 418
228 451
229 259
229 289
229 376
229 393
229 424
229 498
230 124
230 262
230 266
230 267
230 377
230 406
231 23
231 24
231 295
231 383
231 446
231 449
232 127
232 257
232 289
232 472
232 475
232 480
233 11
233 121
233 171
233 376
233 386
233 411
234 245
234 295
234 319
234 339
234 375
234 499
235 54
235 131
235 132
235 287
235 302
235 317
236 6
236 90
236 308
236 433
236 437
236 445
237 61
237 238
237 278
237 428
237 443
237 468
238 82
238 183
238 224
238 237
238 449
238 485
239 1
239 332
239 468
239 480
239 492
239 497
240 179
240 288
240 394
240 407
240 416
240 443
241 40
241 221
241 290
241 331
241 448
241 453
242 179
242 344
242 444
242 464
242 467
242 471
243 157
243 203
243 346
243 416
243 467
243 471
244 53
244 85
244 259
244 349
244 360
244 457
245 234
245 252
245 396
245 403
245 411
245 499
246 181
246 182
246 278
246 441
246 449
246 472
247 34
247 79
247 331
247 450
247 483
247 500
248 10
248 100
248 162
248 290
248 295
248 395
249 53
249 221
249 287
249 385
249 446
249 467
250 37
250 75
250 326
250 330
250 385
250 442
251 136
251 220
251 300
251 428
251 463
251 469
252 215
252 245
252 459
252 473
252 479
252 485
253 85
253 297
253 301
253 330
253 397
253 439
254 44
254 145
254 297
254 317
254 417
254 444
255 46
255 120
255 153
255 202
255 274
255 490
256 178
256 185
256 293
256 303
256 365
256 441
257 182
257 232
257 285
257 292
257 296
257 423
258 114
258 152
258 284
258 302
258 408
258 481
259 145
259 226
259 229
259 244
259 360
259 490
260 53
260 74
260 294
260 344
260 356
260 391
261 17
261 277
261 382
261 395
261 429
261 492
262 230
262 266
262 267
262 393
262 458
262 476
263 228
263 268
263 400
263 411
263 436
263 450
264 59
264 153
264 169
264 379
264 382
264 395
265 97
265 110
265 321
265 394
265 443
265 482
266 78
266 168
266 230
266 262
266 296
266 402
267 43
267 78
267 230
267 262
267 336
267 421
268 131
268 213
268 263
268 286
268 308
268 362
269 9
269 104
269 145
269 215
269 320
269 490
270 37
270 85
270 88
270 355
270 399
270 491
271 26
271 187
271 368
271 446
271 454
271 486
272 335
272 339
272 414
272 455
272 458
272 479
273 61
273 172
273 287
273 333
273 338
273 385
274 95
274 104
274 202
274 255
274 424
274 481
275 118
275 150
275 331
275 371
275 447
275 448
276 97
276 277
276 300
276 305
276 358
276 467
277 169
277 261
277 276
277 322
277 427
277 478
278 55
278 139
278 237
278 246
278 428
278 445
278 498
279 3
279 37
279 210
279 396
279 397
279 399
279 402
280 33
280 64
280 87
280 196
280 212
280 485
280 498
281 18
281 71
281 75
281 142
281 158
281 285
281 308
282 8
282 119
282 403
282 420
282 481
282 483
282 486
283 94
283 180
283 306
283 320
283 381
283 468
283 469
284 29
284 43
284 139
284 258
284 349
284 380
284 485
285 25
285 257
285 281
285 310
285 432
285 444
285 470
286 82
286 136
286 193
286 219
286 268
286 439
286 477
287 2
287 53
287 235
287 249
287 273
287 304
287 385
288 38
288 134
288 176
288 240
288 358
288 422
288 445
289 189
289 229
289 232
289 343
289 344
289 402
289 452
290 54
290 147
290 241
290 248
290 392
290 486
290 488
291 19
291 220
291 431
291 434
291 475
291 481
291 482
292 19
292 85
292 206
292 257
292 296
292 366
292 490
293 17
293 122
293 185
293 256
293 303
293 315
293 420
294 45
294 78
294 260
294 298
294 344
294 456
294 497
295 125
295 231
295 234
295 248
295 384
295 427
295 488
296 74
296 154
296 206
296 214
296 257
296 266
296 292
297 72
297 201
297 253
297 254
297 327
297 356
297 453
298 25
298 294
298 414
298 428
298 465
298 477
298 480
299 25
299 154
299 309
299 314
299 380
299 480
299 498
300 159
300 207
300 251
300 276
300 325
300 478
300 489
301 72
301 113
301 135
301 187
301 253
301 420
301 484
302 5
302 54
302 132
302 217
302 235
302 258
302 478
303 35
303 122
303 256
303 293
303 383
303 454
303 495
304 41
304 102
304 287
304 418
304 480
304 483
304 500
305 276
305 432
305 444
305 470
305 496
305 498
306 175
306 223
306 283
306 333
306 386
306 398
306 409
307 26
307 87
307 134
307 330
307 337
307 351
307 493
308 71
308 74
308 236
308 268
308 281
308 334
308 386
309 73
309 109
309 299
309 348
309 406
309 457
309 460
310 24
310 119
310 184
310 218
310 285
310 378
310 392
311 79
311 174
311 203
311 368
311 436
311 479
311 499
312 20
312 128
312 206
312 214
312 366
312 380
312 440
313 35
313 108
313 141
313 187
313 343
313 391
313 426
314 27
314 299
314 415
314 425
314 475
314 480
314 492
315 48
315 73
315 293
315 364
315 377
315 456
315 482
316 62
316 213
316 317
316 342
316 434
316 435
316 436
317 235
317 254
317 316
317 321
317 334
317 435
317 470
318 100
318 101
318 362
318 390
318 404
318 491
318 495
319 26
319 174
319 179
319 203
319 234
319 399
319 416
320 14
320 269
320 283
320 375
320 381
320 459
320 469
321 62
321 81
321 109
321 265
321 317
321 359
321 362
322 157
322 173
322 196
322 228
322 277
322 370
322 379
323 375
323 414
323 451
323 458
323 488
323 492
323 499
324 25
324 65
324 108
324 382
324 383
324 395
324 497
325 25
325 39
325 44
325 67
325 300
325 410
325 489
326 6
326 106
326 184
326 197
326 250
326 353
326 393
327 126
327 164
327 218
327 297
327 459
327 465
327 477
328 83
328 123
328 132
328 197
328 345
328 461
328 484
329 23
329 150
329 219
329 367
329 431
329 494
329 498
330 250
330 253
330 307
330 432
330 460
330 474
330 495
331 93
331 191
331 241
331 247
331 275
331 448
331 461
332 239
332 341
332 361
332 375
332 458
332 488
332 499
333 2
333 185
333 273
333 306
333 385
333 452
333 492
334 184
334 308
334 317
334 387
334 408
334 421
334 435
334 467
335 177
335 272
335 357
335 379
335 436
335 451
335 459
335 490
336 267
336 359
336 407
336 428
336 458
336 468
336 483
336 500
337 12
337 108
337 113
337 307
337 357
337 419
337 436
337 454
338 18
338 156
338 189
338 273
338 466
338 481
338 488
338 496
339 9
339 138
339 139
339 234
339 272
339 412
339 451
339 473
340 94
340 417
340 422
340 432
340 464
340 467
340 471
340 478
341 42
341 52
341 111
341 153
341 332
341 437
341 445
341 448
342 218
342 225
342 316
342 416
342 425
342 447
342 450
342 478
343 101
343 148
343 200
343 227
343 289
343 313
343 365
343 368
344 128
344 186
344 242
344 260
344 289
344 294
344 364
344 476
345 125
345 170
345 328
345 352
345 427
345 437
345 442
345 483
346 68
346 149
346 207
346 214
346 243
346 461
346 473
346 490
347 32
347 100
347 129
347 384
347 402
347 434
347 454
347 494
348 13
348 57
348 162
348 309
348 349
348 399
348 430
348 467
349 133
349 222
349 244
349 284
349 348
349 356
349 360
349 470
350 352
350 357
350 387
350 460
350 468
350 474
350 495
351 307
351 372
351 423
351 438
351 467
351 469
351 477
351 493
352 46
352 66
352 345
352 350
352 409
352 468
352 483
352 500
353 4
353 169
353 183
353 208
353 326
353 422
353 462
353 496
354 129
354 181
354 215
354 430
354 433
354 442
354 481
354 494
355 13
355 51
355 52
355 59
355 197
355 270
355 356
355 396
356 31
356 135
356 161
356 260
356 297
356 349
356 355
356 496
357 97
357 335
357 337
357 350
357 419
357 431
357 436
357 446
358 204
358 276
358 288
358 403
358 423
358 484
358 488
358 496
359 1
359 197
359 222
359 321
359 336
359 418
359 439
359 490
360 40
360 222
360 244
360 259
360 349
360 406
360 492
360 496
361 103
361 332
361 367
361 375
361 416
361 453
361 488
361 492
362 47
362 109
362 184
362 268
362 318
362 321
362 466
362 487
363 84
363 101
363 365
363 378
363 399
363 411
363 414
363 448
364 158
364 195
364 315
364 344
364 374
364 377
364 458
364 459
365 84
365 173
365 192
365 256
365 343
365 363
365 389
365 450
366 175
366 223
366 292
366 312
366 426
366 437
366 472
366 483
367 73
367 166
367 329
367 361
367 429
367 444
367 461
367 472
368 29
368 101
368 123
368 271
368 311
368 343
368 378
368 389
369 56
369 63
369 106
369 202
369 207
369 452
369 479
369 492
370 212
370 322
370 379
370 404
370 408
370 415
370 423
370 487
371 58
371 60
371 79
371 275
371 373
371 441
371 453
371 480
372 28
372 164
372 172
372 351
372 423
372 427
372 429
372 477
372 483
373 66
373 150
373 191
373 204
373 217
373 371
373 381
373 405
373 441
374 75
374 95
374 224
374 364
374 375
374 377
374 392
374 456
374 482
375 110
375 234
375 320
375 323
375 332
375 361
375 374
375 458
375 487
376 8
376 21
376 68
376 92
376 178
376 229
376 233
376 460
376 498
377 110
377 195
377 230
377 315
377 364
377 374
377 391
377 416
377 456
378 49
378 82
378 84
378 310
378 363
378 368
378 389
378 438
378 495
379 112
379 173
379 264
379 322
379 335
379 370
379 384
379 408
379 418
380 90
380 194
380 227
380 284
380 299
380 312
380 445
380 457
380 471
381 137
381 198
381 283
381 320
381 373
381 395
381 468
381 469
381 471
382 17
382 54
382 80
382 108
382 226
382 261
382 264
382 324
382 395
383 45
383 138
383 231
383 303
383 324
383 387
383 435
383 483
383 489
384 36
384 47
384 83
384 295
384 347
384 379
384 396
384 456
384 499
385 2
385 175
385 181
385 249
385 250
385 273
385 287
385 333
385 390
386 2
386 121
386 155
386 187
386 190
386 233
386 306
386 308
386 420
387 23
387 42
387 64
387 77
387 201
387 334
387 350
387 383
387 489
388 37
388 76
388 89
388 151
388 412
388 416
388 425
388 447
388 478
389 69
389 101
389 161
389 193
389 365
389 368
389 378
389 407
389 487
390 49
390 113
390 140
390 318
390 385
390 404
390 438
390 491
390 496
391 9
391 18
391 80
391 89
391 260
391 313
391 377
391 457
391 497
392 24
392 290
392 310
392 374
392 404
392 412
392 469
392 482
392 494
393 3
393 22
393 81
393 226
393 229
393 262
393 326
393 417
393 462
394 6
394 41
394 120
394 136
394 240
394 265
394 443
394 445
394 485
395 34
395 226
395 248
395 261
395 264
395 324
395 381
395 382
395 398
396 71
396 245
396 279
396 355
396 384
396 403
396 458
396 488
396 499
397 23
397 69
397 160
397 253
397 279
397 468
397 476
397 489
397 500
398 49
398 83
398 100
398 155
398 190
398 204
398 223
398 306
398 395
399 67
399 210
399 270
399 279
399 319
399 348
399 363
399 430
399 455
400 16
400 66
400 102
400 129
400 209
400 263
400 405
400 450
400 463
401 92
401 135
401 178
401 193
401 431
401 452
401 461
401 467
401 498
402 46
402 266
402 279
402 289
402 347
402 434
402 471
402 481
402 494
403 70
403 127
403 245
403 282
403 358
403 396
403 410
403 440
403 475
403 486
404 11
404 318
404 370
404 390
404 392
404 438
404 487
404 491
404 493
404 494
405 43
405 130
405 177
405 191
405 217
405 373
405 400
405 441
405 445
405 453
406 12
406 32
406 230
406 309
406 360
406 439
406 457
406 470
406 489
406 497
407 13
407 120
407 146
407 240
407 336
407 389
407 435
407 440
407 443
407 470
408 196
408 258
408 334
408 370
408 379
408 415
408 452
408 455
408 491
408 495
409 14
409 34
409 41
409 191
409 228
409 306
409 352
409 437
409 450
409 500
410 10
410 16
410 146
410 190
410 325
410 403
410 420
410 440
410 454
410 496
411 1
411 121
411 171
411 179
411 190
411 207
411 233
411 245
411 263
411 363
412 127
412 140
412 151
412 212
412 339
412 388
412 392
412 464
412 467
412 471
413 14
413 22
413 93
413 99
413 115
413 176
413 225
413 441
413 456
413 500
414 48
414 164
414 272
414 298
414 323
414 363
414 417
414 465
414 477
414 492
415 114
415 142
415 148
415 157
415 173
415 314
415 370
415 408
415 440
415 493
416 199
416 240
416 243
416 319
416 342
416 361
416 377
416 388
416 425
416 447
417 19
417 134
417 254
417 340
417 393
417 414
417 456
417 462
417 484
417 496
418 24
418 189
418 209
418 213
418 228
418 304
418 359
418 379
418 439
418 477
419 50
419 97
419 111
419 169
419 198
419 337
419 357
419 436
419 449
419 473
420 118
420 166
420 282
420 293
420 301
420 386
420 410
420 426
420 440
420 454
421 64
421 115
421 165
421 216
421 267
421 334
421 429
421 433
421 491
421 494
422 36
422 84
422 197
422 288
422 340
422 353
422 429
422 459
422 462
422 496
423 127
423 172
423 220
423 257
423 351
423 358
423 370
423 372
423 429
423 493
424 15
424 29
424 99
424 104
424 229
424 274
424 427
424 480
424 485
424 498
425 151
425 169
425 314
425 342
425 388
425 416
425 433
425 437
425 455
425 481
426 41
426 44
426 57
426 58
426 173
426 175
426 313
426 366
426 420
426 500
427 28
427 33
427 59
427 125
427 277
427 295
427 345
427 372
427 424
427 476
428 61
428 62
428 80
428 109
428 139
428 237
428 251
428 278
428 298
428 336
429 212
429 261
429 367
429 372
429 421
429 422
429 423
429 463
429 472
429 496
430 12
430 57
430 70
430 75
430 124
430 348
430 354
430 399
430 433
430 500
431 45
431 67
431 82
431 83
431 143
431 291
431 329
431 357
431 401
431 471
431 485
432 4
432 10
432 64
432 114
432 199
432 285
432 305
432 330
432 340
432 444
432 470
433 72
433 134
433 236
433 354
433 421
433 425
433 430
433 466
433 481
433 487
433 500
434 165
434 291
434 316
434 347
434 402
434 446
434 447
434 463
434 466
434 493
434 494
435 11
435 20
435 71
435 184
435 213
435 316
435 317
435 334
435 383
435 407
435 481
436 50
436 113
436 151
436 263
436 311
436 316
436 335
436 337
436 357
436 419
436 488
437 27
437 42
437 48
437 236
437 341
437 345
437 366
437 409
437 425
437 445
437 450
438 11
438 23
438 106
438 144
438 205
438 351
438 378
438 390
438 404
438 455
438 491
439 84
439 185
439 195
439 222
439 253
439 286
439 359
439 406
439 418
439 483
439 500
440 63
440 312
440 403
440 407
440 410
440 415
440 420
440 446
440 450
440 454
440 484
441 71
441 165
441 175
441 227
441 246
441 256
441 371
441 373
441 405
441 413
441 453
442 87
442 172
442 181
442 182
442 196
442 209
442 250
442 345
442 354
442 481
442 493
443 21
443 102
443 110
443 206
443 211
443 237
443 240
443 265
443 394
443 407
443 492
444 90
444 180
444 242
444 254
444 285
444 305
444 367
444 432
444 470
444 472
445 6
445 27
445 42
445 236
445 278
445 288
445 341
445 380
445 394
445 405
445 437
446 89
446 92
446 146
446 231
446 249
446 271
446 357
446 434
446 440
446 454
446 486
447 135
447 163
447 169
447 199
447 275
447 342
447 388
447 416
447 434
447 469
447 478
448 5
448 91
448 180
448 188
448 198
448 206
448 241
448 275
448 331
448 341
448 363
448 453
449 69
449 117
449 160
449 189
449 192
449 208
449 231
449 238
449 246
449 419
449 471
449 489
450 116
450 162
450 247
450 263
450 342
450 365
450 400
450 409
450 437
450 440
450 483
450 500
451 21
451 63
451 194
451 199
451 228
451 323
451 335
451 339
451 455
451 463
451 482
451 490
452 7
452 43
452 53
452 96
452 173
452 289
452 333
452 369
452 401
452 408
452 475
452 492
453 29
453 140
453 141
453 180
453 241
453 297
453 361
453 371
453 405
453 441
453 448
453 498
454 44
454 61
454 221
454 271
454 303
454 337
454 347
454 410
454 420
454 440
454 446
454 494
455 160
455 220
455 272
455 399
455 408
455 425
455 438
455 451
455 463
455 478
455 483
455 490
456 60
456 200
456 207
456 218
456 294
456 315
456 374
456 377
456 384
456 413
456 417
456 482
457 12
457 90
457 154
457 244
457 309
457 380
457 391
457 406
457 463
457 479
457 484
457 494
458 20
458 107
458 216
458 262
458 272
458 323
458 332
458 336
458 364
458 375
458 396
458 499
459 81
459 91
459 107
459 141
459 252
459 320
459 327
459 335
459 364
459 422
459 462
459 479
459 489
460 15
460 16
460 40
460 112
460 137
460 165
460 209
460 309
460 330
460 350
460 376
460 474
460 495
461 6
461 29
461 43
461 65
461 66
461 92
461 211
461 328
461 331
461 346
461 367
461 401
461 498
462 159
462 188
462 192
462 353
462 393
462 417
462 422
462 459
462 476
462 477
462 482
462 484
462 496
463 21
463 167
463 195
463 214
463 220
463 251
463 400
463 429
463 434
463 451
463 455
463 457
463 490
464 1
464 31
464 94
464 109
464 141
464 151
464 168
464 171
464 242
464 340
464 412
464 471
464 500
465 47
465 48
465 57
465 117
465 122
465 126
465 149
465 159
465 298
465 327
465 414
465 473
465 477
466 21
466 56
466 77
466 91
466 211
466 224
466 338
466 362
466 433
466 434
466 487
466 491
466 494
467 127
467 242
467 243
467 249
467 276
467 334
467 340
467 348
467 351
467 401
467 412
467 471
467 499
468 38
468 88
468 102
468 161
468 237
468 239
468 283
468 336
468 350
468 352
468 381
468 397
468 469
469 38
469 161
469 194
469 200
469 251
469 283
469 320
469 351
469 381
469 392
469 447
469 468
469 479
470 4
470 10
470 133
470 157
470 202
470 285
470 305
470 317
470 349
470 406
470 407
470 432
470 444
471 52
471 94
471 183
471 242
471 243
471 340
471 380
471 381
471 402
471 412
471 431
471 449
471 464
471 467
472 7
472 45
472 73
472 76
472 166
472 232
472 246
472 366
472 367
472 429
472 444
472 475
472 491
472 493
473 99
473 128
473 177
473 200
473 214
473 216
473 219
473 252
473 339
473 346
473 419
473 465
473 484
473 490
474 50
474 51
474 73
474 103
474 111
474 137
474 167
474 181
474 330
474 350
474 460
474 495
474 500
475 7
475 60
475 63
475 174
475 185
475 193
475 232
475 291
475 314
475 403
475 452
475 472
475 480
475 492
476 17
476 35
476 67
476 121
476 129
476 140
476 168
476 186
476 262
476 344
476 397
476 427
476 462
476 497
477 5
477 48
477 76
477 126
477 164
477 286
477 298
477 327
477 351
477 372
477 414
477 418
477 462
477 465
478 7
478 55
478 159
478 191
478 199
478 277
478 300
478 302
478 340
478 342
478 388
478 447
478 455
478 479
478 488
479 81
479 91
479 107
479 125
479 141
479 190
479 215
479 252
479 272
479 311
479 369
479 457
479 459
479 469
479 478
480 96
480 146
480 189
480 210
480 232
480 239
480 298
480 299
480 304
480 314
480 371
480 424
480 475
480 492
480 500
481 136
481 166
481 198
481 258
481 274
481 282
481 291
481 338
481 354
481 402
481 425
481 433
481 435
481 442
481 487
481 494
482 2
482 31
482 40
482 106
482 121
482 200
482 208
482 218
482 265
482 291
482 315
482 374
482 392
482 451
482 456
482 462
483 42
483 102
483 167
483 247
483 282
483 304
483 336
483 345
483 352
483 366
483 372
483 383
483 439
483 450
483 455
483 500
484 78
484 154
484 157
484 163
484 192
484 204
484 301
484 328
484 358
484 417
484 440
484 457
484 462
484 473
484 492
484 496
485 39
485 65
485 99
485 143
485 182
485 183
485 190
485 238
485 252
485 280
485 284
485 394
485 424
485 431
485 489
485 498
486 31
486 70
486 118
486 137
486 152
486 155
486 178
486 219
486 271
486 282
486 290
486 403
486 446
486 493
486 498
486 499
487 32
487 68
487 78
487 129
487 138
487 156
487 203
487 211
487 216
487 362
487 370
487 375
487 389
487 404
487 433
487 466
487 481
488 30
488 103
488 105
488 168
488 181
488 290
488 295
488 323
488 332
488 338
488 358
488 361
488 396
488 436
488 478
488 496
488 499
489 11
489 64
489 88
489 138
489 163
489 179
489 201
489 226
489 300
489 325
489 383
489 387
489 397
489 406
489 449
489 459
489 485
490 80
490 136
490 149
490 155
490 208
490 255
490 259
490 269
490 292
490 335
490 346
490 359
490 451
490 455
490 463
490 473
490 498
490 499
491 13
491 39
491 60
491 87
491 98
491 105
491 114
491 144
491 177
491 205
491 270
491 318
491 390
491 404
491 408
491 421
491 438
491 466
491 472
492 1
492 69
492 96
492 147
492 239
492 261
492 314
492 323
492 333
492 360
492 361
492 369
492 414
492 443
492 452
492 475
492 480
492 484
492 499
493 4
493 54
493 69
493 76
493 87
493 111
493 166
493 182
493 213
493 307
493 351
493 404
493 415
493 423
493 434
493 442
493 472
493 486
493 494
494 35
494 77
494 159
494 201
494 211
494 329
494 347
494 354
494 392
494 402
494 404
494 421
494 434
494 454
494 457
494 466
494 481
494 493
494 497
495 15
495 16
495 30
495 85
495 112
495 135
495 137
495 144
495 160
495 167
495 186
495 303
495 318
495 330
495 350
495 378
495 408
495 460
495 474
496 20
496 56
496 106
496 192
496 204
496 205
496 305
496 338
496 353
496 356
496 358
496 360
496 390
496 410
496 417
496 422
496 429
496 462
496 484
496 488
497 38
497 39
497 58
497 68
497 108
497 140
497 142
497 143
497 145
497 152
497 158
497 186
497 202
497 239
497 294
497 324
497 391
497 406
497 476
497 494
498 8
498 16
498 65
498 86
498 117
498 154
498 229
498 278
498 280
498 299
498 305
498 329
498 376
498 401
498 424
498 453
498 461
498 485
498 486
498 490
498 500
499 30
499 34
499 66
499 103
499 115
499 148
499 168
499 214
499 234
499 245
499 311
499 323
499 332
499 384
499 396
499 458
499 467
499 486
499 488
499 490
499 492
500 58
500 146
500 209
500 222
500 247
500 304
500 336
500 352
500 397
500 409
500 413
500 426
500 430
500 433
500 439
500 450
500 464
500 474
500 480
500 483
500 498
