1 5
1 394
1 435
1 480
1 492
2 7
2 287
2 333
2 385
2 386
3 88
3 91
3 99
3 393
3 496
4 9
4 269
4 313
4 432
4 470
5 1
5 6
5 11
5 446
5 454
6 5
6 11
6 394
6 437
6 445
7 2
7 8
7 475
7 480
7 492
8 7
8 23
8 33
8 65
8 229
9 4
9 98
9 131
9 177
9 339
10 128
10 245
10 248
10 432
10 470
11 5
11 6
11 435
11 438
11 491
12 14
12 15
12 380
12 430
12 457
13 24
13 250
13 279
13 303
13 491
14 12
14 15
14 93
14 409
14 413
15 12
15 14
15 393
15 460
15 495
16 393
16 410
16 460
16 495
16 498
17 153
17 292
17 293
17 395
17 476
18 124
18 125
18 142
18 225
18 281
19 20
19 129
19 338
19 393
19 417
20 19
20 22
20 30
20 41
20 74
21 104
21 376
21 443
21 451
21 466
22 20
22 30
22 93
22 393
22 413
23 8
23 26
23 397
23 449
23 489
24 13
24 231
24 315
24 368
24 482
25 35
25 39
25 299
25 337
25 446
26 23
26 174
26 203
26 307
26 311
27 28
27 314
27 445
28 27
28 59
28 130
28 221
28 328
29 86
29 368
29 376
29 424
29 453
30 20
30 22
30 31
30 488
30 499
31 30
31 38
31 44
31 85
31 486
32 55
32 56
32 380
32 457
32 487
33 8
33 38
33 40
33 41
33 284
34 89
34 153
34 236
34 247
34 395
35 25
35 36
35 260
35 303
35 497
36 35
36 37
36 123
36 125
36 427
37 36
37 39
37 51
37 52
37 355
38 31
38 33
38 41
38 468
38 469
39 25
39 37
39 42
39 142
39 497
40 33
40 41
40 315
40 360
40 482
41 20
41 33
41 38
41 40
41 426
42 39
42 341
42 437
42 445
42 483
43 44
43 229
43 280
43 448
43 452
44 31
44 43
44 85
44 448
44 454
45 47
45 286
45 341
45 431
45 448
46 140
46 143
46 255
46 274
46 402
47 45
47 83
47 123
47 341
47 465
48 51
48 57
48 164
48 477
49 52
49 53
49 187
49 223
49 378
50 213
50 217
50 218
50 419
50 436
51 37
51 48
51 210
51 348
51 474
52 37
52 49
52 53
52 341
52 355
53 49
53 52
53 54
53 287
53 385
54 53
54 55
54 235
54 290
54 302
55 32
55 54
55 278
55 428
55 478
56 32
56 63
56 106
56 432
56 496
57 48
57 59
57 250
57 279
57 430
58 369
58 426
58 468
58 475
58 497
59 28
59 57
59 62
59 295
59 384
60 438
60 443
60 456
60 475
60 491
61 261
61 273
61 275
61 278
61 428
62 59
62 139
62 237
62 316
62 428
63 56
63 432
63 443
63 475
63 492
64 138
64 231
64 376
64 421
64 432
65 8
65 92
65 101
65 424
65 498
66 67
66 336
66 461
66 499
66 500
67 66
67 68
67 376
67 476
67 497
68 67
68 69
68 211
68 376
68 481
69 68
69 73
69 201
69 383
69 492
70 72
70 75
70 403
70 410
70 420
70 440
70 446
70 454
71 73
71 74
71 308
71 435
71 441
72 70
72 75
72 253
72 297
72 360
73 69
73 71
73 74
73 181
73 246
74 20
74 71
74 73
74 77
74 206
75 70
75 72
75 124
75 270
75 399
76 181
76 190
76 191
76 194
76 246
77 74
77 78
77 79
77 466
77 481
78 77
78 79
78 266
78 267
78 484
79 77
79 78
79 174
79 311
79 321
80 82
80 321
80 391
80 490
80 497
81 83
81 321
81 393
81 459
81 479
82 80
82 83
82 219
82 321
82 431
83 47
83 81
83 82
83 88
83 384
84 86
84 365
84 368
84 378
84 389
84 422
85 31
85 44
85 270
85 283
85 292
86 29
86 84
86 87
86 178
86 461
86 485
86 498
87 86
87 89
87 307
87 367
87 429
88 3
88 83
88 91
88 468
88 469
89 34
89 87
89 221
89 420
89 486
90 194
90 236
90 247
90 406
90 457
91 3
91 88
91 99
91 459
91 479
92 65
92 93
92 446
92 461
92 498
93 14
93 22
93 92
93 331
93 413
94 95
94 96
94 412
94 464
94 471
95 94
95 96
95 202
95 255
95 274
96 94
96 95
96 189
96 452
96 492
97 222
97 224
97 276
97 419
97 436
98 9
98 131
98 187
98 438
98 491
99 3
99 91
99 238
99 362
99 485
100 106
100 248
100 290
100 318
100 428
101 65
101 363
101 365
101 378
102 274
102 352
102 359
102 418
102 443
102 450
102 500
103 104
103 396
103 474
103 488
103 499
104 21
104 103
104 274
104 463
104 490
105 108
105 390
105 404
105 488
105 491
106 56
106 100
106 109
106 428
106 496
107 126
107 252
107 458
107 459
107 479
108 105
108 121
108 294
108 324
108 344
109 106
109 184
109 213
109 375
109 428
110 111
110 112
110 375
110 394
110 443
111 110
111 112
111 375
111 437
111 445
112 110
112 111
112 113
112 460
112 495
113 112
113 115
113 116
113 419
113 436
114 173
114 223
114 322
114 370
114 379
114 408
114 491
115 113
115 116
115 165
115 413
115 494
116 113
116 115
116 117
116 145
116 254
117 116
117 118
117 119
117 179
117 449
118 117
118 119
118 123
118 454
118 486
119 117
119 118
119 123
119 364
119 482
120 122
120 123
120 130
120 407
120 443
121 108
121 207
121 386
121 411
121 476
122 120
122 130
122 256
122 293
122 465
123 36
123 47
123 118
123 119
123 120
124 18
124 75
124 225
124 270
124 399
125 18
125 36
125 295
125 427
125 479
126 107
126 201
126 414
126 465
126 477
127 228
127 230
127 232
127 467
127 471
128 10
128 136
128 245
128 411
128 490
129 19
129 201
129 433
129 434
129 476
130 28
130 120
130 122
130 136
130 328
131 9
131 98
131 132
131 235
131 268
132 131
132 134
132 201
132 235
132 302
133 134
133 244
133 253
133 297
133 470
134 132
134 133
134 288
134 462
134 496
135 136
135 259
135 356
135 401
135 402
136 128
136 130
136 135
136 402
136 490
137 139
137 381
137 460
137 474
137 495
138 64
138 192
138 339
138 387
138 489
139 62
139 137
139 192
139 237
139 428
140 46
140 186
140 402
140 412
140 497
141 143
141 215
141 453
141 464
141 479
142 18
142 39
142 176
142 192
142 497
143 46
143 141
143 286
143 431
143 497
144 176
144 255
144 404
144 438
144 491
145 116
145 176
145 244
145 255
145 297
146 147
146 148
146 373
146 454
146 486
147 146
147 148
147 162
147 248
147 373
148 146
148 147
148 170
148 373
148 427
149 159
149 165
149 167
149 269
149 272
150 151
150 152
150 219
150 286
150 373
151 150
151 152
151 388
151 467
151 471
152 150
152 151
152 271
152 454
152 497
153 17
153 34
153 156
153 226
153 255
153 261
153 264
154 155
154 158
154 406
154 457
154 484
155 154
155 158
155 454
155 486
155 490
156 153
156 161
156 291
156 434
156 481
157 159
157 196
157 379
157 470
157 484
158 154
158 155
158 159
158 313
158 497
159 149
159 157
159 158
159 425
159 478
160 165
160 449
160 476
160 489
160 495
161 156
161 283
161 320
161 381
161 389
161 469
162 147
162 248
162 290
162 348
162 450
163 199
163 204
163 462
163 489
163 496
164 48
164 166
164 199
164 465
164 477
165 115
165 149
165 160
165 476
165 494
166 164
166 212
166 420
166 472
166 493
167 149
167 460
167 476
167 483
167 495
168 330
168 353
168 361
168 476
168 499
169 170
169 199
169 250
169 353
169 447
169 478
170 148
170 169
170 172
170 345
170 385
170 427
171 193
171 194
171 196
171 233
171 306
171 398
172 170
172 175
172 307
172 385
172 442
172 493
173 114
173 177
173 257
173 322
173 408
173 426
174 26
174 79
174 203
174 233
174 317
174 319
175 172
175 178
175 257
175 292
175 296
175 385
176 142
176 144
176 145
176 225
176 413
177 9
177 173
177 257
177 339
177 490
177 491
178 86
178 175
178 257
178 376
178 486
178 498
179 117
179 309
179 311
179 319
179 320
179 489
180 227
180 270
180 278
180 283
180 441
180 453
181 73
181 76
181 183
181 185
181 369
181 488
182 188
182 257
182 351
182 367
182 472
182 485
183 181
183 185
183 207
183 369
183 401
183 485
184 109
184 296
184 297
184 310
184 321
184 435
185 181
185 183
185 207
185 256
185 293
185 369
186 140
186 188
186 338
186 344
186 495
186 497
187 49
187 98
187 271
187 306
187 313
187 411
188 182
188 186
188 331
188 338
188 373
188 405
189 96
189 190
189 314
189 338
189 449
189 492
190 76
190 189
190 191
190 386
190 398
190 411
191 76
191 190
191 193
191 275
191 373
191 405
192 138
192 139
192 142
192 417
192 422
192 496
193 171
193 191
193 194
193 329
194 76
194 90
194 171
194 193
194 299
195 328
195 377
195 439
195 456
195 463
195 482
196 157
196 171
196 328
196 370
196 415
196 442
197 198
197 202
197 328
197 462
197 484
197 496
198 197
198 202
198 291
198 347
198 448
198 481
199 163
199 164
199 169
199 388
199 425
199 451
200 203
200 374
200 377
200 469
200 473
200 482
201 69
201 126
201 129
201 132
201 383
201 489
202 95
202 197
202 198
202 203
202 255
202 274
203 26
203 174
203 200
203 202
203 204
203 319
204 163
204 203
204 206
204 208
204 462
204 484
205 208
205 209
205 210
205 390
205 438
205 491
206 74
206 204
206 208
206 292
206 366
206 443
207 121
207 183
207 185
207 216
207 369
207 386
208 204
208 205
208 206
208 374
208 456
208 482
209 205
209 210
209 400
209 442
209 483
209 500
210 51
210 205
210 209
210 213
210 348
210 430
211 68
211 224
211 226
211 227
211 487
211 494
212 166
212 280
212 361
212 370
212 412
212 426
213 50
213 109
213 210
213 217
213 317
213 334
214 293
214 296
214 312
214 346
214 473
214 490
215 141
215 266
215 269
215 354
215 459
215 479
216 207
216 279
216 281
216 282
216 487
216 494
217 50
217 213
217 218
217 371
217 441
217 448
218 50
218 217
218 219
218 374
218 377
218 482
219 82
219 150
219 218
219 220
219 276
219 329
220 219
220 222
220 269
220 272
220 276
220 490
221 28
221 89
221 241
221 249
221 386
221 486
222 97
222 220
222 247
222 276
222 483
222 500
223 49
223 114
223 225
223 233
223 366
223 411
224 97
224 211
224 226
224 280
224 284
224 498
225 18
225 124
225 176
225 223
225 413
226 153
226 211
226 224
226 227
226 382
226 395
227 180
227 211
227 226
227 241
227 343
227 453
228 127
228 230
228 232
228 263
228 483
228 500
229 8
229 43
229 259
229 289
229 365
229 424
230 127
230 228
230 232
230 262
230 266
230 267
231 24
231 64
231 368
231 387
231 446
231 489
232 127
232 228
232 230
232 475
232 480
232 492
233 171
233 174
233 223
233 317
233 398
233 411
234 237
234 238
234 288
234 375
234 458
234 499
235 54
235 131
235 132
235 244
235 302
235 317
236 34
236 90
236 341
236 433
236 437
236 445
237 62
237 139
237 234
237 238
237 278
237 288
238 99
238 234
238 237
238 288
238 485
238 498
239 240
239 314
239 344
239 452
239 468
239 475
240 239
240 265
240 288
240 344
240 394
240 443
241 221
241 227
241 249
241 314
241 441
241 448
242 344
242 363
242 411
242 464
242 467
242 471
243 342
243 345
243 346
243 461
243 467
243 471
244 133
244 145
244 235
244 259
244 304
244 349
245 10
245 128
245 332
245 411
245 458
245 499
246 73
246 76
246 248
246 300
246 449
246 493
247 34
247 90
247 222
247 331
247 450
247 500
248 10
248 100
248 147
248 162
248 246
248 300
249 221
249 241
249 273
249 287
249 385
249 446
250 13
250 57
250 169
250 330
250 353
250 385
251 253
251 300
251 346
251 428
251 455
251 473
252 107
252 253
252 300
252 459
252 473
252 479
253 72
253 133
253 251
253 252
253 349
253 439
254 116
254 289
254 301
254 356
254 365
254 444
255 46
255 95
255 144
255 145
255 153
255 202
256 122
256 185
256 260
256 293
256 365
256 441
257 173
257 175
257 177
257 178
257 182
257 292
258 284
258 290
258 360
258 378
258 408
258 415
259 135
259 229
259 244
259 260
259 356
259 490
260 35
260 256
260 259
260 262
260 325
260 497
261 61
261 153
261 275
261 277
261 382
261 395
262 230
262 260
262 266
262 267
262 458
262 476
263 228
263 264
263 409
263 411
263 436
263 500
264 153
264 263
264 265
264 354
264 382
264 395
265 240
265 264
265 266
265 354
265 407
265 443
266 78
266 215
266 230
266 262
266 265
266 354
267 78
267 230
267 262
267 268
267 271
267 272
268 131
268 267
268 272
268 317
268 321
268 334
269 4
269 149
269 215
269 220
269 313
269 490
270 75
270 85
270 124
270 180
270 278
270 430
271 152
271 187
271 267
271 272
271 410
271 420
272 149
272 220
272 267
272 268
272 271
272 490
273 61
273 249
273 277
273 287
273 338
273 385
274 46
274 95
274 102
274 104
274 202
274 481
275 61
275 191
275 261
275 277
275 448
275 453
276 97
276 219
276 220
276 222
276 416
276 447
277 261
277 273
277 275
277 416
277 447
277 478
278 55
278 61
278 180
278 237
278 270
278 428
278 498
279 13
279 57
279 216
279 281
279 282
279 285
279 430
280 43
280 212
280 224
280 367
280 404
280 426
280 498
281 18
281 216
281 279
281 282
281 285
281 294
281 344
282 216
282 279
282 281
282 285
282 440
282 446
282 486
283 85
283 161
283 180
283 292
283 468
283 469
284 33
284 224
284 258
284 380
284 405
284 417
284 498
285 279
285 281
285 282
285 295
285 432
285 444
285 470
286 45
286 143
286 150
286 291
286 295
286 301
286 477
287 2
287 53
287 249
287 273
287 304
287 332
287 333
288 134
288 234
288 237
288 238
288 240
288 462
288 484
289 229
289 254
289 365
289 402
289 452
289 475
289 480
290 54
290 100
290 162
290 258
290 360
290 378
290 456
291 156
291 198
291 286
291 295
291 301
291 475
291 487
292 17
292 85
292 175
292 206
292 257
292 283
292 312
293 17
293 122
293 185
293 214
293 256
293 303
293 312
294 108
294 281
294 298
294 318
294 362
294 391
294 456
295 59
295 125
295 285
295 286
295 291
295 301
295 345
296 175
296 184
296 214
296 297
296 312
296 366
296 426
297 72
297 133
297 145
297 184
297 296
297 310
297 349
298 294
298 318
298 414
298 428
298 465
298 477
298 480
299 25
299 194
299 307
299 314
299 337
299 380
300 246
300 248
300 251
300 252
300 388
300 447
300 478
301 254
301 286
301 291
301 295
301 302
301 356
301 360
302 54
302 132
302 235
302 301
302 306
302 308
302 460
303 13
303 35
303 293
303 316
303 368
304 244
304 287
304 322
304 359
304 418
304 439
304 483
305 310
305 315
305 432
305 444
305 470
305 498
306 171
306 187
306 302
306 308
306 311
306 386
306 460
307 26
307 87
307 172
307 299
307 337
307 386
307 493
308 71
308 302
308 306
308 311
308 334
308 435
308 460
309 179
309 319
309 320
309 380
309 406
309 457
309 460
310 184
310 297
310 305
310 315
310 377
310 456
310 482
311 26
311 79
311 179
311 306
311 308
311 319
311 460
312 214
312 292
312 293
312 296
312 366
312 380
312 440
313 4
313 158
313 187
313 269
313 391
313 426
313 476
314 27
314 189
314 239
314 241
314 299
314 386
314 475
315 24
315 40
315 305
315 310
315 323
315 326
315 392
316 62
316 303
316 317
316 362
316 366
316 434
316 435
317 174
317 213
317 233
317 235
317 268
317 316
317 362
318 100
318 294
318 298
318 362
318 491
319 174
319 179
319 203
319 309
319 311
319 320
319 324
320 161
320 179
320 309
320 319
320 324
320 381
320 468
321 79
321 80
321 81
321 82
321 184
321 268
321 435
322 114
322 173
322 304
322 332
322 415
323 315
323 326
323 332
323 375
323 451
323 488
323 499
324 108
324 319
324 320
324 325
324 329
324 408
324 476
325 260
325 324
325 329
325 333
325 408
325 476
325 489
326 315
326 323
326 327
326 358
326 422
326 462
326 484
327 326
327 339
327 348
327 414
327 465
327 477
328 28
328 130
328 195
328 196
328 197
328 345
328 484
329 193
329 219
329 324
329 325
329 333
329 408
329 431
330 168
330 250
330 353
330 432
330 460
330 474
330 495
331 93
331 188
331 247
331 373
331 405
331 453
331 461
332 245
332 287
332 322
332 323
332 396
332 488
332 499
333 2
333 287
333 325
333 329
333 334
333 385
333 408
334 213
334 268
334 308
334 333
334 342
334 362
334 408
334 461
335 350
335 356
335 357
335 451
335 455
335 458
335 463
335 473
336 66
336 351
336 355
336 356
336 458
336 468
336 483
336 500
337 25
337 299
337 307
337 357
337 419
337 436
337 446
338 19
338 186
338 188
338 189
338 273
338 466
338 494
338 496
339 9
339 138
339 177
339 327
339 348
339 366
339 451
339 463
340 381
340 412
340 422
340 429
340 447
340 464
340 467
340 471
341 42
341 45
341 47
341 52
341 236
341 437
341 445
341 448
342 243
342 334
342 345
342 388
342 416
342 447
342 461
342 478
343 227
343 358
343 363
343 368
343 389
343 423
343 442
343 451
344 108
344 186
344 239
344 240
344 242
344 281
344 363
344 476
345 170
345 243
345 295
345 328
345 342
345 349
345 384
345 461
346 214
346 243
346 251
346 349
346 451
346 461
346 463
346 469
347 198
347 384
347 401
347 402
347 413
347 433
347 441
347 487
348 51
348 162
348 210
348 327
348 339
348 355
348 366
348 399
349 244
349 253
349 297
349 345
349 346
349 352
349 360
349 469
350 335
350 356
350 357
350 458
350 460
350 474
350 495
351 182
351 336
351 352
351 355
351 372
351 442
351 469
351 472
352 102
352 349
352 351
352 355
352 409
352 418
352 439
352 469
353 168
353 169
353 250
353 330
353 393
353 417
353 422
353 496
354 215
354 264
354 265
354 266
354 421
354 481
354 487
354 494
355 37
355 52
355 336
355 348
355 351
355 352
355 399
355 469
356 135
356 254
356 259
356 301
356 335
356 336
356 350
356 496
357 335
357 337
357 350
357 359
357 431
358 326
358 343
358 422
358 423
358 442
358 451
358 462
358 484
359 102
359 304
359 357
359 364
359 416
359 439
359 458
359 483
360 40
360 72
360 258
360 290
360 301
360 349
360 405
360 406
361 168
361 212
361 367
361 375
361 453
361 488
361 492
361 499
362 99
362 294
362 316
362 317
362 318
362 334
362 435
362 466
363 101
363 242
363 343
363 344
363 368
363 378
363 411
363 448
364 119
364 359
364 371
364 416
364 456
364 458
365 84
365 101
365 229
365 254
365 256
365 289
365 378
365 389
366 206
366 223
366 296
366 312
366 316
366 339
366 348
366 426
367 87
367 182
367 280
367 361
367 404
367 429
367 439
367 493
368 24
368 29
368 84
368 231
368 303
368 343
368 363
368 389
369 58
369 181
369 183
369 185
369 207
369 452
369 480
369 492
370 114
370 196
370 212
370 404
370 408
370 415
370 423
370 426
371 217
371 364
371 373
371 374
371 405
371 416
371 453
371 480
372 351
372 379
372 407
372 423
372 472
372 478
372 483
372 493
372 496
373 146
373 147
373 148
373 150
373 188
373 191
373 331
373 371
373 441
374 200
374 208
374 218
374 371
374 382
374 387
374 392
374 416
374 456
375 109
375 110
375 111
375 234
375 323
375 361
375 458
375 487
375 488
376 21
376 29
376 64
376 67
376 68
376 178
376 461
377 195
377 200
377 218
377 310
377 382
377 387
377 391
377 392
377 416
378 49
378 84
378 101
378 258
378 290
378 363
378 365
378 438
378 456
379 114
379 157
379 372
379 383
379 392
379 408
379 415
379 483
379 496
380 12
380 32
380 284
380 299
380 309
380 312
380 417
380 430
380 445
381 137
381 161
381 320
381 340
381 389
381 434
381 447
381 468
381 469
382 226
382 261
382 264
382 374
382 377
382 387
382 391
383 69
383 201
383 379
383 390
383 392
383 396
383 397
383 483
383 489
384 59
384 83
384 345
384 347
384 427
384 438
384 456
384 466
384 499
385 2
385 53
385 170
385 172
385 175
385 249
385 250
385 273
385 333
386 2
386 121
386 190
386 207
386 221
386 306
386 307
386 314
386 398
387 138
387 231
387 374
387 377
387 382
387 391
387 397
387 449
387 489
388 151
388 199
388 300
388 342
388 412
388 416
388 421
388 452
388 453
389 84
389 161
389 343
389 365
389 368
389 381
389 422
389 434
389 447
390 105
390 205
390 383
390 392
390 396
390 398
390 404
390 491
390 496
391 80
391 294
391 313
391 377
391 382
391 387
391 395
391 476
391 497
392 315
392 374
392 377
392 379
392 383
392 390
392 396
392 398
392 456
393 3
393 15
393 16
393 19
393 22
393 81
393 353
393 417
393 422
394 1
394 6
394 110
394 240
394 407
394 410
394 435
394 443
394 445
395 17
395 34
395 226
395 261
395 264
395 391
395 399
395 400
395 420
396 103
396 332
396 383
396 390
396 392
396 398
396 414
396 488
396 499
397 23
397 383
397 387
397 406
397 409
397 449
397 454
397 468
397 475
398 171
398 190
398 233
398 386
398 390
398 392
398 396
398 403
398 414
399 75
399 124
399 348
399 355
399 395
399 400
399 420
399 429
399 430
400 209
400 395
400 399
400 409
400 420
400 429
400 500
401 135
401 183
401 347
401 413
401 441
401 452
401 461
401 485
401 498
402 46
402 135
402 136
402 140
402 289
402 347
402 434
402 466
402 487
403 70
403 398
403 410
403 414
403 415
403 420
403 440
403 455
403 480
403 486
404 105
404 144
404 280
404 367
404 370
404 390
404 423
404 438
404 439
404 491
405 188
405 191
405 284
405 331
405 360
405 371
405 417
405 430
405 445
405 448
406 90
406 154
406 309
406 360
406 397
406 409
406 457
406 468
406 475
406 497
407 120
407 265
407 372
407 394
407 470
407 477
407 478
407 483
407 496
407 497
408 114
408 173
408 258
408 324
408 325
408 329
408 333
408 334
408 370
408 379
409 14
409 263
409 352
409 397
409 400
409 406
409 450
409 454
409 468
409 475
410 16
410 70
410 271
410 394
410 403
410 420
410 435
410 440
410 445
410 496
411 121
411 128
411 187
411 190
411 223
411 233
411 242
411 245
411 263
411 363
412 94
412 140
412 212
412 340
412 388
412 421
412 452
412 464
412 471
413 14
413 22
413 93
413 115
413 176
413 225
413 347
413 401
413 441
413 466
414 126
414 298
414 327
414 396
414 398
414 403
414 415
414 465
414 477
414 492
415 196
415 258
415 322
415 370
415 379
415 403
415 414
415 418
415 455
415 480
416 276
416 277
416 342
416 359
416 364
416 371
416 374
416 377
416 388
416 478
417 19
417 192
417 284
417 353
417 380
417 393
417 405
417 430
417 484
417 496
418 102
418 304
418 352
418 415
418 419
418 427
418 450
418 455
418 480
418 483
419 50
419 97
419 113
419 337
419 418
419 424
419 425
419 427
419 436
419 450
420 70
420 89
420 166
420 271
420 395
420 399
420 400
420 403
420 410
420 429
421 64
421 354
421 388
421 412
421 433
421 452
421 453
421 466
421 481
421 487
422 84
422 192
422 326
422 340
422 353
422 358
422 389
422 393
422 429
422 434
423 343
423 358
423 370
423 372
423 404
423 429
423 439
423 442
423 472
423 493
424 29
424 65
424 229
424 419
424 425
424 427
424 450
424 461
424 480
424 485
425 159
425 199
425 419
425 424
425 427
425 433
425 447
425 450
425 455
425 478
426 41
426 58
426 173
426 212
426 280
426 296
426 313
426 366
426 370
426 500
427 36
427 125
427 148
427 170
427 384
427 418
427 419
427 424
427 425
427 450
428 55
428 61
428 62
428 100
428 106
428 109
428 139
428 251
428 278
428 298
429 87
429 340
429 367
429 399
429 400
429 420
429 422
429 423
429 442
429 493
430 12
430 57
430 210
430 270
430 279
430 380
430 399
430 405
430 417
430 445
431 45
431 82
431 143
431 329
431 357
431 464
431 477
431 481
431 486
431 490
431 497
432 4
432 10
432 56
432 63
432 64
432 285
432 305
432 330
432 443
432 444
432 470
433 129
433 236
433 347
433 421
433 425
433 434
433 440
433 450
433 466
433 474
433 500
434 129
434 156
434 316
434 381
434 389
434 402
434 422
434 433
434 447
434 487
434 494
435 1
435 11
435 71
435 184
435 308
435 316
435 321
435 362
435 394
435 410
435 481
436 50
436 97
436 113
436 263
436 337
436 419
436 440
436 444
436 457
436 463
436 474
437 6
437 42
437 111
437 236
437 341
437 462
437 473
437 488
437 489
437 498
437 500
438 11
438 60
438 98
438 144
438 205
438 378
438 384
438 404
438 455
438 456
438 466
439 195
439 253
439 304
439 352
439 359
439 367
439 404
439 423
439 442
439 450
439 483
440 70
440 282
440 312
440 403
440 410
440 433
440 436
440 444
440 457
440 474
440 486
441 71
441 180
441 217
441 241
441 256
441 347
441 373
441 401
441 413
441 448
441 466
442 172
442 196
442 209
442 343
442 351
442 358
442 423
442 429
442 439
442 451
442 472
443 21
443 60
443 63
443 102
443 110
443 120
443 206
443 240
443 265
443 394
443 432
444 254
444 285
444 305
444 432
444 436
444 440
444 457
444 463
444 470
444 474
445 6
445 27
445 42
445 111
445 236
445 341
445 380
445 394
445 405
445 410
445 430
446 5
446 25
446 70
446 92
446 231
446 249
446 282
446 337
447 169
447 276
447 277
447 300
447 340
447 342
447 381
447 389
447 425
447 434
447 469
448 43
448 44
448 45
448 198
448 217
448 241
448 275
448 341
448 363
448 405
448 441
448 453
449 23
449 117
449 160
449 189
449 246
449 387
449 397
449 457
449 463
449 465
449 470
449 484
450 102
450 162
450 247
450 409
450 418
450 419
450 424
450 425
450 427
450 433
450 439
450 500
451 21
451 199
451 323
451 335
451 339
451 343
451 346
451 358
451 442
451 463
451 473
451 482
452 43
452 96
452 239
452 289
452 369
452 388
452 401
452 412
452 421
452 453
452 475
452 480
453 29
453 141
453 180
453 227
453 275
453 331
453 361
453 371
453 388
453 421
453 448
453 452
454 5
454 44
454 70
454 118
454 146
454 152
454 155
454 397
454 409
454 465
454 470
454 484
455 251
455 335
455 403
455 415
455 418
455 425
455 438
455 463
455 473
455 478
455 480
455 490
456 60
456 195
456 208
456 290
456 294
456 310
456 364
456 374
456 378
456 384
456 392
456 438
457 12
457 32
457 90
457 154
457 309
457 406
457 436
457 440
457 444
457 449
457 463
457 484
458 107
458 234
458 245
458 262
458 335
458 336
458 350
458 359
458 364
458 375
458 488
458 499
459 81
459 91
459 107
459 215
459 252
459 467
459 471
459 479
459 492
459 493
459 494
459 495
459 499
460 15
460 16
460 112
460 137
460 167
460 302
460 306
460 308
460 309
460 311
460 330
460 350
460 495
461 66
461 86
461 92
461 243
461 331
461 334
461 342
461 345
461 346
461 376
461 401
461 424
461 485
462 134
462 163
462 197
462 204
462 288
462 326
462 358
462 437
462 464
462 473
462 490
462 498
462 500
463 104
463 195
463 335
463 339
463 346
463 436
463 444
463 449
463 451
463 455
463 457
463 465
463 473
464 94
464 141
464 242
464 340
464 412
464 431
464 462
464 467
464 473
464 481
464 486
464 490
465 47
465 122
465 126
465 164
465 298
465 327
465 414
465 449
465 454
465 463
465 470
465 477
465 484
466 21
466 77
466 338
466 362
466 384
466 402
466 413
466 421
466 433
466 438
466 441
466 481
466 494
467 127
467 151
467 242
467 243
467 340
467 459
467 464
467 472
467 479
467 485
467 492
467 495
467 499
468 38
468 58
468 88
468 239
468 283
468 320
468 336
468 381
468 397
468 406
468 409
468 469
468 475
469 38
469 88
469 161
469 200
469 283
469 346
469 349
469 351
469 352
469 355
469 381
469 447
469 468
470 4
470 10
470 133
470 157
470 285
470 305
470 407
470 432
470 444
470 449
470 454
470 465
470 484
471 94
471 127
471 151
471 242
471 243
471 340
471 412
471 459
471 472
471 479
471 485
471 492
471 495
471 499
472 166
472 182
472 351
472 372
472 423
472 442
472 467
472 471
472 479
472 485
472 487
472 491
472 492
472 493
473 200
473 214
473 251
473 252
473 335
473 437
473 451
473 455
473 462
473 463
473 464
473 486
473 498
473 500
474 51
474 103
474 137
474 330
474 350
474 433
474 436
474 440
474 444
474 495
474 500
475 7
475 58
475 60
475 63
475 232
475 239
475 289
475 291
475 314
475 397
475 406
475 409
475 452
475 468
476 17
476 67
476 121
476 129
476 160
476 165
476 167
476 168
476 262
476 313
476 324
476 325
476 344
476 391
477 48
477 126
477 164
477 286
477 298
477 327
477 407
477 414
477 431
477 465
477 478
477 481
477 486
477 497
478 55
478 159
478 169
478 277
478 300
478 342
478 372
478 407
478 416
478 425
478 455
478 477
478 483
478 496
478 497
479 81
479 91
479 107
479 125
479 141
479 215
479 252
479 459
479 467
479 471
479 472
479 485
479 487
479 491
479 492
480 1
480 7
480 232
480 289
480 298
480 369
480 371
480 403
480 415
480 418
480 424
480 452
480 455
480 492
480 500
481 68
481 77
481 156
481 198
481 274
481 354
481 421
481 431
481 435
481 464
481 466
481 477
481 486
481 490
481 494
481 497
482 24
482 40
482 119
482 195
482 200
482 208
482 218
482 310
482 451
482 485
482 487
482 488
482 489
482 491
482 498
482 500
483 42
483 167
483 209
483 222
483 228
483 304
483 336
483 359
483 372
483 379
483 383
483 407
483 418
483 439
483 478
483 496
484 78
484 154
484 157
484 197
484 204
484 288
484 326
484 328
484 358
484 417
484 449
484 454
484 457
484 465
484 470
484 496
485 86
485 99
485 182
485 183
485 238
485 401
485 424
485 461
485 467
485 471
485 472
485 479
485 482
485 487
485 491
485 498
486 31
486 89
486 118
486 146
486 155
486 178
486 221
486 282
486 403
486 431
486 440
486 464
486 473
486 477
486 481
486 490
487 32
487 211
487 216
487 291
487 347
487 354
487 375
487 402
487 421
487 434
487 472
487 479
487 482
487 485
487 488
487 489
487 491
488 30
488 103
488 105
488 181
488 323
488 332
488 361
488 375
488 396
488 437
488 458
488 482
488 487
488 489
488 491
488 498
488 500
489 23
489 138
489 160
489 163
489 179
489 201
489 231
489 325
489 383
489 387
489 437
489 482
489 487
489 488
489 491
489 498
489 500
490 80
490 104
490 128
490 136
490 155
490 177
490 214
490 220
490 259
490 269
490 272
490 431
490 455
490 462
490 464
490 481
490 486
490 498
491 11
491 13
491 60
491 98
491 105
491 114
491 144
491 177
491 205
491 318
491 390
491 404
491 472
491 479
491 482
491 485
491 487
491 488
491 489
492 1
492 7
492 63
492 69
492 96
492 189
492 232
492 361
492 369
492 414
492 459
492 467
492 471
492 472
492 479
492 480
492 494
492 495
492 499
493 166
493 172
493 246
493 307
493 367
493 372
493 423
493 429
493 459
493 472
493 494
493 495
493 499
494 115
494 165
494 211
494 216
494 338
494 354
494 434
494 459
494 466
494 481
494 492
494 493
494 495
494 499
495 15
495 16
495 112
495 137
495 160
495 167
495 186
495 330
495 350
495 459
495 460
495 467
495 471
495 474
495 492
495 493
495 494
495 499
496 3
496 56
496 106
496 134
496 163
496 192
496 197
496 338
496 353
496 356
496 372
496 379
496 390
496 407
496 410
496 417
496 478
496 483
496 484
496 497
497 35
497 39
497 58
497 67
497 80
497 140
497 142
497 143
497 152
497 158
497 186
497 260
497 391
497 406
497 407
497 431
497 477
497 478
497 481
497 496
498 16
498 65
498 86
498 92
498 178
498 224
498 238
498 278
498 280
498 284
498 305
498 401
498 437
498 462
498 473
498 482
498 485
498 488
498 489
498 490
498 500
499 30
499 66
499 103
499 168
499 234
499 245
499 323
499 332
499 361
499 384
499 396
499 458
499 459
499 467
499 471
499 492
499 493
499 494
499 495
500 66
500 102
500 209
500 222
500 228
500 247
500 263
500 336
500 400
500 426
500 433
500 437
500 450
500 462
500 473
500 474
500 480
500 482
500 488
500 489
500 498
