1 274
1 304
1 380
1 413
1 480
2 78
2 81
2 310
2 370
2 497
3 50
3 82
3 147
3 399
3 425
4 195
4 278
4 288
4 406
4 485
5 168
5 188
5 353
5 415
5 478
6 43
6 120
6 281
6 465
6 473
7 67
7 124
7 151
7 218
7 492
8 57
8 292
8 331
8 342
8 416
9 122
9 193
9 292
9 406
9 483
10 214
10 302
10 423
10 442
10 471
11 45
11 110
11 224
11 278
11 488
12 130
12 191
12 349
12 434
12 484
13 138
13 256
13 269
13 470
13 493
14 43
14 189
14 202
14 205
14 484
15 33
15 439
15 441
15 442
15 470
16 53
16 363
16 415
16 417
16 439
17 23
17 256
17 259
17 423
17 446
18 170
18 296
18 307
18 433
18 479
19 207
19 378
19 394
19 415
19 486
20 137
20 186
20 372
20 446
20 485
21 333
21 390
21 392
21 476
21 496
22 65
22 306
22 340
22 474
22 499
23 17
23 200
23 210
23 352
23 477
24 245
24 411
24 424
24 428
24 447
25 83
25 326
25 361
25 474
25 492
26 100
26 226
26 321
26 434
26 495
27 51
27 227
27 274
27 307
27 428
28 138
28 150
28 276
28 421
28 493
29 58
29 160
29 309
29 353
29 439
30 229
30 344
30 461
30 471
30 500
31 164
31 201
31 479
31 484
31 490
32 113
32 223
32 224
32 236
32 278
33 15
33 247
33 422
33 436
33 440
34 38
34 179
34 265
34 468
34 488
35 56
35 161
35 192
35 237
35 463
36 133
36 316
36 419
36 423
36 474
37 354
37 387
37 388
37 434
37 489
38 34
38 130
38 311
38 440
38 468
39 58
39 280
39 345
39 380
39 489
40 160
40 317
40 361
40 436
40 455
41 333
41 374
41 404
41 476
41 493
42 51
42 72
42 295
42 454
42 481
43 6
43 14
43 273
43 323
43 469
44 125
44 137
44 290
44 407
44 451
45 11
45 152
45 345
45 375
45 460
46 53
46 89
46 272
46 445
46 488
47 167
47 201
47 435
47 436
47 480
48 106
48 168
48 419
48 473
48 495
49 228
49 265
49 315
49 395
49 490
50 3
50 200
50 373
50 443
50 480
51 27
51 42
51 190
51 321
51 365
52 186
52 227
52 346
52 358
52 441
53 16
53 46
53 364
53 380
53 423
54 81
54 234
54 459
54 462
54 470
55 135
55 213
55 280
55 432
55 457
56 35
56 336
56 437
56 467
56 480
57 8
57 88
57 351
57 439
57 466
58 29
58 39
58 323
58 411
58 453
59 347
59 356
59 413
59 454
59 486
60 213
60 226
60 236
60 387
60 492
61 109
61 288
61 368
61 418
61 448
62 273
62 411
62 438
62 491
62 498
63 141
63 305
63 349
63 429
63 475
64 92
64 228
64 246
64 374
64 407
65 22
65 311
65 355
65 403
65 490
66 68
66 99
66 198
66 416
66 466
67 7
67 158
67 324
67 463
67 494
68 66
68 294
68 431
68 451
68 453
69 226
69 258
69 474
69 475
69 488
70 74
70 243
70 261
70 358
70 430
71 148
71 171
71 398
71 450
71 489
72 42
72 86
72 260
72 304
72 444
73 85
73 208
73 258
73 271
73 483
74 70
74 204
74 377
74 442
74 493
75 278
75 312
75 347
75 449
75 476
76 239
76 291
76 407
76 491
76 495
77 352
77 354
77 376
77 377
77 420
78 2
78 84
78 313
78 373
78 452
79 295
79 321
79 351
79 378
79 457
80 88
80 341
80 448
80 458
80 469
81 2
81 54
81 214
81 322
81 459
82 3
82 221
82 380
82 454
82 485
83 25
83 85
83 181
83 463
83 478
84 78
84 398
84 427
84 478
84 481
85 73
85 83
85 218
85 416
85 471
86 72
86 174
86 399
86 426
86 492
87 112
87 281
87 332
87 339
87 396
88 57
88 80
88 105
88 284
88 398
89 46
89 346
89 390
89 442
89 460
90 92
90 149
90 223
90 334
90 464
91 395
91 406
91 427
91 470
91 498
92 64
92 90
92 104
92 121
92 200
93 209
93 225
93 238
93 345
93 441
94 134
94 186
94 331
94 382
94 500
95 149
95 197
95 480
95 483
95 487
96 172
96 260
96 354
96 435
96 458
97 251
97 338
97 364
97 476
97 494
98 226
98 339
98 354
98 452
98 489
99 66
99 200
99 410
99 461
99 483
100 26
100 115
100 330
100 460
100 489
101 229
101 397
101 421
101 470
101 497
102 119
102 169
102 268
102 331
102 466
103 104
103 195
103 404
103 433
103 498
104 92
104 103
104 139
104 285
104 465
105 88
105 164
105 268
105 463
105 500
106 48
106 309
106 468
106 471
106 483
107 240
107 303
107 320
107 422
107 488
108 323
108 365
108 399
108 458
108 464
109 61
109 168
109 295
109 490
109 500
110 11
110 172
110 255
110 480
110 497
111 157
111 254
111 308
111 353
111 421
112 87
112 144
112 262
112 465
112 486
113 32
113 425
113 453
113 476
113 486
114 115
114 150
114 348
114 402
114 409
115 100
115 114
115 188
115 396
115 441
116 240
116 252
116 411
116 428
116 456
117 120
117 349
117 411
117 444
117 494
118 287
118 379
118 397
118 474
118 482
119 102
119 344
119 370
119 373
119 391
120 6
120 117
120 263
120 429
120 458
121 92
121 330
121 333
121 458
121 469
122 9
122 160
122 175
122 314
122 326
123 195
123 354
123 364
123 418
123 459
124 7
124 294
124 308
124 348
124 382
125 44
125 180
125 368
125 461
125 489
126 147
126 154
126 309
126 422
126 480
127 162
127 358
127 371
127 389
127 485
128 147
128 166
128 302
128 324
128 459
129 207
129 355
129 405
129 427
129 428
130 12
130 38
130 391
130 424
130 431
131 148
131 227
131 393
131 407
131 435
132 187
132 326
132 465
132 468
132 480
133 36
133 168
133 250
133 353
133 449
134 94
134 222
134 307
134 479
134 499
135 55
135 332
135 342
135 417
135 480
136 295
136 302
136 372
136 458
136 473
137 20
137 44
137 363
137 430
137 486
138 13
138 28
138 182
138 254
138 334
139 104
139 190
139 250
139 343
139 454
140 157
140 167
140 350
140 383
140 500
141 63
141 253
141 300
141 344
141 370
142 312
142 316
142 403
142 450
142 493
143 290
143 308
143 379
143 471
143 487
144 112
144 208
144 350
144 415
144 495
145 336
145 341
145 387
145 413
145 482
146 184
146 234
146 456
146 469
146 472
147 3
147 126
147 128
147 164
147 374
148 71
148 131
148 241
148 414
148 492
149 90
149 95
149 153
149 431
149 472
150 28
150 114
150 156
150 214
150 453
151 7
151 407
151 415
151 474
151 493
152 45
152 274
152 374
152 401
152 473
153 149
153 173
153 174
153 438
153 460
154 126
154 293
154 360
154 365
154 463
155 194
155 240
155 327
155 371
155 468
156 150
156 175
156 258
156 300
156 487
157 111
157 140
157 220
157 400
157 462
158 67
158 371
158 401
158 452
158 475
159 251
159 270
159 379
159 456
159 500
160 29
160 40
160 122
160 171
160 396
160 499
161 35
161 224
161 473
161 477
161 478
161 480
162 127
162 196
162 329
162 478
162 479
162 494
163 225
163 261
163 307
163 373
163 374
163 498
164 31
164 105
164 147
164 271
164 332
164 466
165 272
165 352
165 369
165 455
165 470
165 499
166 128
166 308
166 375
166 398
166 417
166 493
167 47
167 140
167 234
167 370
167 449
167 478
168 5
168 48
168 109
168 133
168 416
168 496
169 102
169 262
169 270
169 361
169 430
169 477
170 18
170 284
170 291
170 437
170 463
170 482
171 71
171 160
171 220
171 254
171 331
171 375
172 96
172 110
172 263
172 367
172 433
172 470
173 153
173 250
173 282
173 313
173 363
173 390
174 86
174 153
174 228
174 257
174 288
174 432
175 122
175 156
175 196
175 375
175 434
175 454
176 184
176 260
176 271
176 391
176 447
176 494
177 194
177 247
177 334
177 450
177 470
177 489
178 243
178 300
178 355
178 439
178 483
178 499
179 34
179 307
179 321
179 351
179 389
179 487
180 125
180 257
180 359
180 362
180 426
180 458
181 83
181 261
181 310
181 360
181 378
181 444
182 138
182 239
182 333
182 377
182 465
182 489
183 216
183 250
183 264
183 328
183 418
183 482
184 146
184 176
184 467
184 469
184 477
184 482
185 324
185 325
185 415
185 479
185 481
185 497
186 20
186 52
186 94
186 273
186 408
186 444
187 132
187 236
187 352
187 387
187 392
187 444
188 5
188 115
188 211
188 262
188 450
188 486
189 14
189 248
189 318
189 338
189 405
189 471
190 51
190 139
190 268
190 377
190 419
190 460
191 12
191 276
191 293
191 314
191 416
191 499
192 35
192 199
192 275
192 343
192 428
192 488
193 9
193 393
193 444
193 493
193 497
193 498
194 155
194 177
194 197
194 428
194 451
194 453
195 4
195 103
195 123
195 306
195 395
195 461
196 162
196 175
196 374
196 377
196 417
196 466
197 95
197 194
197 373
197 424
197 489
197 499
198 66
198 204
198 310
198 319
198 430
198 440
199 192
199 271
199 319
199 417
199 420
199 471
200 23
200 50
200 92
200 99
200 233
200 461
201 31
201 47
201 221
201 316
201 420
201 447
202 14
202 286
202 348
202 381
202 394
202 499
203 301
203 312
203 337
203 340
203 392
203 448
204 74
204 198
204 242
204 253
204 393
204 469
205 14
205 323
205 325
205 462
205 472
205 498
206 210
206 283
206 287
206 334
206 457
206 474
207 19
207 129
207 395
207 410
207 414
207 457
208 73
208 144
208 240
208 280
208 363
208 443
209 93
209 244
209 306
209 462
209 464
209 498
210 23
210 206
210 235
210 322
210 381
210 483
211 188
211 346
211 370
211 402
211 443
211 486
212 222
212 343
212 400
212 454
212 493
212 500
213 55
213 60
213 275
213 376
213 389
213 491
214 10
214 81
214 150
214 241
214 438
214 477
215 278
215 289
215 319
215 356
215 379
215 495
216 183
216 221
216 239
216 430
216 456
216 469
217 228
217 237
217 388
217 426
217 443
217 491
218 7
218 85
218 288
218 388
218 495
218 500
219 238
219 312
219 327
219 351
219 374
219 386
220 157
220 171
220 324
220 370
220 391
220 453
221 82
221 201
221 216
221 313
221 442
221 461
222 134
222 212
222 344
222 399
222 417
222 495
223 32
223 90
223 337
223 388
223 397
223 469
224 11
224 32
224 161
224 228
224 277
224 349
225 93
225 163
225 252
225 400
225 410
225 472
226 26
226 60
226 69
226 98
226 392
226 496
227 27
227 52
227 131
227 260
227 339
227 492
228 49
228 64
228 174
228 217
228 224
228 408
229 30
229 101
229 343
229 386
229 450
229 500
230 325
230 353
230 362
230 456
230 479
230 482
231 292
231 414
231 419
231 445
231 454
231 463
232 275
232 318
232 346
232 455
232 460
232 476
233 200
233 306
233 316
233 406
233 445
233 456
234 54
234 146
234 167
234 262
234 384
234 474
235 210
235 327
235 344
235 360
235 437
235 491
236 32
236 60
236 187
236 237
236 238
236 496
237 35
237 217
237 236
237 454
237 467
237 500
238 93
238 219
238 236
238 391
238 464
238 497
239 76
239 182
239 216
239 420
239 461
239 475
240 107
240 116
240 155
240 208
240 313
240 320
241 148
241 214
241 256
241 317
241 436
241 492
242 204
242 246
242 299
242 363
242 451
242 481
243 70
243 178
243 326
243 450
243 471
243 490
244 209
244 378
244 398
244 400
244 482
244 491
245 24
245 282
245 332
245 359
245 431
245 453
246 64
246 242
246 333
246 343
246 430
246 487
247 33
247 177
247 259
247 267
247 279
247 407
248 189
248 274
248 315
248 325
248 467
248 472
249 305
249 356
249 381
249 446
249 472
249 491
250 133
250 139
250 173
250 183
250 439
250 470
251 97
251 159
251 340
251 355
251 429
251 445
252 116
252 225
252 397
252 467
252 473
252 496
253 141
253 204
253 255
253 410
253 457
253 486
254 111
254 138
254 171
254 266
254 281
254 463
255 110
255 253
255 303
255 318
255 448
255 458
256 13
256 17
256 241
256 335
256 366
256 368
257 174
257 180
257 422
257 449
257 478
257 479
258 69
258 73
258 156
258 438
258 472
258 476
259 17
259 247
259 364
259 404
259 482
259 499
260 72
260 96
260 176
260 227
260 281
260 409
260 455
261 70
261 163
261 181
261 262
261 280
261 330
261 469
262 112
262 169
262 188
262 234
262 261
262 310
262 344
263 120
263 172
263 264
263 299
263 350
263 445
263 475
264 183
264 263
264 292
264 339
264 381
264 455
264 492
265 34
265 49
265 291
265 308
265 409
265 440
265 490
266 254
266 290
266 317
266 320
266 446
266 462
266 484
267 247
267 269
267 287
267 331
267 360
267 399
267 406
268 102
268 105
268 190
268 278
268 310
268 325
268 483
269 13
269 267
269 280
269 304
269 401
269 465
269 500
270 159
270 169
270 328
270 442
270 451
270 473
270 481
271 73
271 164
271 176
271 199
271 297
271 425
271 437
272 46
272 165
272 279
272 407
272 429
272 444
272 478
273 43
273 62
273 186
273 298
273 394
273 438
273 489
274 1
274 27
274 152
274 248
274 399
274 410
274 500
275 192
275 213
275 232
275 289
275 376
275 427
275 489
276 28
276 191
276 315
276 433
276 468
276 485
276 498
277 224
277 329
277 340
277 366
277 389
277 453
277 496
278 4
278 11
278 32
278 75
278 215
278 268
278 358
279 247
279 272
279 404
279 465
279 477
279 481
279 485
280 39
280 55
280 208
280 261
280 269
280 415
280 496
281 6
281 87
281 254
281 260
281 394
281 456
281 467
282 173
282 245
282 286
282 340
282 380
282 445
282 497
283 206
283 342
283 359
283 360
283 422
283 482
283 489
284 88
284 170
284 308
284 405
284 422
284 425
284 480
285 104
285 356
285 359
285 399
285 408
285 414
285 452
286 202
286 282
286 302
286 303
286 331
286 444
286 478
287 118
287 206
287 267
287 329
287 438
287 484
287 492
288 4
288 61
288 174
288 218
288 312
288 371
288 383
289 215
289 275
289 334
289 439
289 441
289 451
289 486
290 44
290 143
290 266
290 385
290 431
290 449
290 472
291 76
291 170
291 265
291 353
291 401
291 457
291 461
292 8
292 9
292 231
292 264
292 381
292 441
292 491
293 154
293 191
293 383
293 418
293 427
293 453
293 482
294 68
294 124
294 301
294 405
294 422
294 476
294 497
295 42
295 79
295 109
295 136
295 365
295 465
295 475
296 18
296 365
296 384
296 412
296 431
296 435
296 485
297 271
297 348
297 357
297 384
297 408
297 424
297 497
298 273
298 327
298 332
298 341
298 364
298 436
298 472
299 242
299 263
299 313
299 331
299 398
299 468
299 483
300 141
300 156
300 178
300 361
300 371
300 447
300 477
301 203
301 294
301 347
301 406
301 413
301 455
301 460
302 10
302 128
302 136
302 286
302 315
302 424
302 499
303 107
303 255
303 286
303 339
303 430
303 437
303 443
304 1
304 72
304 269
304 329
304 377
304 418
304 422
305 63
305 249
305 308
305 326
305 358
305 379
305 499
306 22
306 195
306 209
306 233
306 420
306 431
306 484
307 18
307 27
307 134
307 163
307 179
307 314
307 345
308 111
308 124
308 143
308 166
308 265
308 284
308 305
309 29
309 106
309 126
309 314
309 350
309 367
309 499
310 2
310 181
310 198
310 262
310 268
310 462
310 496
311 38
311 65
311 319
311 388
311 418
311 447
311 491
312 75
312 142
312 203
312 219
312 288
312 372
312 492
313 78
313 173
313 221
313 240
313 299
313 348
313 370
314 122
314 191
314 307
314 309
314 437
314 442
314 487
315 49
315 248
315 276
315 302
315 349
315 366
315 484
316 36
316 142
316 201
316 233
316 319
316 373
316 391
317 40
317 241
317 266
317 328
317 367
317 372
317 462
318 189
318 232
318 255
318 402
318 439
318 460
318 473
319 198
319 199
319 215
319 311
319 316
319 474
319 496
320 107
320 240
320 266
320 330
320 443
320 446
320 494
321 26
321 51
321 79
321 179
321 329
321 373
321 477
322 81
322 210
322 427
322 432
322 463
322 498
322 499
323 43
323 58
323 108
323 205
323 411
323 413
323 458
323 476
324 67
324 128
324 185
324 220
324 358
324 359
324 405
324 447
325 185
325 205
325 230
325 248
325 268
325 343
325 355
325 373
326 25
326 122
326 132
326 243
326 305
326 432
326 450
326 487
327 155
327 219
327 235
327 298
327 370
327 390
327 393
327 428
328 183
328 270
328 317
328 371
328 394
328 414
328 467
328 487
329 162
329 277
329 287
329 304
329 321
329 332
329 379
329 495
330 100
330 121
330 261
330 320
330 392
330 445
330 448
330 496
331 8
331 94
331 102
331 171
331 267
331 286
331 299
331 433
332 87
332 135
332 164
332 245
332 298
332 329
332 401
332 426
333 21
333 41
333 121
333 182
333 246
333 367
333 385
333 472
334 90
334 138
334 177
334 206
334 289
334 346
334 427
334 462
335 256
335 337
335 412
335 415
335 442
335 466
335 476
335 500
336 56
336 145
336 355
336 364
336 424
336 437
336 461
336 492
337 203
337 223
337 335
337 360
337 365
337 459
337 484
337 486
338 97
338 189
338 340
338 385
338 413
338 416
338 437
338 463
339 87
339 98
339 227
339 264
339 303
339 347
339 458
339 468
340 22
340 203
340 251
340 277
340 282
340 338
340 409
340 417
341 80
341 145
341 298
341 408
341 421
341 466
341 487
341 497
342 8
342 135
342 283
342 346
342 398
342 414
342 425
342 441
343 139
343 192
343 212
343 229
343 246
343 325
343 357
343 448
344 30
344 119
344 141
344 222
344 235
344 262
344 347
344 356
345 39
345 45
345 93
345 307
345 362
345 410
345 440
345 466
346 52
346 89
346 211
346 232
346 334
346 342
346 461
346 475
347 59
347 75
347 301
347 339
347 344
347 384
347 479
347 497
348 114
348 124
348 202
348 297
348 313
348 403
348 470
348 496
349 12
349 63
349 117
349 224
349 315
349 452
349 478
349 498
350 140
350 144
350 263
350 309
350 362
350 431
350 432
350 487
351 57
351 79
351 179
351 219
351 380
351 404
351 452
351 456
352 23
352 77
352 165
352 187
352 362
352 368
352 376
352 485
353 5
353 29
353 111
353 133
353 230
353 291
353 354
353 498
354 37
354 77
354 96
354 98
354 123
354 353
354 369
354 372
355 65
355 129
355 178
355 251
355 325
355 336
355 496
355 498
356 59
356 215
356 249
356 285
356 344
356 362
356 372
356 460
357 297
357 343
357 418
357 421
357 422
357 441
357 473
357 488
358 52
358 70
358 127
358 278
358 305
358 324
358 390
358 455
359 180
359 245
359 283
359 285
359 324
359 366
359 367
359 384
360 154
360 181
360 235
360 267
360 283
360 337
360 398
360 464
361 25
361 40
361 169
361 300
361 436
361 442
361 455
361 488
362 180
362 230
362 345
362 350
362 352
362 356
362 407
362 479
363 16
363 137
363 173
363 208
363 242
363 368
363 423
363 434
364 53
364 97
364 123
364 259
364 298
364 336
364 414
364 429
365 51
365 108
365 154
365 295
365 296
365 337
365 383
365 470
366 256
366 277
366 315
366 359
366 376
366 455
366 460
366 487
367 172
367 309
367 317
367 333
367 359
367 419
367 426
367 443
368 61
368 125
368 256
368 352
368 363
368 408
368 480
368 495
369 165
369 354
369 375
369 387
369 425
369 486
369 493
369 499
370 2
370 119
370 141
370 167
370 211
370 220
370 313
370 327
371 127
371 155
371 158
371 288
371 300
371 328
371 405
371 483
371 499
372 20
372 136
372 312
372 317
372 354
372 356
372 421
372 423
372 457
373 50
373 78
373 119
373 163
373 197
373 316
373 321
373 325
373 428
374 41
374 64
374 147
374 152
374 163
374 196
374 219
374 403
374 471
375 45
375 166
375 171
375 175
375 369
375 386
375 388
375 484
375 488
376 77
376 213
376 275
376 352
376 366
376 483
376 489
376 493
376 494
377 74
377 77
377 182
377 190
377 196
377 304
377 426
377 439
377 498
378 19
378 79
378 181
378 244
378 382
378 386
378 428
378 462
378 491
379 118
379 143
379 159
379 215
379 305
379 329
379 382
379 485
379 490
380 1
380 39
380 53
380 82
380 282
380 351
380 393
380 412
380 473
381 202
381 210
381 249
381 264
381 292
381 385
381 395
381 451
381 499
382 94
382 124
382 378
382 379
382 419
382 420
382 441
382 477
382 496
383 140
383 288
383 293
383 365
383 406
383 462
383 470
383 487
383 490
384 234
384 296
384 297
384 347
384 359
384 391
384 429
384 478
384 481
385 290
385 333
385 338
385 381
385 390
385 419
385 468
385 473
385 491
386 219
386 229
386 375
386 378
386 427
386 434
386 440
386 443
386 450
387 37
387 60
387 145
387 187
387 369
387 414
387 472
387 489
387 493
388 37
388 217
388 218
388 223
388 311
388 375
388 418
388 432
388 456
389 127
389 179
389 213
389 277
389 390
389 394
389 433
389 435
389 449
390 21
390 89
390 173
390 327
390 358
390 385
390 389
390 408
390 429
391 119
391 130
391 176
391 220
391 238
391 316
391 384
391 463
391 465
392 21
392 187
392 203
392 226
392 330
392 400
392 416
392 484
392 495
393 131
393 193
393 204
393 327
393 380
393 396
393 449
393 493
393 497
394 19
394 202
394 273
394 281
394 328
394 389
394 436
394 448
394 485
395 49
395 91
395 195
395 207
395 381
395 468
395 470
395 473
395 497
396 87
396 115
396 160
396 393
396 402
396 412
396 433
396 438
396 439
397 101
397 118
397 223
397 252
397 426
397 428
397 462
397 466
397 495
398 71
398 84
398 88
398 166
398 244
398 299
398 342
398 360
398 436
399 3
399 86
399 108
399 222
399 267
399 274
399 285
399 451
399 490
400 157
400 212
400 225
400 244
400 392
400 403
400 459
400 490
400 498
401 152
401 158
401 269
401 291
401 332
401 413
401 419
401 430
401 464
402 114
402 211
402 318
402 396
402 436
402 474
402 481
402 496
402 497
403 65
403 142
403 348
403 374
403 400
403 408
403 456
403 479
403 494
404 41
404 103
404 259
404 279
404 351
404 438
404 479
404 488
404 494
405 129
405 189
405 284
405 294
405 324
405 371
405 467
405 491
405 500
406 4
406 9
406 91
406 233
406 267
406 301
406 383
406 450
406 493
407 44
407 64
407 76
407 131
407 151
407 247
407 272
407 362
407 449
408 186
408 228
408 285
408 297
408 341
408 368
408 390
408 403
408 451
409 114
409 260
409 265
409 340
409 413
409 420
409 432
409 487
409 499
410 99
410 207
410 225
410 253
410 274
410 345
410 413
410 417
410 431
410 485
411 24
411 58
411 62
411 116
411 117
411 323
411 435
411 447
411 461
411 487
412 296
412 335
412 380
412 396
412 429
412 432
412 446
412 448
412 498
412 500
413 1
413 59
413 145
413 301
413 323
413 338
413 401
413 409
413 410
413 416
414 148
414 207
414 231
414 285
414 328
414 342
414 364
414 387
414 433
414 454
415 5
415 16
415 19
415 144
415 151
415 185
415 280
415 335
415 467
415 471
416 8
416 66
416 85
416 168
416 191
416 338
416 392
416 413
416 418
416 487
417 16
417 135
417 166
417 196
417 199
417 222
417 340
417 410
417 485
417 499
418 61
418 123
418 183
418 293
418 304
418 311
418 357
418 388
418 416
418 426
419 36
419 48
419 190
419 231
419 367
419 382
419 385
419 401
419 456
419 475
420 77
420 199
420 201
420 239
420 306
420 382
420 409
420 433
420 452
420 492
421 28
421 101
421 111
421 341
421 357
421 372
421 425
421 430
421 434
421 442
422 33
422 107
422 126
422 257
422 283
422 284
422 294
422 304
422 357
422 481
423 10
423 17
423 36
423 53
423 363
423 372
423 426
423 438
423 478
423 486
424 24
424 130
424 197
424 297
424 302
424 336
424 427
424 466
424 477
424 488
425 3
425 113
425 271
425 284
425 342
425 369
425 421
425 453
425 476
425 489
426 86
426 180
426 217
426 332
426 367
426 377
426 397
426 418
426 423
426 499
427 84
427 91
427 129
427 275
427 293
427 322
427 334
427 386
427 424
427 483
428 24
428 27
428 116
428 129
428 192
428 194
428 327
428 373
428 378
428 397
429 63
429 120
429 251
429 272
429 364
429 384
429 390
429 412
429 493
429 494
430 70
430 137
430 169
430 198
430 216
430 246
430 303
430 401
430 421
430 467
431 68
431 130
431 149
431 245
431 290
431 296
431 306
431 350
431 410
431 467
432 55
432 174
432 322
432 326
432 350
432 388
432 409
432 412
432 433
432 435
432 453
433 18
433 103
433 172
433 276
433 331
433 389
433 396
433 414
433 420
433 432
433 490
434 12
434 26
434 37
434 175
434 363
434 386
434 421
434 445
434 481
434 485
434 497
435 47
435 96
435 131
435 296
435 389
435 411
435 432
435 441
435 443
435 469
435 488
436 33
436 40
436 47
436 241
436 298
436 361
436 394
436 398
436 402
436 459
436 500
437 56
437 170
437 235
437 271
437 303
437 314
437 336
437 338
437 439
437 488
437 490
438 62
438 153
438 214
438 258
438 273
438 287
438 396
438 404
438 423
438 446
438 457
439 15
439 16
439 29
439 57
439 178
439 250
439 289
439 318
439 377
439 396
439 437
440 33
440 38
440 198
440 265
440 345
440 386
440 465
440 475
440 488
440 493
440 494
441 15
441 52
441 93
441 115
441 289
441 292
441 342
441 357
441 382
441 435
441 498
442 10
442 15
442 74
442 89
442 221
442 270
442 314
442 335
442 361
442 421
442 491
443 50
443 208
443 211
443 217
443 303
443 320
443 367
443 386
443 435
443 474
443 488
444 72
444 117
444 181
444 186
444 187
444 193
444 272
444 286
444 446
444 484
444 490
445 46
445 231
445 233
445 251
445 263
445 282
445 330
445 434
445 450
445 485
445 494
446 17
446 20
446 249
446 266
446 320
446 412
446 438
446 444
446 447
446 454
446 497
447 24
447 176
447 201
447 300
447 311
447 324
447 411
447 446
447 465
447 481
447 494
448 61
448 80
448 203
448 255
448 330
448 343
448 394
448 412
448 455
448 476
448 496
449 75
449 133
449 167
449 257
449 290
449 389
449 393
449 407
449 452
449 462
449 477
450 71
450 142
450 177
450 188
450 229
450 243
450 326
450 386
450 406
450 445
450 499
451 44
451 68
451 194
451 242
451 270
451 289
451 381
451 399
451 408
451 457
451 465
452 78
452 98
452 158
452 285
452 349
452 351
452 420
452 449
452 468
452 477
452 484
453 58
453 68
453 113
453 150
453 194
453 220
453 245
453 277
453 293
453 425
453 432
453 475
454 42
454 59
454 82
454 139
454 175
454 212
454 231
454 237
454 414
454 446
454 474
454 479
455 40
455 165
455 232
455 260
455 264
455 301
455 358
455 361
455 366
455 448
455 472
455 495
456 116
456 146
456 159
456 216
456 230
456 233
456 281
456 351
456 388
456 403
456 419
456 475
457 55
457 79
457 206
457 207
457 253
457 291
457 372
457 438
457 451
457 467
457 474
457 495
458 80
458 96
458 108
458 120
458 121
458 136
458 180
458 255
458 323
458 339
458 476
458 495
459 54
459 81
459 123
459 128
459 337
459 400
459 436
459 464
459 472
459 489
459 492
459 500
460 45
460 89
460 100
460 153
460 190
460 232
460 301
460 318
460 356
460 366
460 482
460 484
461 30
461 99
461 125
461 195
461 200
461 221
461 239
461 291
461 336
461 346
461 411
461 497
462 54
462 157
462 205
462 209
462 266
462 310
462 317
462 334
462 378
462 383
462 397
462 449
463 35
463 67
463 83
463 105
463 154
463 170
463 231
463 254
463 322
463 338
463 391
463 490
464 90
464 108
464 209
464 238
464 360
464 401
464 459
464 468
464 469
464 479
464 482
464 483
465 6
465 104
465 112
465 132
465 182
465 269
465 279
465 295
465 391
465 440
465 447
465 451
466 57
466 66
466 102
466 164
466 196
466 335
466 341
466 345
466 397
466 424
466 468
466 469
466 487
467 56
467 184
467 237
467 248
467 252
467 281
467 328
467 405
467 415
467 430
467 431
467 457
467 492
468 34
468 38
468 106
468 132
468 155
468 276
468 299
468 339
468 385
468 395
468 452
468 464
468 466
469 43
469 80
469 121
469 146
469 184
469 204
469 216
469 223
469 261
469 435
469 464
469 466
469 479
470 13
470 15
470 54
470 91
470 101
470 165
470 172
470 177
470 250
470 348
470 365
470 383
470 395
471 10
471 30
471 85
471 106
471 143
471 189
471 199
471 243
471 374
471 415
471 482
471 483
471 492
472 146
472 149
472 205
472 225
472 248
472 249
472 258
472 290
472 298
472 333
472 387
472 455
472 459
473 6
473 48
473 136
473 152
473 161
473 252
473 270
473 318
473 357
473 380
473 385
473 395
473 491
474 22
474 25
474 36
474 69
474 118
474 151
474 206
474 234
474 319
474 402
474 443
474 454
474 457
475 63
475 69
475 158
475 239
475 263
475 295
475 346
475 419
475 440
475 453
475 456
475 477
475 495
476 21
476 41
476 75
476 97
476 113
476 232
476 258
476 294
476 323
476 335
476 425
476 448
476 458
477 23
477 161
477 169
477 184
477 214
477 279
477 300
477 321
477 382
477 424
477 449
477 452
477 475
478 5
478 83
478 84
478 161
478 162
478 167
478 257
478 272
478 286
478 349
478 384
478 423
478 480
478 498
479 18
479 31
479 134
479 162
479 185
479 230
479 257
479 347
479 362
479 403
479 404
479 454
479 464
479 469
480 1
480 47
480 50
480 56
480 95
480 110
480 126
480 132
480 135
480 161
480 284
480 368
480 478
480 486
481 42
481 84
481 185
481 242
481 270
481 279
481 384
481 402
481 422
481 434
481 447
481 494
481 495
481 497
482 118
482 145
482 170
482 183
482 184
482 230
482 244
482 259
482 283
482 293
482 460
482 464
482 471
482 494
483 9
483 73
483 95
483 99
483 106
483 178
483 210
483 268
483 299
483 371
483 376
483 427
483 464
483 471
483 498
484 12
484 14
484 31
484 266
484 287
484 306
484 315
484 337
484 375
484 392
484 444
484 452
484 460
484 495
484 500
485 4
485 20
485 82
485 127
485 276
485 279
485 296
485 352
485 379
485 394
485 410
485 417
485 434
485 445
485 496
486 19
486 59
486 112
486 113
486 137
486 188
486 211
486 253
486 289
486 337
486 369
486 423
486 480
486 495
486 500
487 95
487 143
487 156
487 179
487 246
487 314
487 326
487 328
487 341
487 350
487 366
487 383
487 409
487 411
487 416
487 466
488 11
488 34
488 46
488 69
488 107
488 192
488 357
488 361
488 375
488 404
488 424
488 435
488 437
488 440
488 443
488 492
489 37
489 39
489 71
489 98
489 100
489 125
489 177
489 182
489 197
489 273
489 275
489 283
489 376
489 387
489 425
489 459
490 31
490 49
490 65
490 109
490 243
490 265
490 379
490 383
490 399
490 400
490 433
490 437
490 444
490 463
490 492
490 494
491 62
491 76
491 213
491 217
491 235
491 244
491 249
491 292
491 311
491 378
491 385
491 405
491 442
491 473
491 496
491 500
492 7
492 25
492 60
492 86
492 148
492 227
492 241
492 264
492 287
492 312
492 336
492 420
492 459
492 467
492 471
492 488
492 490
493 13
493 28
493 41
493 74
493 142
493 151
493 166
493 193
493 212
493 369
493 376
493 387
493 393
493 406
493 429
493 440
493 498
494 67
494 97
494 117
494 162
494 176
494 320
494 376
494 403
494 404
494 429
494 440
494 445
494 447
494 481
494 482
494 490
494 496
495 26
495 48
495 76
495 144
495 215
495 218
495 222
495 329
495 368
495 392
495 397
495 455
495 457
495 458
495 475
495 481
495 484
495 486
496 21
496 168
496 226
496 236
496 252
496 277
496 280
496 310
496 319
496 330
496 348
496 355
496 382
496 402
496 448
496 485
496 491
496 494
497 2
497 101
497 110
497 185
497 193
497 238
497 282
497 294
497 297
497 341
497 347
497 393
497 395
497 402
497 434
497 446
497 461
497 481
498 62
498 91
498 103
498 163
498 193
498 205
498 209
498 276
498 322
498 349
498 353
498 355
498 377
498 400
498 412
498 441
498 478
498 483
498 493
499 22
499 134
499 160
499 165
499 178
499 191
499 197
499 202
499 259
499 302
499 305
499 309
499 322
499 369
499 371
499 381
499 409
499 417
499 426
499 450
500 30
500 94
500 105
500 109
500 140
500 159
500 212
500 218
500 229
500 237
500 269
500 274
500 335
500 405
500 412
500 436
500 459
500 484
500 486
500 491
