1 347
1 389
1 401
1 413
1 496
2 13
2 303
2 364
2 389
2 498
3 4
3 8
3 390
3 405
3 444
4 3
4 8
4 189
4 390
4 405
5 7
5 13
5 389
5 418
5 479
6 90
6 121
6 122
6 475
6 487
7 5
7 13
7 255
7 399
7 408
8 3
8 4
8 125
8 318
8 324
9 96
9 113
9 148
9 150
9 249
10 14
10 58
10 356
10 397
10 478
11 19
11 29
11 30
11 42
11 430
12 222
12 227
12 228
12 358
12 450
13 2
13 5
13 7
13 14
13 232
14 10
14 13
14 15
14 16
14 160
15 14
15 16
15 392
15 429
15 477
16 14
16 15
16 20
16 26
16 305
17 18
17 20
17 179
17 340
17 352
18 17
18 179
18 284
18 297
18 408
19 11
19 42
19 84
19 318
19 324
20 16
20 17
20 179
20 284
20 330
21 23
21 24
21 25
21 187
21 227
22 29
22 126
22 129
22 131
22 335
23 21
23 25
23 179
23 368
23 382
24 21
24 25
24 393
24 434
24 495
25 21
25 23
25 24
25 317
25 493
26 16
26 27
26 28
26 76
26 233
27 26
27 124
27 233
27 359
27 462
28 26
28 140
28 233
28 450
28 478
29 11
29 22
29 30
29 42
29 324
30 11
30 29
30 42
30 318
30 478
31 32
31 33
31 40
31 104
31 487
32 31
32 33
32 116
32 454
32 483
33 31
33 32
33 233
33 284
33 297
34 257
34 258
34 266
34 267
34 487
35 36
35 349
35 368
35 382
35 449
36 35
36 38
36 57
36 357
36 401
37 38
37 40
37 57
37 206
37 430
38 36
38 37
38 57
38 250
38 497
39 43
39 89
39 91
39 373
39 383
40 31
40 37
40 44
40 57
40 104
41 52
41 356
41 383
41 439
41 480
42 11
42 19
42 29
42 30
42 398
43 39
43 91
43 92
43 219
43 454
44 40
44 338
44 366
44 456
44 459
45 184
45 283
45 328
45 373
45 432
46 47
46 49
46 152
46 203
46 338
47 46
47 49
47 314
47 338
47 340
48 224
48 236
48 346
48 367
48 376
49 46
49 47
49 358
49 489
49 500
50 53
50 63
50 64
50 468
50 486
51 55
51 101
51 243
51 312
51 484
52 41
52 54
52 56
52 441
52 481
53 50
53 63
53 64
53 304
53 487
54 52
54 56
54 83
54 243
54 384
55 51
55 56
55 243
55 491
55 499
56 52
56 54
56 55
56 61
56 79
57 36
57 37
57 38
57 40
57 98
58 10
58 155
58 213
58 469
58 478
59 102
59 145
59 309
59 341
59 435
60 63
60 133
60 136
60 149
60 158
61 56
61 62
61 65
61 84
61 361
62 61
62 65
62 197
62 343
62 477
63 50
63 53
63 60
63 64
63 390
64 50
64 53
64 63
64 80
64 480
65 61
65 62
65 216
65 336
65 384
66 68
66 371
66 475
66 482
66 487
67 68
67 69
67 208
67 443
67 496
68 66
68 67
68 69
68 403
68 477
69 67
69 68
69 70
69 491
69 499
70 69
70 71
70 72
70 476
70 492
71 70
71 72
71 73
71 225
71 335
72 70
72 71
72 73
72 87
72 433
73 71
73 72
73 76
73 474
73 490
74 75
74 78
74 322
74 450
74 470
75 74
75 78
75 302
75 401
75 479
76 26
76 73
76 77
76 155
76 358
77 76
77 78
77 221
77 483
77 496
78 74
78 75
78 77
78 180
78 285
79 56
79 81
79 88
79 173
79 354
80 64
80 82
80 85
80 94
80 451
81 79
81 87
81 88
81 272
81 463
82 80
82 85
82 94
82 445
82 477
83 54
83 183
83 184
83 191
83 336
84 19
84 61
84 197
84 333
84 437
85 80
85 82
85 94
85 377
85 417
86 220
86 221
86 230
86 306
86 468
87 72
87 81
87 88
87 103
87 407
88 79
88 81
88 87
88 345
88 468
89 39
89 270
89 335
89 438
89 458
90 6
90 114
90 120
90 121
90 442
91 39
91 43
91 270
91 347
91 413
92 43
92 270
92 397
92 439
92 484
93 196
93 270
93 288
93 463
93 472
94 80
94 82
94 85
94 108
94 115
95 96
95 100
95 196
95 201
95 215
96 9
96 95
96 100
96 113
96 196
97 335
97 350
97 353
97 373
97 426
98 57
98 153
98 156
98 212
98 213
99 108
99 115
99 451
99 460
99 471
100 95
100 96
100 196
100 491
100 499
101 51
101 103
101 104
101 478
101 484
102 59
102 247
102 295
102 309
102 380
103 87
103 101
103 104
103 433
103 455
104 31
104 40
104 101
104 103
104 316
105 117
105 176
105 177
105 338
105 442
106 202
106 206
106 251
106 360
106 495
107 109
107 110
107 153
107 172
107 202
108 94
108 99
108 115
108 116
108 389
109 107
109 110
109 206
109 273
109 484
110 107
110 109
110 111
110 286
110 444
111 110
111 112
111 113
111 309
111 396
112 111
112 113
112 117
112 469
112 472
113 9
113 96
113 111
113 112
113 117
114 90
114 120
114 260
114 334
114 379
115 94
115 99
115 108
115 116
115 454
116 32
116 108
116 115
116 119
116 132
117 105
117 112
117 113
117 442
117 467
118 191
118 198
118 208
118 470
118 495
119 116
119 132
119 133
119 136
119 456
120 90
120 114
120 425
120 438
120 448
121 6
121 90
121 122
121 333
121 376
122 6
122 121
122 123
122 138
122 477
123 122
123 125
123 230
123 437
123 480
124 27
124 134
124 135
124 146
124 416
125 8
125 123
125 353
125 383
125 489
126 22
126 129
126 141
126 383
126 465
127 172
127 174
127 175
127 213
127 474
128 359
128 368
128 397
128 401
128 472
129 22
129 126
129 235
129 362
129 389
130 277
130 287
130 291
130 292
130 296
131 22
131 134
131 219
131 220
131 498
132 116
132 119
132 133
132 136
132 372
133 60
133 119
133 132
133 136
133 422
134 124
134 131
134 219
134 418
134 476
135 124
135 150
135 191
135 219
135 281
136 60
136 119
136 132
136 133
136 498
137 138
137 306
137 372
137 475
137 487
138 122
138 137
138 306
138 435
138 477
139 189
139 220
139 306
139 394
139 498
140 28
140 142
140 143
140 189
140 478
141 126
141 210
141 211
141 221
141 386
142 140
142 143
142 189
142 330
142 454
143 140
143 142
143 189
143 196
143 311
144 145
144 147
144 242
144 443
144 474
145 59
145 144
145 147
145 374
145 435
146 124
146 147
146 148
146 394
146 429
147 144
147 145
147 146
147 148
147 436
148 9
148 146
148 147
148 249
148 436
149 60
149 158
149 181
149 409
149 423
150 9
150 135
150 151
150 159
150 249
151 150
151 444
151 458
151 491
151 499
152 46
152 212
152 337
152 422
152 479
153 98
153 107
153 172
153 212
153 213
154 184
154 264
154 328
154 363
154 432
155 58
155 76
155 156
155 313
155 424
156 98
156 155
156 157
156 432
156 474
157 156
157 159
157 205
157 476
157 492
158 60
158 149
158 181
158 365
158 409
159 150
159 157
159 160
159 205
159 371
160 14
160 159
160 195
160 205
160 232
161 164
161 190
161 195
161 294
161 402
162 165
162 235
162 376
162 390
162 402
163 165
163 195
163 289
163 456
163 497
164 161
164 165
164 195
164 199
164 463
165 162
165 163
165 164
165 211
165 276
166 167
166 168
166 343
166 346
166 429
167 166
167 168
167 169
167 275
167 402
168 166
168 167
168 169
168 220
168 276
169 167
169 168
169 192
169 406
169 407
170 171
170 172
170 312
170 405
170 440
171 170
171 172
171 278
171 316
171 492
172 107
172 127
172 153
172 170
172 171
173 79
173 174
173 175
173 421
173 423
174 127
174 173
174 175
174 385
174 392
175 127
175 173
175 174
175 410
175 454
176 105
176 180
176 183
176 352
176 442
177 105
177 337
177 451
178 260
178 265
178 271
178 362
178 488
179 17
179 18
179 20
179 23
179 434
179 451
180 78
180 176
180 183
180 285
180 443
180 460
181 149
181 158
181 326
181 340
181 402
181 409
182 259
182 277
182 403
182 404
182 410
182 484
183 83
183 176
183 180
183 287
183 416
183 439
184 45
184 83
184 154
184 264
184 328
184 433
185 187
185 224
185 307
185 340
185 366
185 478
186 228
186 281
186 304
186 350
186 391
186 397
187 21
187 185
187 193
187 307
187 340
187 398
188 275
188 322
188 472
188 475
188 486
188 487
189 4
189 139
189 140
189 142
189 143
189 485
190 161
190 193
190 194
190 199
190 385
190 482
191 83
191 118
191 135
191 208
191 371
191 436
192 169
192 239
192 283
192 285
192 466
192 485
193 187
193 190
193 199
193 307
193 344
193 365
194 190
194 199
194 214
194 373
194 383
194 453
195 160
195 161
195 163
195 164
195 269
195 480
196 93
196 95
196 96
196 100
196 143
196 424
197 62
197 84
197 204
197 236
197 346
197 455
198 118
198 204
198 209
198 343
198 403
198 429
199 164
199 190
199 193
199 194
199 214
199 463
200 225
200 230
200 246
200 255
200 310
200 423
201 95
201 214
201 295
201 297
201 301
201 333
202 106
202 107
202 206
202 295
202 368
202 380
203 46
203 215
203 337
203 345
203 361
203 480
204 197
204 198
204 209
204 327
204 398
204 500
205 157
205 159
205 160
205 373
205 450
205 474
206 37
206 106
206 109
206 202
206 251
206 369
207 234
207 273
207 303
207 323
207 327
207 446
208 67
208 118
208 191
208 209
208 212
208 443
209 198
209 204
209 208
209 353
209 357
209 401
210 141
210 211
210 404
210 447
210 451
210 453
211 141
211 165
211 210
211 221
211 319
211 498
212 98
212 152
212 153
212 208
212 213
212 443
213 58
213 98
213 127
213 153
213 212
213 490
214 194
214 199
214 201
214 215
214 345
214 361
215 95
215 203
215 214
215 217
215 342
215 416
216 65
216 230
216 346
216 367
216 409
216 480
217 215
217 342
217 361
217 416
217 458
217 475
218 309
218 332
218 342
218 358
218 400
218 437
219 43
219 131
219 134
219 135
219 306
219 454
220 86
220 131
220 139
220 168
220 328
220 427
221 77
221 86
221 141
221 211
221 374
221 467
222 12
222 223
222 227
222 228
222 445
222 495
223 222
223 226
223 227
223 228
223 315
223 365
224 48
224 185
224 294
224 376
224 398
224 456
225 71
225 200
225 230
225 389
225 438
225 448
226 223
226 227
226 228
226 229
226 326
226 397
227 12
227 21
227 222
227 223
227 226
227 455
228 12
228 186
228 222
228 223
228 226
228 358
229 226
229 231
229 257
229 453
229 483
229 500
230 86
230 123
230 200
230 216
230 225
230 480
231 229
231 232
231 234
231 326
231 461
231 488
232 13
232 160
232 231
232 234
232 442
232 500
233 26
233 27
233 28
233 33
233 240
233 468
234 207
234 231
234 232
234 235
234 326
234 328
235 129
235 162
235 234
235 237
235 240
235 330
236 48
236 197
236 294
236 346
236 409
236 494
237 235
237 240
237 326
237 330
237 481
237 489
238 239
238 250
238 312
238 316
238 354
238 500
239 192
239 238
239 285
239 288
239 289
239 455
240 233
240 235
240 237
240 330
240 346
240 494
241 242
241 247
241 330
241 420
241 457
241 473
242 144
242 241
242 245
242 247
242 248
242 443
243 51
243 54
243 55
243 458
243 461
243 488
244 246
244 255
244 315
244 435
245 242
245 247
245 248
245 387
245 411
245 500
246 200
246 244
246 255
246 449
246 457
246 493
247 102
247 241
247 242
247 245
247 248
247 380
248 242
248 245
248 247
248 252
248 320
248 500
249 9
249 148
249 150
249 304
249 310
249 423
250 38
250 238
250 279
250 362
250 376
250 474
251 106
251 206
251 279
251 432
251 464
251 465
252 248
252 280
252 320
252 390
252 459
252 462
253 254
253 280
253 325
253 449
253 455
253 457
254 253
254 280
254 325
254 369
254 430
254 484
255 7
255 200
255 244
255 246
255 292
255 382
256 257
256 258
256 325
256 389
256 462
256 478
257 34
257 229
257 256
257 258
257 325
257 453
258 34
258 256
258 257
258 348
258 388
258 425
259 182
259 277
259 318
259 403
259 404
259 410
260 114
260 178
260 271
260 328
260 339
260 446
261 262
261 266
261 267
261 268
261 432
261 450
262 261
262 266
262 268
262 370
262 448
262 486
263 265
263 272
263 275
263 459
264 154
264 184
264 328
264 364
264 432
264 498
265 178
265 263
265 272
265 377
265 494
265 497
266 34
266 261
266 262
266 268
266 476
266 479
267 34
267 261
267 268
267 400
267 469
267 472
268 261
268 262
268 266
268 267
268 381
268 470
269 195
269 274
269 276
269 278
269 420
269 480
270 89
270 91
270 92
270 93
270 342
270 485
271 178
271 260
271 272
271 314
271 340
271 352
272 81
272 263
272 265
272 271
272 288
272 463
273 109
273 207
273 303
273 356
273 401
273 484
274 269
274 276
274 327
274 419
274 420
274 425
275 167
275 188
275 263
275 315
275 322
275 337
275 482
276 165
276 168
276 269
276 274
276 278
276 364
276 427
277 130
277 182
277 259
277 364
277 403
277 404
277 500
278 171
278 269
278 276
278 296
278 385
278 420
278 427
279 250
279 251
279 316
279 334
279 445
279 454
279 465
280 252
280 253
280 254
280 320
280 399
280 479
280 491
281 135
281 186
281 335
281 350
281 381
281 431
281 470
282 300
282 317
282 341
282 348
282 373
282 452
282 486
283 45
283 192
283 284
283 285
283 427
283 452
283 493
284 18
284 20
284 33
284 283
284 285
284 427
284 499
285 78
285 180
285 192
285 239
285 283
285 284
285 460
286 110
286 300
286 313
286 321
286 333
286 339
286 444
287 130
287 183
287 291
287 292
287 296
287 414
287 473
288 93
288 239
288 272
288 289
288 290
288 412
288 463
289 163
289 239
289 288
289 290
289 366
289 451
289 456
290 288
290 289
290 291
290 322
290 420
290 470
291 130
291 287
291 290
291 292
291 350
291 494
291 497
292 130
292 255
292 287
292 291
292 368
292 415
292 490
293 367
293 371
293 372
293 382
293 407
293 476
293 492
294 161
294 224
294 236
294 360
294 376
294 458
294 475
295 102
295 201
295 202
295 296
295 297
295 298
295 301
296 130
296 278
296 287
296 295
296 392
296 412
296 498
297 18
297 33
297 201
297 295
297 301
297 310
297 410
298 295
298 299
298 364
298 380
298 446
298 458
298 464
299 298
299 364
299 381
299 446
299 458
299 464
299 470
300 282
300 286
300 317
300 348
300 349
300 355
300 444
301 201
301 295
301 297
301 310
301 334
301 378
301 459
302 75
302 305
302 311
302 319
302 458
302 486
302 492
303 2
303 207
303 273
303 311
303 389
303 452
303 493
304 53
304 186
304 249
304 352
304 373
304 432
304 462
305 16
305 302
305 311
305 313
305 319
305 458
305 464
306 86
306 137
306 138
306 139
306 219
306 345
306 468
307 185
307 187
307 193
307 340
307 347
307 409
307 413
308 312
308 351
308 360
308 397
308 398
308 426
308 446
309 59
309 102
309 111
309 218
309 332
309 396
309 432
310 200
310 249
310 297
310 301
310 314
310 333
310 423
311 143
311 302
311 303
311 305
311 319
311 329
311 446
312 51
312 170
312 238
312 308
312 362
312 440
312 464
313 155
313 286
313 305
313 314
313 321
313 375
313 466
314 47
314 271
314 310
314 313
314 321
314 333
314 352
315 223
315 244
315 275
315 322
315 337
315 339
315 344
316 104
316 171
316 238
316 279
316 334
316 354
316 412
317 25
317 282
317 300
317 344
317 347
317 348
317 452
318 8
318 19
318 30
318 259
318 324
318 413
318 465
319 211
319 302
319 305
319 311
319 329
319 483
319 498
320 248
320 252
320 280
320 325
320 346
320 384
320 394
321 286
321 313
321 314
321 339
321 391
321 441
321 481
322 74
322 188
322 275
322 290
322 315
322 337
323 207
323 327
323 356
323 360
323 375
323 466
323 495
324 8
324 19
324 29
324 318
324 411
324 433
324 482
324 483
325 253
325 254
325 256
325 257
325 320
325 393
325 434
325 451
326 181
326 226
326 231
326 234
326 237
326 477
326 482
326 483
327 204
327 207
327 274
327 323
327 333
327 356
327 425
327 486
328 45
328 154
328 184
328 220
328 234
328 260
328 264
328 379
329 311
329 319
329 332
329 336
329 343
329 421
329 447
329 453
330 20
330 142
330 235
330 237
330 240
330 241
330 410
330 465
331 338
331 363
331 365
331 380
331 414
331 443
331 452
331 460
332 218
332 309
332 329
332 336
332 343
332 344
332 347
332 396
333 84
333 121
333 201
333 286
333 310
333 314
333 327
333 378
334 114
334 279
334 301
334 316
334 353
334 383
334 428
334 459
335 22
335 71
335 89
335 97
335 281
335 350
335 448
335 465
336 65
336 83
336 329
336 332
336 343
336 344
336 347
336 354
337 152
337 177
337 203
337 275
337 315
337 322
337 437
337 482
338 44
338 46
338 47
338 105
338 331
338 414
338 418
338 466
339 260
339 286
339 315
339 321
339 362
339 461
339 488
339 498
340 17
340 47
340 181
340 185
340 187
340 271
340 307
340 409
341 59
341 282
341 349
341 355
341 357
341 363
341 435
341 452
342 215
342 217
342 218
342 270
342 345
342 388
342 407
342 416
343 62
343 166
343 198
343 329
343 332
343 336
343 344
343 347
344 193
344 315
344 317
344 332
344 336
344 343
344 347
344 365
345 88
345 203
345 214
345 306
345 342
345 361
345 434
345 468
346 48
346 166
346 197
346 216
346 236
346 240
346 320
346 394
347 1
347 91
347 307
347 317
347 332
347 336
347 343
347 344
348 258
348 282
348 300
348 317
348 388
348 403
348 410
348 437
349 35
349 300
349 341
349 355
349 357
349 452
349 457
349 498
350 97
350 186
350 281
350 291
350 335
350 383
350 494
350 497
351 308
351 372
351 374
351 394
351 407
351 435
351 494
351 497
352 17
352 176
352 271
352 304
352 314
352 373
352 432
352 484
353 97
353 125
353 209
353 334
353 357
353 383
353 401
353 415
354 79
354 238
354 316
354 336
354 386
354 440
354 465
354 467
355 300
355 341
355 349
355 357
355 452
355 458
355 487
356 10
356 41
356 273
356 323
356 327
356 401
357 36
357 209
357 341
357 349
357 353
357 355
357 363
357 452
358 12
358 49
358 76
358 218
358 228
358 400
358 437
358 489
359 27
359 128
359 368
359 397
359 444
359 467
359 486
359 496
360 106
360 294
360 308
360 323
360 362
360 398
360 406
360 495
361 61
361 203
361 214
361 217
361 345
361 421
361 447
361 500
362 129
362 178
362 250
362 312
362 339
362 360
362 398
362 488
363 154
363 331
363 341
363 357
363 365
363 452
363 486
363 496
364 2
364 264
364 276
364 277
364 298
364 299
364 404
364 456
364 464
365 158
365 193
365 223
365 331
365 344
365 363
365 380
365 450
365 462
366 44
366 185
366 289
366 369
366 370
366 381
366 448
366 481
366 486
367 48
367 216
367 293
367 371
367 379
367 382
367 434
367 460
367 466
368 23
368 35
368 128
368 202
368 292
368 359
368 397
368 464
368 482
369 206
369 254
369 366
369 370
369 381
369 430
369 456
369 486
369 490
370 262
370 366
370 369
370 374
370 381
370 448
370 456
370 483
370 496
371 66
371 159
371 191
371 293
371 367
371 379
371 382
371 407
371 436
372 132
372 137
372 293
372 351
372 374
372 394
372 407
372 445
372 495
373 39
373 45
373 97
373 194
373 205
373 282
373 304
373 352
373 495
374 145
374 221
374 351
374 370
374 372
374 394
374 423
374 435
374 467
375 313
375 323
375 406
375 412
375 415
375 431
375 445
375 454
375 495
376 48
376 121
376 162
376 224
376 250
376 294
376 408
376 415
376 464
377 85
377 265
377 385
377 387
377 409
377 445
377 451
377 453
377 494
378 301
378 333
378 391
378 412
378 417
378 428
378 449
378 459
378 466
379 114
379 328
379 367
379 371
379 382
379 392
379 434
379 446
379 487
380 102
380 202
380 247
380 298
380 331
380 365
380 402
380 443
380 450
381 268
381 281
381 299
381 366
381 369
381 370
381 429
381 456
381 486
382 23
382 35
382 255
382 293
382 367
382 371
382 379
382 434
382 464
383 39
383 41
383 125
383 126
383 194
383 334
383 350
383 353
383 411
384 54
384 65
384 320
384 386
384 387
384 411
384 422
384 425
384 483
385 174
385 190
385 278
385 377
385 412
385 445
385 451
385 453
385 479
386 141
386 354
386 384
386 388
386 393
386 395
386 418
386 424
386 486
387 245
387 377
387 384
387 405
387 411
387 422
387 445
387 469
387 472
388 258
388 342
388 348
388 386
388 393
388 395
388 418
388 424
388 429
389 1
389 2
389 5
389 108
389 129
389 225
389 256
389 303
389 462
390 3
390 4
390 63
390 162
390 252
390 405
390 453
390 462
390 491
391 186
391 321
391 378
391 412
391 421
391 441
391 452
391 481
391 494
392 15
392 174
392 296
392 379
392 399
392 408
392 412
392 419
392 439
393 24
393 325
393 386
393 388
393 395
393 418
393 424
393 429
393 434
394 139
394 146
394 320
394 346
394 351
394 372
394 374
394 407
394 423
395 386
395 388
395 393
395 405
395 418
395 424
395 469
395 472
395 495
396 111
396 309
396 332
396 413
396 421
396 436
396 449
396 457
396 466
397 10
397 92
397 128
397 186
397 226
397 308
397 359
397 368
397 484
398 42
398 187
398 204
398 224
398 308
398 360
398 362
398 470
398 500
399 7
399 280
399 392
399 408
399 418
399 419
399 433
399 439
399 479
400 218
400 267
400 358
400 416
400 432
400 437
400 474
400 490
400 498
401 1
401 36
401 75
401 128
401 209
401 273
401 353
401 356
401 470
402 161
402 162
402 167
402 181
402 380
402 423
402 435
402 443
402 450
402 483
403 68
403 182
403 198
403 259
403 277
403 348
403 404
403 429
403 430
403 496
404 182
404 210
404 259
404 277
404 364
404 403
404 447
404 453
404 469
404 472
405 3
405 4
405 170
405 387
405 390
405 395
405 406
405 451
405 469
405 482
406 169
406 360
406 375
406 405
406 415
406 431
406 444
406 454
406 469
406 472
407 87
407 169
407 293
407 342
407 351
407 371
407 372
407 394
407 417
407 485
408 7
408 18
408 376
408 392
408 399
408 415
408 419
408 439
408 464
408 498
409 149
409 158
409 181
409 216
409 236
409 307
409 340
409 377
409 419
409 494
410 175
410 182
410 259
410 297
410 330
410 348
410 430
410 462
410 469
410 472
411 245
411 324
411 383
411 384
411 387
411 417
411 422
411 425
411 482
411 483
412 288
412 296
412 316
412 375
412 378
412 385
412 391
412 392
412 417
412 425
413 1
413 91
413 307
413 318
413 396
413 421
413 436
413 449
413 457
413 466
414 287
414 331
414 338
414 426
414 440
414 442
414 455
414 459
414 465
414 466
415 292
415 353
415 375
415 376
415 406
415 408
415 431
415 444
415 454
415 464
416 124
416 183
416 215
416 217
416 342
416 400
416 420
416 437
416 439
416 473
417 85
417 378
417 407
417 411
417 412
417 422
417 425
417 427
417 437
417 485
418 5
418 134
418 338
418 386
418 388
418 393
418 395
418 399
418 424
418 429
419 274
419 392
419 399
419 408
419 409
419 426
419 431
419 444
419 454
419 497
420 241
420 269
420 274
420 278
420 290
420 416
420 439
420 457
420 473
420 479
421 173
421 329
421 361
421 391
421 396
421 413
421 433
421 449
421 457
421 466
422 133
422 152
422 384
422 387
422 411
422 417
422 425
422 453
422 455
422 500
423 149
423 173
423 200
423 249
423 310
423 374
423 394
423 402
423 435
423 450
424 155
424 196
424 386
424 388
424 393
424 395
424 418
424 457
424 493
424 497
425 120
425 258
425 274
425 327
425 384
425 411
425 412
425 417
425 422
425 496
426 97
426 308
426 414
426 419
426 440
426 442
426 455
426 459
426 465
426 497
427 220
427 276
427 278
427 283
427 284
427 417
427 431
427 471
427 491
427 499
428 334
428 378
428 441
428 459
428 460
428 463
428 470
428 471
428 476
428 495
429 15
429 146
429 166
429 198
429 381
429 388
429 393
429 403
429 418
429 476
429 486
430 11
430 37
430 254
430 369
430 403
430 410
430 438
430 462
430 469
430 472
430 478
431 281
431 375
431 406
431 415
431 419
431 427
431 457
431 471
431 491
431 499
432 45
432 154
432 156
432 251
432 261
432 264
432 304
432 309
432 352
432 400
432 490
433 72
433 103
433 184
433 324
433 399
433 421
433 438
433 457
433 469
433 472
433 478
434 24
434 179
434 325
434 345
434 367
434 379
434 382
434 393
434 438
434 439
434 478
435 59
435 138
435 145
435 244
435 341
435 351
435 374
435 402
435 423
435 443
435 450
436 147
436 148
436 191
436 371
436 396
436 413
436 437
436 449
436 457
436 466
436 493
437 84
437 123
437 218
437 337
437 348
437 358
437 400
437 416
437 417
437 436
437 485
438 89
438 120
438 225
438 430
438 433
438 434
438 448
438 462
438 469
438 472
438 478
439 41
439 92
439 183
439 392
439 399
439 408
439 416
439 420
439 434
439 473
439 477
440 170
440 312
440 354
440 414
440 426
440 442
440 455
440 459
440 465
440 481
440 489
441 52
441 321
441 391
441 428
441 460
441 463
441 470
441 480
441 482
441 489
441 496
442 90
442 105
442 117
442 176
442 232
442 414
442 426
442 440
442 455
442 459
442 465
443 67
443 144
443 180
443 208
443 212
443 242
443 331
443 380
443 402
443 435
443 450
444 3
444 110
444 151
444 286
444 300
444 359
444 406
444 415
444 419
444 454
444 477
445 82
445 222
445 279
445 372
445 375
445 377
445 385
445 387
445 451
445 453
445 495
446 207
446 260
446 298
446 299
446 308
446 311
446 379
446 458
446 464
446 478
446 490
447 210
447 329
447 361
447 404
447 471
447 474
447 476
447 481
447 484
447 487
447 490
447 496
448 120
448 225
448 262
448 335
448 366
448 370
448 438
448 456
448 467
448 477
448 483
448 486
449 35
449 246
449 253
449 378
449 396
449 413
449 421
449 436
449 452
449 466
449 475
449 493
450 12
450 28
450 74
450 205
450 261
450 365
450 380
450 402
450 423
450 435
450 443
450 490
451 80
451 99
451 177
451 179
451 210
451 289
451 325
451 377
451 385
451 405
451 445
451 453
452 282
452 283
452 303
452 317
452 331
452 341
452 349
452 355
452 357
452 363
452 391
452 449
453 194
453 210
453 229
453 257
453 329
453 377
453 385
453 390
453 404
453 422
453 445
453 451
454 32
454 43
454 115
454 142
454 175
454 219
454 279
454 375
454 406
454 415
454 419
454 444
455 103
455 197
455 227
455 239
455 253
455 414
455 422
455 426
455 440
455 442
455 459
455 465
456 44
456 119
456 163
456 224
456 289
456 364
456 369
456 370
456 381
456 448
456 477
456 483
456 486
457 241
457 246
457 253
457 349
457 396
457 413
457 420
457 421
457 424
457 431
457 433
457 436
457 466
458 89
458 151
458 217
458 243
458 294
458 298
458 299
458 302
458 305
458 355
458 446
458 464
459 44
459 252
459 263
459 301
459 334
459 378
459 414
459 426
459 428
459 440
459 442
459 455
459 465
460 99
460 180
460 285
460 331
460 367
460 428
460 441
460 463
460 466
460 468
460 470
460 480
460 482
461 231
461 243
461 339
461 473
461 475
461 481
461 485
461 488
461 489
461 491
461 493
461 494
461 500
462 27
462 252
462 256
462 304
462 365
462 389
462 390
462 410
462 430
462 438
462 469
462 472
462 478
463 81
463 93
463 164
463 199
463 272
463 288
463 428
463 441
463 460
463 470
463 480
463 490
463 495
464 251
464 298
464 299
464 305
464 312
464 364
464 368
464 376
464 382
464 408
464 415
464 446
464 458
465 126
465 251
465 279
465 318
465 330
465 335
465 354
465 414
465 426
465 440
465 442
465 455
465 459
466 192
466 313
466 323
466 338
466 367
466 378
466 396
466 413
466 414
466 421
466 436
466 449
466 457
466 460
467 117
467 221
467 354
467 359
467 374
467 448
467 468
467 477
467 479
467 480
467 483
467 486
467 496
467 498
468 50
468 86
468 88
468 233
468 306
468 345
468 460
468 467
468 470
468 477
468 479
468 480
468 482
468 498
469 58
469 112
469 267
469 387
469 395
469 404
469 405
469 406
469 410
469 430
469 433
469 438
469 462
469 478
470 74
470 118
470 268
470 281
470 290
470 299
470 398
470 401
470 428
470 441
470 460
470 463
470 468
470 480
470 482
471 99
471 427
471 428
471 431
471 447
471 474
471 476
471 484
471 487
471 490
471 495
471 499
472 93
472 112
472 128
472 188
472 267
472 387
472 395
472 404
472 406
472 410
472 430
472 433
472 438
472 462
472 478
473 241
473 287
473 416
473 420
473 439
473 461
473 475
473 481
473 485
473 489
473 491
473 493
473 494
473 496
473 500
474 73
474 127
474 144
474 156
474 205
474 250
474 400
474 447
474 471
474 476
474 481
474 484
474 487
474 490
474 495
474 496
475 6
475 66
475 137
475 188
475 217
475 294
475 449
475 461
475 473
475 481
475 485
475 489
475 491
475 493
475 494
475 496
476 70
476 134
476 157
476 266
476 293
476 428
476 429
476 447
476 471
476 474
476 484
476 487
476 490
476 492
476 493
476 495
477 15
477 62
477 68
477 82
477 122
477 138
477 326
477 439
477 444
477 448
477 456
477 467
477 468
477 479
477 483
477 498
478 10
478 28
478 30
478 58
478 101
478 140
478 185
478 256
478 430
478 433
478 434
478 438
478 446
478 462
478 469
478 472
479 5
479 75
479 152
479 266
479 280
479 385
479 399
479 420
479 467
479 468
479 477
479 480
479 482
479 483
479 492
479 498
480 41
480 64
480 123
480 195
480 203
480 216
480 230
480 269
480 441
480 460
480 463
480 467
480 468
480 470
480 479
480 482
481 52
481 237
481 321
481 366
481 391
481 440
481 447
481 461
481 473
481 474
481 475
481 485
481 489
481 491
481 493
481 496
481 498
482 66
482 190
482 275
482 324
482 326
482 337
482 368
482 405
482 411
482 441
482 460
482 468
482 470
482 479
482 480
482 483
482 489
483 32
483 77
483 229
483 319
483 324
483 326
483 370
483 384
483 402
483 411
483 448
483 456
483 467
483 477
483 479
483 482
483 498
484 51
484 92
484 101
484 109
484 182
484 254
484 273
484 352
484 397
484 447
484 471
484 474
484 476
484 487
484 490
484 495
484 496
485 189
485 192
485 270
485 407
485 417
485 437
485 461
485 473
485 475
485 481
485 489
485 491
485 493
485 494
485 496
485 499
485 500
486 50
486 188
486 262
486 282
486 302
486 327
486 359
486 363
486 366
486 369
486 381
486 386
486 429
486 448
486 456
486 467
486 496
487 6
487 31
487 34
487 53
487 66
487 137
487 188
487 355
487 379
487 447
487 471
487 474
487 476
487 484
487 490
487 495
487 496
488 178
488 231
488 243
488 339
488 362
488 461
488 492
488 497
488 499
489 49
489 125
489 237
489 358
489 440
489 441
489 461
489 473
489 475
489 481
489 482
489 485
489 491
489 493
489 494
489 497
489 499
489 500
490 73
490 213
490 292
490 369
490 400
490 432
490 446
490 447
490 450
490 463
490 471
490 474
490 476
490 484
490 487
490 495
490 496
490 498
491 55
491 69
491 100
491 151
491 280
491 390
491 427
491 431
491 461
491 473
491 475
491 481
491 485
491 489
491 493
491 494
491 499
491 500
492 70
492 157
492 171
492 293
492 302
492 476
492 479
492 488
492 494
492 497
492 499
492 500
493 25
493 246
493 283
493 303
493 424
493 436
493 449
493 461
493 473
493 475
493 476
493 481
493 485
493 489
493 491
493 494
493 499
493 500
494 236
494 240
494 265
494 291
494 350
494 351
494 377
494 391
494 409
494 461
494 473
494 475
494 485
494 489
494 491
494 492
494 493
494 499
494 500
495 24
495 106
495 118
495 222
495 323
495 360
495 372
495 373
495 375
495 395
495 428
495 445
495 463
495 471
495 474
495 476
495 484
495 487
495 490
496 1
496 67
496 77
496 359
496 363
496 370
496 403
496 425
496 441
496 447
496 467
496 473
496 474
496 475
496 481
496 484
496 485
496 486
496 487
496 490
497 38
497 163
497 265
497 291
497 350
497 351
497 419
497 424
497 426
497 488
497 489
497 492
497 499
497 500
498 2
498 131
498 136
498 139
498 211
498 264
498 296
498 319
498 339
498 349
498 400
498 408
498 467
498 468
498 477
498 479
498 481
498 483
498 490
498 499
499 55
499 69
499 100
499 151
499 284
499 427
499 431
499 471
499 485
499 488
499 489
499 491
499 492
499 493
499 494
499 497
499 498
499 500
500 49
500 204
500 229
500 232
500 238
500 245
500 248
500 277
500 361
500 398
500 422
500 461
500 473
500 485
500 489
500 491
500 492
500 493
500 494
500 497
500 499
