1 17
2 30
3 3
4 15
5 17
6 21
7 18
8 22
9 8
10 35
11 44
12 45
13 24
14 35
15 10
16 36
17 17
18 23
19 21
20 45
21 4
22 45
23 10
24 14
25 34
26 38
27 21
28 13
29 4
30 1
31 38
32 47
33 11
34 3
35 11
36 12
37 40
38 29
39 40
40 34
41 25
42 34
43 8
44 38
45 35
46 43
47 31
48 23
49 10
50 21
51 34
52 35
53 34
54 27
55 5
56 1
57 38
58 7
59 5
60 31
61 11
62 36
63 46
64 15
65 27
66 6
67 10
68 24
69 34
70 34
71 14
72 42
73 32
74 10
75 40
76 6
77 44
78 5
79 21
80 47
81 28
82 21
83 23
84 5
85 34
86 46
87 3
88 15
89 11
90 2
91 13
92 20
93 30
94 37
95 33
96 47
97 35
98 10
99 46
100 22
101 21
102 9
103 5
104 29
105 46
106 34
107 17
108 29
109 10
110 46
111 7
112 38
113 18
114 14
115 21
116 33
117 5
118 39
119 46
120 20
121 42
122 12
123 20
124 30
125 38
126 16
127 45
128 23
129 27
130 29
131 26
132 9
133 5
134 15
135 42
136 27
137 12
138 17
139 13
140 36
141 38
142 42
143 10
144 34
145 24
146 15
147 28
148 27
149 15
150 37
151 28
152 35
153 31
154 10
155 44
156 47
157 20
158 10
159 19
160 21
161 1
162 14
163 15
164 31
165 44
166 1
167 38
168 46
169 23
170 10
171 5
172 40
173 23
174 1
175 8
176 6
177 39
178 35
179 41
180 27
181 35
182 9
183 29
184 10
185 3
186 12
187 35
188 22
189 10
190 5
191 17
192 3
193 7
194 13
195 18
196 9
197 5
198 47
199 34
200 43
201 37
202 3
203 38
204 5
205 19
206 2
207 26
208 26
209 30
210 21
211 35
212 12
213 10
214 15
215 42
216 17
217 11
218 25
219 36
220 15
221 34
222 40
223 2
224 32
225 32
226 22
227 24
228 29
229 14
230 26
231 39
232 35
233 5
234 27
235 36
236 35
237 7
238 33
239 42
240 41
241 45
242 11
243 11
244 10
245 1
246 41
247 15
248 19
249 21
250 44
251 9
252 16
253 13
254 34
255 24
256 32
257 13
258 27
259 40
260 36
261 10
262 4
263 23
264 16
265 6
266 28
267 7
268 24
269 41
270 1
271 8
272 3
273 20
274 35
275 24
276 36
277 46
278 18
279 36
280 4
281 35
282 17
283 18
284 46
285 12
286 11
287 32
288 39
289 3
290 31
291 21
292 11
293 16
294 15
295 41
296 28
297 26
298 34
299 9
300 34
301 7
302 25
303 10
304 4
305 36
306 19
307 7
308 7
309 23
310 34
311 7
312 46
313 35
314 35
315 34
316 3
317 5
318 34
319 36
320 27
321 10
322 24
323 2
324 24
325 10
326 37
327 11
328 2
329 47
330 47
331 36
332 18
333 5
334 11
335 11
336 45
337 30
338 1
339 31
340 25
341 39
342 44
343 27
344 16
345 33
346 37
347 25
348 34
349 14
350 40
351 19
352 36
353 13
354 15
355 32
356 25
357 6
358 19
359 43
360 7
361 16
362 38
363 9
364 42
365 37
366 23
367 36
368 7
369 43
370 5
371 6
372 7
373 46
374 20
375 38
376 22
377 23
378 4
379 13
380 17
381 15
382 44
383 17
384 23
385 38
386 1
387 2
388 34
389 43
390 25
391 33
392 17
393 37
394 18
395 7
396 23
397 3
398 36
399 13
400 44
401 27
402 46
403 39
404 11
405 28
406 35
407 43
408 21
409 14
410 9
411 8
412 46
413 35
414 15
415 40
416 24
417 46
418 25
419 17
420 46
421 11
422 45
423 37
424 25
425 11
426 24
427 39
428 47
429 24
430 47
431 15
432 27
433 15
434 18
435 43
436 13
437 8
438 13
439 23
440 13
441 23
442 34
443 25
444 13
445 11
446 23
447 17
448 1
449 21
450 11
451 8
452 7
453 25
454 3
455 34
456 35
457 28
458 23
459 1
460 43
461 35
462 10
463 28
464 1
465 15
466 7
467 11
468 23
469 23
470 1
471 9
472 40
473 3
474 25
475 23
476 17
477 35
478 47
479 23
480 5
481 40
482 17
483 23
484 23
485 17
486 17
487 21
488 35
489 10
490 35
491 10
492 36
493 5
494 34
495 27
496 25
497 5
498 23
499 7
500 11
