1 37
1 62
1 352
1 383
1 470
2 53
2 178
2 421
2 476
2 489
3 105
3 321
3 372
3 384
3 402
4 207
4 374
4 403
4 449
4 456
5 27
5 98
5 126
5 430
5 454
6 47
6 191
6 352
6 450
6 488
7 70
7 208
7 447
7 470
7 495
8 15
8 51
8 252
8 263
8 469
9 118
9 193
9 386
9 431
9 478
10 277
10 360
10 397
10 417
10 495
11 27
11 270
11 286
11 345
11 490
12 42
12 134
12 191
12 438
12 440
13 90
13 331
13 339
13 362
13 463
14 210
14 329
14 445
14 464
14 465
15 8
15 256
15 381
15 433
15 500
16 263
16 275
16 297
16 391
16 481
17 200
17 241
17 347
17 456
17 488
18 302
18 303
18 319
18 394
18 432
19 22
19 23
19 29
19 420
19 427
20 195
20 452
20 463
20 472
20 489
21 23
21 237
21 338
21 340
21 500
22 19
22 175
22 311
22 400
22 498
23 19
23 21
23 172
23 365
23 421
24 67
24 272
24 377
24 382
24 425
25 149
25 182
25 242
25 471
25 489
26 96
26 105
26 120
26 406
26 408
27 5
27 11
27 465
27 491
27 495
28 164
28 242
28 287
28 424
28 490
29 19
29 99
29 262
29 484
29 500
30 173
30 230
30 319
30 420
30 485
31 199
31 233
31 249
31 299
31 349
32 77
32 86
32 127
32 339
32 500
33 222
33 318
33 402
33 407
33 486
34 48
34 60
34 138
34 456
34 460
35 155
35 314
35 438
35 495
35 500
36 178
36 265
36 466
36 488
36 496
37 1
37 84
37 206
37 397
37 489
38 57
38 106
38 221
38 259
38 498
39 284
39 352
39 455
39 462
39 492
40 214
40 350
40 445
40 458
40 493
41 55
41 64
41 257
41 298
41 344
42 12
42 136
42 260
42 400
42 476
43 145
43 286
43 332
43 357
43 457
44 46
44 48
44 126
44 320
44 373
45 98
45 198
45 337
45 449
45 487
46 44
46 354
46 441
46 473
46 479
47 6
47 221
47 308
47 430
47 498
48 34
48 44
48 265
48 431
48 442
49 150
49 163
49 289
49 353
49 489
50 206
50 408
50 457
50 498
50 499
51 8
51 172
51 288
51 373
51 461
52 385
52 392
52 419
52 428
52 494
53 2
53 69
53 262
53 357
53 464
54 210
54 347
54 417
54 473
54 490
55 41
55 61
55 292
55 374
55 466
56 211
56 351
56 376
56 494
56 499
57 38
57 94
57 289
57 330
57 500
58 90
58 111
58 373
58 400
58 472
59 97
59 315
59 389
59 413
59 471
60 34
60 160
60 371
60 469
60 476
61 55
61 153
61 295
61 357
61 474
62 1
62 71
62 79
62 182
62 467
63 158
63 280
63 299
63 327
63 435
64 41
64 228
64 324
64 480
64 493
65 91
65 211
65 273
65 317
65 491
66 172
66 400
66 435
66 468
66 479
67 24
67 264
67 318
67 474
67 495
68 197
68 253
68 347
68 382
68 476
69 53
69 137
69 277
69 303
69 320
70 7
70 75
70 177
70 387
70 433
71 62
71 110
71 139
71 192
71 442
72 73
72 198
72 323
72 352
72 441
73 72
73 324
73 378
73 459
73 471
74 371
74 454
74 466
74 494
74 496
75 70
75 176
75 314
75 346
75 500
76 260
76 400
76 424
76 452
76 456
77 32
77 109
77 416
77 468
77 476
78 358
78 361
78 377
78 451
78 493
79 62
79 106
79 359
79 374
79 382
80 212
80 291
80 316
80 389
80 449
81 175
81 194
81 254
81 313
81 484
82 181
82 201
82 250
82 282
82 430
83 188
83 248
83 308
83 362
83 459
84 37
84 350
84 411
84 425
84 431
85 154
85 244
85 324
85 389
85 482
86 32
86 104
86 249
86 322
86 376
87 96
87 350
87 362
87 411
87 498
88 180
88 355
88 368
88 491
88 493
89 163
89 201
89 317
89 404
89 406
90 13
90 58
90 336
90 436
90 459
91 65
91 94
91 468
91 478
91 492
92 328
92 343
92 351
92 363
92 378
93 183
93 369
93 428
93 474
93 487
94 57
94 91
94 356
94 392
94 493
95 198
95 357
95 389
95 415
95 480
96 26
96 87
96 123
96 305
96 362
97 59
97 455
97 462
97 484
97 485
98 5
98 45
98 107
98 276
98 497
99 29
99 103
99 443
99 486
99 493
100 147
100 298
100 307
100 418
100 500
101 162
101 176
101 435
101 447
101 483
102 210
102 216
102 374
102 382
102 436
103 99
103 309
103 310
103 389
103 472
104 86
104 131
104 135
104 184
104 492
105 3
105 26
105 334
105 360
105 429
106 38
106 79
106 367
106 411
106 424
107 98
107 328
107 442
107 485
107 486
108 127
108 214
108 301
108 321
108 472
109 77
109 258
109 376
109 447
109 482
110 71
110 245
110 388
110 462
110 468
111 58
111 437
111 461
111 477
111 493
112 142
112 355
112 431
112 444
112 475
113 128
113 268
113 442
113 455
113 465
114 115
114 283
114 353
114 378
114 491
115 114
115 241
115 363
115 440
115 500
116 143
116 164
116 289
116 298
116 421
117 148
117 269
117 331
117 343
117 452
118 9
118 342
118 364
118 408
118 477
119 205
119 434
119 438
119 467
119 496
120 26
120 217
120 228
120 260
120 440
121 166
121 197
121 230
121 336
121 484
122 129
122 183
122 250
122 428
122 483
123 96
123 310
123 451
123 453
123 497
124 125
124 338
124 341
124 386
124 469
125 124
125 317
125 420
125 468
125 485
126 5
126 44
126 246
126 355
126 487
127 32
127 108
127 293
127 296
127 497
128 113
128 246
128 344
128 438
128 465
129 122
129 150
129 369
129 379
129 469
130 197
130 271
130 419
130 422
130 487
131 104
131 185
131 367
131 460
131 464
132 368
132 402
132 442
132 449
132 470
133 238
133 315
133 330
133 403
133 488
134 12
134 228
134 255
134 355
134 467
135 104
135 230
135 306
135 352
135 408
136 42
136 224
136 310
136 421
136 500
137 69
137 212
137 258
137 326
137 366
138 34
138 388
138 393
138 460
138 483
139 71
139 206
139 270
139 385
139 474
140 196
140 223
140 366
140 409
140 459
141 439
141 461
141 468
141 490
141 495
142 112
142 152
142 277
142 331
142 406
143 116
143 250
143 371
143 451
143 458
144 159
144 185
144 275
144 283
144 390
145 43
145 183
145 186
145 382
145 462
146 204
146 264
146 275
146 312
146 408
147 100
147 272
147 370
147 396
147 498
148 117
148 155
148 433
148 443
148 460
149 25
149 306
149 381
149 449
149 492
150 49
150 129
150 181
150 231
150 436
151 152
151 166
151 393
151 487
151 496
152 142
152 151
152 267
152 394
152 465
153 61
153 375
153 394
153 479
153 494
154 85
154 241
154 323
154 379
154 441
155 35
155 148
155 221
155 461
155 494
156 278
156 412
156 449
156 453
156 492
157 161
157 170
157 383
157 471
157 495
158 63
158 277
158 345
158 416
158 473
159 144
159 166
159 419
159 448
159 463
160 60
160 212
160 244
160 464
160 470
161 157
161 189
161 376
161 458
161 483
162 101
162 222
162 271
162 376
162 452
163 49
163 89
163 307
163 345
163 388
164 28
164 116
164 298
164 478
164 500
165 261
165 291
165 423
165 446
165 488
166 121
166 151
166 159
166 494
166 497
167 178
167 274
167 330
167 346
167 422
168 233
168 290
168 297
168 434
168 473
169 345
169 428
169 444
169 477
169 483
170 157
170 219
170 348
170 410
170 499
171 176
171 382
171 435
171 490
171 495
172 23
172 51
172 66
172 208
172 359
173 30
173 200
173 220
173 344
173 367
174 213
174 269
174 404
174 438
174 466
174 489
175 22
175 81
175 238
175 371
175 457
175 474
176 75
176 101
176 171
176 403
176 446
176 453
177 70
177 182
177 335
177 376
177 469
177 473
178 2
178 36
178 167
178 186
178 408
178 432
179 284
179 305
179 368
179 393
179 464
179 492
180 88
180 227
180 277
180 320
180 423
180 482
181 82
181 150
181 340
181 391
181 393
181 465
182 25
182 62
182 177
182 309
182 434
182 459
183 93
183 122
183 145
183 297
183 444
183 468
184 104
184 279
184 335
184 409
184 477
184 489
185 131
185 144
185 219
185 410
185 468
185 482
186 145
186 178
186 277
186 319
186 347
186 370
187 216
187 270
187 333
187 447
187 454
187 456
188 83
188 229
188 268
188 337
188 381
188 458
189 161
189 225
189 256
189 315
189 383
189 482
190 193
190 196
190 218
190 275
190 287
190 405
191 6
191 12
191 312
191 372
191 433
191 450
192 71
192 241
192 293
192 421
192 479
192 499
193 9
193 190
193 451
193 470
193 482
193 486
194 81
194 235
194 300
194 344
194 451
194 462
195 20
195 225
195 341
195 379
195 483
195 488
196 140
196 190
196 405
196 415
196 425
196 478
197 68
197 121
197 130
197 251
197 387
197 427
198 45
198 72
198 95
198 216
198 446
198 481
199 31
199 202
199 291
199 306
199 385
199 455
200 17
200 173
200 268
200 325
200 348
200 451
201 82
201 89
201 272
201 341
201 424
201 495
202 199
202 267
202 337
202 409
202 471
202 481
203 288
203 355
203 364
203 395
203 418
203 421
204 146
204 333
204 402
204 429
204 431
204 487
205 119
205 222
205 347
205 384
205 402
205 413
206 37
206 50
206 139
206 291
206 328
206 457
207 4
207 388
207 409
207 415
207 483
207 488
208 7
208 172
208 333
208 426
208 463
208 497
209 233
209 252
209 281
209 407
209 416
209 466
210 14
210 54
210 102
210 224
210 453
210 474
211 56
211 65
211 212
211 432
211 466
211 500
212 80
212 137
212 160
212 211
212 339
212 467
213 174
213 272
213 280
213 391
213 394
213 396
214 40
214 108
214 232
214 310
214 415
214 475
215 363
215 426
215 463
215 473
215 475
215 489
216 102
216 187
216 198
216 290
216 412
216 459
217 120
217 316
217 397
217 455
217 475
217 497
218 190
218 221
218 231
218 249
218 263
218 283
219 170
219 185
219 384
219 409
219 418
219 459
220 173
220 254
220 260
220 288
220 457
220 488
221 38
221 47
221 155
221 218
221 487
221 498
222 33
222 162
222 205
222 380
222 407
222 468
223 140
223 290
223 374
223 388
223 394
223 439
224 136
224 210
224 228
224 266
224 281
224 395
225 189
225 195
225 407
225 452
225 488
225 497
226 231
226 313
226 314
226 368
226 375
226 492
227 180
227 235
227 264
227 329
227 460
227 473
228 64
228 120
228 134
228 224
228 393
228 450
229 188
229 247
229 313
229 381
229 469
229 484
230 30
230 121
230 135
230 336
230 357
230 365
231 150
231 218
231 226
231 258
231 306
231 477
232 214
232 350
232 390
232 441
232 479
232 481
233 31
233 168
233 209
233 416
233 435
233 497
234 237
234 340
234 410
234 432
234 439
234 485
235 194
235 227
235 267
235 365
235 450
235 465
236 338
236 341
236 425
236 437
236 451
236 452
237 21
237 234
237 395
237 455
237 493
237 494
238 133
238 175
238 294
238 361
238 388
238 413
239 315
239 368
239 385
239 406
239 443
239 467
240 255
240 288
240 309
240 363
240 462
240 500
241 17
241 115
241 154
241 192
241 410
241 426
242 25
242 28
242 316
242 327
242 408
242 491
243 300
243 308
243 338
243 385
243 419
243 470
244 85
244 160
244 262
244 286
244 288
244 470
245 110
245 298
245 356
245 405
245 408
245 414
246 126
246 128
246 322
246 365
246 366
246 453
247 229
247 296
247 459
247 479
247 481
247 499
248 83
248 268
248 398
248 437
248 444
248 484
249 31
249 86
249 218
249 271
249 407
249 457
250 82
250 122
250 143
250 261
250 286
250 384
251 197
251 272
251 416
251 476
251 479
251 491
252 8
252 209
252 283
252 343
252 394
252 460
253 68
253 290
253 332
253 372
253 411
253 485
254 81
254 220
254 312
254 446
254 458
254 485
255 134
255 240
255 356
255 393
255 429
255 476
256 15
256 189
256 297
256 326
256 380
256 432
257 41
257 279
257 296
257 386
257 464
257 486
258 109
258 137
258 231
258 287
258 317
258 498
259 38
259 281
259 423
259 459
259 478
259 499
260 42
260 76
260 120
260 220
260 292
260 479
261 165
261 250
261 316
261 441
261 446
261 495
262 29
262 53
262 244
262 335
262 447
262 493
263 8
263 16
263 218
263 295
263 496
263 499
264 67
264 146
264 227
264 272
264 443
264 482
265 36
265 48
265 409
265 434
265 441
265 478
266 224
266 267
266 337
266 426
266 472
266 490
267 152
267 202
267 235
267 266
267 450
267 462
268 113
268 188
268 200
268 248
268 485
268 499
269 117
269 174
269 276
269 395
269 452
269 487
270 11
270 139
270 187
270 427
270 428
270 496
271 130
271 162
271 249
271 454
271 466
271 495
271 499
272 24
272 147
272 201
272 213
272 251
272 264
272 500
273 65
273 276
273 356
273 479
273 480
273 485
273 498
274 167
274 278
274 302
274 323
274 354
274 394
274 430
275 16
275 144
275 146
275 190
275 395
275 477
275 495
276 98
276 269
276 273
276 279
276 414
276 445
276 499
277 10
277 69
277 142
277 158
277 180
277 186
277 440
278 156
278 274
278 284
278 337
278 401
278 409
278 436
279 184
279 257
279 276
279 329
279 416
279 458
279 475
280 63
280 213
280 318
280 405
280 427
280 462
280 482
281 209
281 224
281 259
281 350
281 412
281 419
281 484
282 82
282 347
282 353
282 359
282 471
282 489
282 499
283 114
283 144
283 218
283 252
283 304
283 365
283 384
284 39
284 179
284 278
284 287
284 383
284 470
284 498
285 312
285 314
285 341
285 398
285 417
285 420
285 438
286 11
286 43
286 244
286 250
286 291
286 331
286 493
287 28
287 190
287 258
287 284
287 312
287 351
287 415
288 51
288 203
288 220
288 240
288 244
288 397
288 432
289 49
289 57
289 116
289 372
289 396
289 461
289 474
290 168
290 216
290 223
290 253
290 312
290 350
290 396
291 80
291 165
291 199
291 206
291 286
291 293
291 394
292 55
292 260
292 395
292 402
292 470
292 485
292 496
293 127
293 192
293 291
293 308
293 367
293 390
293 491
294 238
294 363
294 365
294 422
294 423
294 436
294 441
295 61
295 263
295 296
295 367
295 414
295 459
295 473
296 127
296 247
296 257
296 295
296 320
296 471
296 484
297 16
297 168
297 183
297 256
297 383
297 389
297 399
298 41
298 100
298 116
298 164
298 245
298 464
298 487
299 31
299 63
299 361
299 371
299 418
299 446
299 479
300 194
300 243
300 334
300 369
300 418
300 437
300 466
301 108
301 307
301 338
301 398
301 433
301 454
301 500
302 18
302 274
302 373
302 374
302 443
302 446
302 476
303 18
303 69
303 403
303 425
303 468
303 471
303 491
304 283
304 355
304 358
304 422
304 423
304 480
304 490
305 96
305 179
305 347
305 396
305 460
305 462
305 474
306 135
306 149
306 199
306 231
306 360
306 479
306 497
307 100
307 163
307 301
307 343
307 417
307 454
307 457
308 47
308 83
308 243
308 293
308 385
308 442
308 454
309 103
309 182
309 240
309 346
309 359
309 436
309 491
310 103
310 123
310 136
310 214
310 314
310 448
310 460
311 22
311 333
311 383
311 423
311 436
311 455
311 488
312 146
312 191
312 254
312 285
312 287
312 290
312 399
313 81
313 226
313 229
313 339
313 398
313 433
313 464
314 35
314 75
314 226
314 285
314 310
314 429
314 491
315 59
315 133
315 189
315 239
315 328
315 393
315 480
316 80
316 217
316 242
316 261
316 428
316 486
316 499
317 65
317 89
317 125
317 258
317 401
317 448
317 487
318 33
318 67
318 280
318 393
318 397
318 405
318 496
319 18
319 30
319 186
319 380
319 404
319 493
319 497
320 44
320 69
320 180
320 296
320 326
320 450
320 470
321 3
321 108
321 340
321 352
321 361
321 382
321 435
322 86
322 246
322 412
322 425
322 438
322 452
322 456
323 72
323 154
323 274
323 336
323 346
323 463
323 480
324 64
324 73
324 85
324 353
324 371
324 399
324 470
325 200
325 342
325 378
325 405
325 439
325 444
325 496
326 137
326 256
326 320
326 367
326 447
326 459
326 497
327 63
327 242
327 367
327 411
327 431
327 452
327 494
328 92
328 107
328 206
328 315
328 417
328 490
328 495
329 14
329 227
329 279
329 369
329 437
329 464
329 499
330 57
330 133
330 167
330 401
330 415
330 443
330 472
331 13
331 117
331 142
331 286
331 384
331 421
331 469
332 43
332 253
332 335
332 352
332 429
332 480
332 493
333 187
333 204
333 208
333 311
333 373
333 423
333 486
334 105
334 300
334 337
334 372
334 378
334 381
334 500
335 177
335 184
335 262
335 332
335 412
335 424
335 439
335 495
336 90
336 121
336 230
336 323
336 367
336 415
336 480
336 492
337 45
337 188
337 202
337 266
337 278
337 334
337 380
337 424
338 21
338 124
338 236
338 243
338 301
338 339
338 370
338 453
339 13
339 32
339 212
339 313
339 338
339 342
339 406
339 435
340 21
340 181
340 234
340 321
340 372
340 423
340 445
340 457
341 124
341 195
341 201
341 236
341 285
341 398
341 461
341 494
342 118
342 325
342 339
342 368
342 396
342 441
342 486
342 491
343 92
343 117
343 252
343 307
343 344
343 380
343 394
343 461
344 41
344 128
344 173
344 194
344 343
344 396
344 458
344 466
345 11
345 158
345 163
345 169
345 400
345 414
345 445
345 458
346 75
346 167
346 309
346 323
346 454
346 474
346 484
346 497
347 17
347 54
347 68
347 186
347 205
347 282
347 305
347 413
348 170
348 200
348 382
348 393
348 395
348 431
348 434
348 436
349 31
349 382
349 391
349 399
349 401
349 429
349 444
349 492
350 40
350 84
350 87
350 232
350 281
350 290
350 362
350 444
351 56
351 92
351 287
351 390
351 466
351 477
351 481
351 489
352 1
352 6
352 39
352 72
352 135
352 321
352 332
352 475
353 49
353 114
353 282
353 324
353 461
353 463
353 474
353 500
354 46
354 274
354 360
354 399
354 419
354 427
354 434
354 498
355 88
355 112
355 126
355 134
355 203
355 304
355 422
355 500
356 94
356 245
356 255
356 273
356 379
356 435
356 467
356 489
357 43
357 53
357 61
357 95
357 230
357 440
357 477
357 495
358 78
358 304
358 366
358 450
358 453
358 456
358 472
358 496
359 79
359 172
359 282
359 309
359 373
359 401
359 461
359 468
360 10
360 105
360 306
360 354
360 385
360 410
360 454
360 490
361 78
361 238
361 299
361 321
361 438
361 439
361 488
361 495
362 13
362 83
362 87
362 96
362 350
362 426
362 446
362 453
363 92
363 115
363 215
363 240
363 294
363 411
363 420
363 498
364 118
364 203
364 376
364 377
364 421
364 465
364 490
364 497
365 23
365 230
365 235
365 246
365 283
365 294
365 369
365 500
366 137
366 140
366 246
366 358
366 380
366 433
366 468
366 484
367 106
367 131
367 173
367 293
367 295
367 326
367 327
367 336
368 88
368 132
368 179
368 226
368 239
368 342
368 370
368 424
369 93
369 129
369 300
369 329
369 365
369 432
369 442
369 448
370 147
370 186
370 338
370 368
370 469
370 471
370 491
370 499
371 60
371 74
371 143
371 175
371 299
371 324
371 430
371 479
372 3
372 191
372 253
372 289
372 334
372 340
372 391
372 481
373 44
373 51
373 58
373 302
373 333
373 359
373 424
373 483
374 4
374 55
374 79
374 102
374 223
374 302
374 384
374 434
375 153
375 226
375 436
375 439
375 445
375 466
375 467
375 475
376 56
376 86
376 109
376 161
376 162
376 177
376 364
376 378
377 24
377 78
377 364
377 398
377 400
377 454
377 482
377 495
378 73
378 92
378 114
378 325
378 334
378 376
378 427
378 445
379 129
379 154
379 195
379 356
379 418
379 461
379 469
379 492
380 222
380 256
380 319
380 337
380 343
380 366
380 435
380 445
381 15
381 149
381 188
381 229
381 334
381 390
381 439
381 455
381 494
382 24
382 68
382 79
382 102
382 145
382 171
382 321
382 348
382 349
383 1
383 157
383 189
383 284
383 297
383 311
383 404
383 440
383 444
384 3
384 205
384 219
384 250
384 283
384 331
384 374
384 395
384 439
385 52
385 139
385 199
385 239
385 243
385 308
385 360
385 407
385 429
386 9
386 124
386 257
386 419
386 434
386 456
386 484
386 499
386 500
387 70
387 197
387 415
387 428
387 449
387 450
387 464
387 496
387 499
388 110
388 138
388 163
388 207
388 223
388 238
388 422
388 443
388 496
389 59
389 80
389 85
389 95
389 103
389 297
389 437
389 447
389 473
390 144
390 232
390 293
390 351
390 381
390 440
390 441
390 456
390 477
391 16
391 181
391 213
391 349
391 372
391 392
391 412
391 480
391 481
391 496
392 52
392 94
392 391
392 418
392 430
392 460
392 475
392 482
392 488
393 138
393 151
393 179
393 181
393 228
393 255
393 315
393 318
393 348
394 18
394 152
394 153
394 213
394 223
394 252
394 274
394 291
394 343
395 203
395 224
395 237
395 269
395 275
395 292
395 348
395 384
395 498
396 147
396 213
396 289
396 290
396 305
396 342
396 344
396 417
396 480
397 10
397 37
397 217
397 288
397 318
397 409
397 446
397 467
397 488
398 248
398 285
398 301
398 313
398 341
398 377
398 463
398 486
398 499
399 297
399 312
399 324
399 349
399 354
399 444
399 460
399 468
399 480
399 493
400 22
400 42
400 58
400 66
400 76
400 345
400 377
400 472
400 496
401 278
401 317
401 330
401 349
401 359
401 460
401 480
401 481
401 497
402 3
402 33
402 132
402 204
402 205
402 292
402 410
402 411
402 451
403 4
403 133
403 176
403 303
403 425
403 429
403 457
403 482
403 494
404 89
404 174
404 319
404 383
404 410
404 453
404 466
404 489
404 499
405 190
405 196
405 245
405 280
405 318
405 325
405 473
405 492
405 497
406 26
406 89
406 142
406 239
406 339
406 437
406 470
406 482
406 491
407 33
407 209
407 222
407 225
407 249
407 385
407 408
407 413
407 465
408 26
408 50
408 118
408 135
408 146
408 178
408 242
408 245
408 407
409 140
409 184
409 202
409 207
409 219
409 265
409 278
409 397
409 473
410 170
410 185
410 234
410 241
410 360
410 402
410 404
410 411
410 464
411 84
411 87
411 106
411 253
411 327
411 363
411 402
411 410
411 487
412 156
412 216
412 281
412 322
412 335
412 391
412 477
412 482
412 490
413 59
413 205
413 238
413 347
413 407
413 431
413 445
413 471
413 498
414 245
414 276
414 295
414 345
414 420
414 428
414 445
414 471
414 494
415 95
415 196
415 207
415 214
415 287
415 330
415 336
415 387
415 432
416 77
416 158
416 209
416 233
416 251
416 279
416 472
416 474
416 485
417 10
417 54
417 285
417 307
417 328
417 396
417 418
417 432
417 460
417 462
418 100
418 203
418 219
418 299
418 300
418 379
418 392
418 417
418 430
418 489
419 52
419 130
419 159
419 243
419 281
419 354
419 386
419 427
419 458
419 486
420 19
420 30
420 125
420 285
420 363
420 414
420 424
420 438
420 479
420 480
421 2
421 23
421 116
421 136
421 192
421 203
421 331
421 364
421 424
421 481
422 130
422 167
422 294
422 304
422 355
422 388
422 426
422 433
422 440
422 453
423 165
423 180
423 259
423 294
423 304
423 311
423 333
423 340
423 450
423 471
424 28
424 76
424 106
424 201
424 335
424 337
424 368
424 373
424 420
424 421
425 24
425 84
425 196
425 236
425 303
425 322
425 403
425 467
425 491
425 498
426 208
426 215
426 241
426 266
426 362
426 422
426 457
426 476
426 483
426 486
427 19
427 197
427 270
427 280
427 354
427 378
427 419
427 430
427 438
427 452
428 52
428 93
428 122
428 169
428 270
428 316
428 387
428 414
428 448
428 453
429 105
429 204
429 255
429 314
429 332
429 349
429 385
429 403
429 434
429 455
430 5
430 47
430 82
430 274
430 371
430 392
430 418
430 427
430 431
430 453
431 9
431 48
431 84
431 112
431 204
431 327
431 348
431 413
431 430
431 437
432 18
432 178
432 211
432 234
432 256
432 288
432 369
432 415
432 417
432 462
433 15
433 70
433 148
433 191
433 301
433 313
433 366
433 422
433 463
433 465
434 119
434 168
434 182
434 265
434 348
434 354
434 374
434 386
434 429
434 435
434 480
435 63
435 66
435 101
435 171
435 233
435 321
435 339
435 356
435 380
435 434
436 90
436 102
436 150
436 278
436 294
436 309
436 311
436 348
436 375
436 443
436 497
437 111
437 236
437 248
437 300
437 329
437 389
437 406
437 431
437 442
437 490
437 492
438 12
438 35
438 119
438 128
438 174
438 285
438 322
438 361
438 420
438 427
438 499
439 141
439 223
439 234
439 325
439 335
439 361
439 375
439 381
439 384
439 449
439 467
440 12
440 115
440 120
440 277
440 357
440 383
440 390
440 422
440 450
440 464
440 492
441 46
441 72
441 154
441 232
441 261
441 265
441 294
441 342
441 390
441 442
441 487
442 48
442 71
442 107
442 113
442 132
442 308
442 369
442 437
442 441
442 448
442 488
443 99
443 148
443 239
443 264
443 302
443 330
443 388
443 436
443 447
443 459
443 483
444 112
444 169
444 183
444 248
444 325
444 349
444 350
444 383
444 399
444 463
444 486
445 14
445 40
445 276
445 340
445 345
445 375
445 378
445 380
445 413
445 414
445 496
446 165
446 176
446 198
446 254
446 261
446 299
446 302
446 362
446 397
446 448
446 478
447 7
447 101
447 109
447 187
447 262
447 326
447 389
447 443
447 467
447 484
447 496
448 159
448 310
448 317
448 369
448 428
448 442
448 446
448 461
448 471
448 472
448 494
449 4
449 45
449 80
449 132
449 149
449 156
449 387
449 439
449 474
449 476
449 484
450 6
450 191
450 228
450 235
450 267
450 320
450 358
450 387
450 423
450 440
450 465
451 78
451 123
451 143
451 193
451 194
451 200
451 236
451 402
451 456
451 461
451 483
452 20
452 76
452 117
452 162
452 225
452 236
452 269
452 322
452 327
452 427
452 454
452 477
453 123
453 156
453 176
453 210
453 246
453 338
453 358
453 362
453 404
453 422
453 428
453 430
454 5
454 74
454 187
454 271
454 301
454 307
454 308
454 346
454 360
454 377
454 452
454 478
455 39
455 97
455 113
455 199
455 217
455 237
455 311
455 381
455 429
455 467
455 478
455 488
456 4
456 17
456 34
456 76
456 187
456 322
456 358
456 386
456 390
456 451
456 476
456 498
457 43
457 50
457 175
457 206
457 220
457 249
457 307
457 340
457 403
457 426
457 473
457 487
458 40
458 143
458 161
458 188
458 254
458 279
458 344
458 345
458 419
458 469
458 490
458 494
459 73
459 83
459 90
459 140
459 182
459 216
459 219
459 247
459 259
459 295
459 326
459 443
460 34
460 131
460 138
460 148
460 227
460 252
460 305
460 310
460 392
460 399
460 401
460 417
460 490
461 51
461 111
461 141
461 155
461 289
461 341
461 343
461 353
461 359
461 379
461 448
461 451
461 481
462 39
462 97
462 110
462 145
462 194
462 240
462 267
462 280
462 305
462 417
462 432
462 490
462 496
463 13
463 20
463 159
463 208
463 215
463 323
463 353
463 398
463 433
463 444
463 483
463 484
463 498
464 14
464 53
464 131
464 160
464 179
464 257
464 298
464 313
464 329
464 387
464 410
464 440
464 495
465 14
465 27
465 113
465 128
465 152
465 181
465 235
465 364
465 407
465 433
465 450
465 476
465 491
466 36
466 55
466 74
466 174
466 209
466 211
466 271
466 300
466 344
466 351
466 375
466 404
466 490
467 62
467 119
467 134
467 212
467 239
467 356
467 375
467 397
467 425
467 439
467 447
467 455
467 483
468 66
468 77
468 91
468 110
468 125
468 141
468 183
468 185
468 222
468 303
468 359
468 366
468 399
469 8
469 60
469 124
469 129
469 177
469 229
469 331
469 370
469 379
469 458
469 478
469 486
469 498
470 1
470 7
470 132
470 160
470 193
470 243
470 244
470 284
470 292
470 320
470 324
470 406
470 475
471 25
471 59
471 73
471 157
471 202
471 282
471 296
471 303
471 370
471 413
471 414
471 423
471 448
472 20
472 58
472 103
472 108
472 266
472 330
472 358
472 400
472 416
472 448
472 484
472 495
472 499
473 46
473 54
473 158
473 168
473 177
473 215
473 227
473 295
473 389
473 405
473 409
473 457
473 483
474 61
474 67
474 93
474 139
474 175
474 210
474 289
474 305
474 346
474 353
474 416
474 449
474 475
475 112
475 214
475 215
475 217
475 279
475 352
475 375
475 392
475 470
475 474
475 481
475 482
475 483
475 494
476 2
476 42
476 60
476 68
476 77
476 251
476 255
476 302
476 426
476 449
476 456
476 465
476 480
476 487
477 111
477 118
477 169
477 184
477 231
477 275
477 351
477 357
477 390
477 412
477 452
477 478
477 489
477 493
478 9
478 91
478 164
478 196
478 259
478 265
478 446
478 454
478 455
478 469
478 477
478 485
478 487
478 494
479 46
479 66
479 153
479 192
479 232
479 247
479 251
479 260
479 273
479 299
479 306
479 371
479 420
479 496
480 64
480 95
480 273
480 304
480 315
480 323
480 332
480 336
480 391
480 396
480 399
480 401
480 420
480 434
480 476
481 16
481 198
481 202
481 232
481 247
481 351
481 372
481 391
481 401
481 421
481 461
481 475
481 496
481 498
481 499
482 85
482 109
482 180
482 185
482 189
482 193
482 264
482 280
482 377
482 392
482 403
482 406
482 412
482 475
482 497
483 101
483 122
483 138
483 161
483 169
483 195
483 207
483 373
483 426
483 443
483 451
483 463
483 467
483 473
483 475
484 29
484 81
484 97
484 121
484 229
484 248
484 281
484 296
484 346
484 366
484 386
484 447
484 449
484 463
484 472
484 486
485 30
485 97
485 107
485 125
485 234
485 253
485 254
485 268
485 273
485 292
485 416
485 478
485 486
485 488
485 492
485 498
486 33
486 99
486 107
486 193
486 257
486 316
486 333
486 342
486 398
486 419
486 426
486 444
486 469
486 484
486 485
486 500
487 45
487 93
487 126
487 130
487 151
487 204
487 221
487 269
487 298
487 317
487 411
487 441
487 457
487 476
487 478
487 489
488 6
488 17
488 36
488 133
488 165
488 195
488 207
488 220
488 225
488 311
488 361
488 392
488 397
488 442
488 455
488 485
488 492
489 2
489 20
489 25
489 37
489 49
489 174
489 184
489 215
489 282
489 351
489 356
489 404
489 418
489 477
489 487
489 496
490 11
490 28
490 54
490 141
490 171
490 266
490 304
490 328
490 360
490 364
490 412
490 437
490 458
490 460
490 462
490 466
490 494
491 27
491 65
491 88
491 114
491 242
491 251
491 293
491 303
491 309
491 314
491 342
491 370
491 406
491 425
491 465
491 492
491 493
492 39
492 91
492 104
492 149
492 156
492 179
492 226
492 336
492 349
492 379
492 405
492 437
492 440
492 485
492 488
492 491
492 497
493 40
493 64
493 78
493 88
493 94
493 99
493 111
493 237
493 262
493 286
493 319
493 332
493 399
493 477
493 491
493 494
493 497
494 52
494 56
494 74
494 153
494 155
494 166
494 237
494 327
494 341
494 381
494 403
494 414
494 448
494 458
494 475
494 478
494 490
494 493
494 497
495 7
495 10
495 27
495 35
495 67
495 141
495 157
495 171
495 201
495 261
495 271
495 275
495 328
495 335
495 357
495 361
495 377
495 464
495 472
496 36
496 74
496 119
496 151
496 263
496 270
496 292
496 318
496 325
496 358
496 387
496 388
496 391
496 400
496 445
496 447
496 462
496 479
496 481
496 489
497 98
497 123
497 127
497 166
497 208
497 217
497 225
497 233
497 306
497 319
497 326
497 346
497 364
497 401
497 405
497 436
497 482
497 492
497 493
497 494
498 22
498 38
498 47
498 50
498 87
498 147
498 221
498 258
498 273
498 284
498 354
498 363
498 395
498 413
498 425
498 456
498 463
498 469
498 481
498 485
499 50
499 56
499 170
499 192
499 247
499 259
499 263
499 268
499 271
499 276
499 282
499 316
499 329
499 370
499 386
499 387
499 398
499 404
499 438
499 472
499 481
500 15
500 21
500 29
500 32
500 35
500 57
500 75
500 100
500 115
500 136
500 164
500 211
500 240
500 272
500 301
500 334
500 353
500 355
500 365
500 386
500 486
