1 38
2 30
3 44
4 42
5 22
6 6
7 40
8 16
9 6
10 16
11 15
12 3
13 38
14 44
15 3
16 23
17 24
18 46
19 43
20 28
21 14
22 21
23 18
24 39
25 41
26 7
27 31
28 7
29 42
30 23
31 6
32 27
33 14
34 35
35 6
36 36
37 45
38 44
39 49
40 7
41 30
42 24
43 50
44 48
45 27
46 3
47 16
48 44
49 44
50 2
51 39
52 7
53 10
54 45
55 21
56 49
57 33
58 33
59 19
60 26
61 43
62 42
63 30
64 7
65 47
66 13
67 1
68 49
69 19
70 23
71 29
72 32
73 42
74 10
75 48
76 28
77 8
78 46
79 44
80 40
81 18
82 2
83 21
84 40
85 45
86 41
87 43
88 36
89 27
90 16
91 26
92 25
93 36
94 46
95 7
96 22
97 42
98 7
99 8
100 31
101 13
102 50
103 37
104 6
105 36
106 36
107 41
108 12
109 3
110 10
111 12
112 41
113 31
114 27
115 49
116 30
117 38
118 28
119 2
120 47
121 12
122 30
123 44
124 8
125 8
126 6
127 30
128 43
129 37
130 22
131 15
132 6
133 19
134 12
135 42
136 46
137 19
138 30
139 6
140 9
141 18
142 9
143 30
144 38
145 15
146 4
147 3
148 30
149 3
150 3
151 26
152 32
153 42
154 38
155 29
156 4
157 14
158 17
159 49
160 22
161 44
162 22
163 6
164 6
165 3
166 25
167 14
168 22
169 43
170 50
171 19
172 35
173 7
174 29
175 23
176 44
177 4
178 1
179 27
180 6
181 45
182 44
183 29
184 27
185 31
186 32
187 31
188 38
189 22
190 11
191 9
192 11
193 44
194 50
195 2
196 50
197 27
198 22
199 4
200 22
201 15
202 23
203 22
204 22
205 40
206 28
207 5
208 26
209 28
210 10
211 42
212 7
213 42
214 47
215 35
216 48
217 7
218 40
219 36
220 41
221 12
222 2
223 38
224 20
225 5
226 15
227 3
228 44
229 4
230 44
231 11
232 50
233 33
234 40
235 35
236 8
237 22
238 8
239 47
240 23
241 5
242 38
243 38
244 45
245 6
246 45
247 39
248 20
249 28
250 40
251 24
252 22
253 33
254 10
255 23
256 40
257 44
258 50
259 1
260 49
261 13
262 3
263 27
264 3
265 15
266 38
267 6
268 31
269 3
270 1
271 38
272 21
273 42
274 26
275 14
276 22
277 20
278 34
279 7
280 45
281 5
282 28
283 27
284 31
285 20
286 36
287 21
288 35
289 15
290 38
291 49
292 42
293 19
294 17
295 44
296 11
297 50
298 7
299 7
300 29
301 1
302 10
303 27
304 42
305 5
306 34
307 39
308 31
309 26
310 2
311 29
312 11
313 6
314 31
315 24
316 27
317 31
318 11
319 48
320 27
321 40
322 19
323 14
324 29
325 40
326 41
327 31
328 32
329 24
330 26
331 15
332 47
333 31
334 38
335 42
336 30
337 31
338 44
339 50
340 14
341 7
342 38
343 17
344 47
345 37
346 9
347 49
348 19
349 23
350 7
351 30
352 23
353 38
354 4
355 18
356 8
357 27
358 30
359 3
360 27
361 38
362 50
363 19
364 27
365 18
366 18
367 7
368 4
369 38
370 48
371 24
372 32
373 16
374 31
375 18
376 50
377 38
378 15
379 9
380 25
381 28
382 17
383 17
384 21
385 42
386 25
387 7
388 48
389 30
390 31
391 50
392 30
393 45
394 2
395 45
396 38
397 42
398 22
399 14
400 18
401 36
402 3
403 38
404 50
405 34
406 3
407 45
408 31
409 19
410 30
411 28
412 47
413 40
414 3
415 28
416 1
417 32
418 49
419 26
420 44
421 3
422 39
423 31
424 3
425 5
426 7
427 38
428 6
429 48
430 40
431 42
432 44
433 27
434 42
435 50
436 41
437 14
438 28
439 8
440 13
441 6
442 49
443 6
444 30
445 2
446 7
447 50
448 39
449 38
450 19
451 15
452 27
453 13
454 46
455 44
456 37
457 40
458 14
459 40
460 42
461 13
462 45
463 22
464 9
465 42
466 3
467 33
468 49
469 36
470 44
471 22
472 19
473 38
474 21
475 46
476 40
477 27
478 7
479 32
480 4
481 34
482 8
483 21
484 25
485 42
486 5
487 49
488 20
489 3
490 28
491 48
492 31
493 49
494 3
495 49
496 34
497 43
498 7
499 37
500 42
