1 23
2 7
3 6
4 39
5 9
6 44
7 12
8 11
9 34
10 6
11 7
12 21
13 25
14 26
15 11
16 28
17 14
18 44
19 2
20 13
21 13
22 29
23 32
24 41
25 4
26 42
27 15
28 6
29 36
30 7
31 16
32 27
33 12
34 44
35 20
36 26
37 6
38 8
39 33
40 7
41 13
42 40
43 22
44 35
45 19
46 7
47 24
48 25
49 20
50 6
51 2
52 17
53 42
54 44
55 33
56 43
57 42
58 3
59 28
60 2
61 7
62 13
63 12
64 39
65 18
66 44
67 34
68 11
69 41
70 6
71 35
72 21
73 7
74 40
75 30
76 26
77 12
78 30
79 35
80 38
81 15
82 26
83 9
84 21
85 37
86 12
87 38
88 35
89 23
90 13
91 17
92 25
93 34
94 39
95 25
96 11
97 42
98 11
99 36
100 34
101 5
102 13
103 12
104 20
105 39
106 19
107 4
108 17
109 13
110 34
111 38
112 11
113 11
114 23
115 10
116 29
117 10
118 44
119 15
120 44
121 44
122 14
123 37
124 40
125 3
126 6
127 18
128 39
129 44
130 19
131 40
132 12
133 11
134 7
135 38
136 31
137 21
138 27
139 18
140 2
141 7
142 40
143 34
144 2
145 23
146 5
147 35
148 3
149 19
150 2
151 16
152 9
153 38
154 23
155 11
156 42
157 30
158 4
159 21
160 17
161 39
162 6
163 26
164 3
165 42
166 38
167 22
168 3
169 36
170 24
171 28
172 34
173 26
174 8
175 44
176 29
177 34
178 39
179 38
180 40
181 23
182 21
183 18
184 16
185 14
186 10
187 21
188 23
189 4
190 31
191 2
192 38
193 30
194 24
195 40
196 9
197 4
198 30
199 21
200 19
201 37
202 36
203 12
204 23
205 5
206 40
207 5
208 16
209 28
210 15
211 44
212 40
213 17
214 42
215 42
216 40
217 34
218 9
219 2
220 22
221 26
222 44
223 24
224 31
225 14
226 27
227 2
228 11
229 17
230 10
231 6
232 6
233 16
234 37
235 13
236 27
237 31
238 12
239 18
240 41
241 1
242 15
243 31
244 17
245 36
246 11
247 44
248 17
249 34
250 13
251 31
252 34
253 34
254 22
255 3
256 32
257 32
258 37
259 41
260 41
261 33
262 6
263 29
264 2
265 8
266 7
267 6
268 44
269 13
270 41
271 32
272 36
273 23
274 16
275 16
276 16
277 6
278 3
279 7
280 29
281 5
282 34
283 18
284 12
285 43
286 3
287 1
288 20
289 5
290 6
291 18
292 34
293 36
294 4
295 2
296 33
297 28
298 39
299 11
300 33
301 44
302 42
303 11
304 23
305 36
306 7
307 13
308 8
309 29
310 42
311 25
312 23
313 39
314 32
315 34
316 16
317 14
318 4
319 22
320 20
321 12
322 39
323 17
324 2
325 13
326 28
327 31
328 2
329 36
330 27
331 36
332 23
333 34
334 5
335 2
336 29
337 13
338 37
339 11
340 20
341 39
342 17
343 14
344 41
345 17
346 21
347 5
348 27
349 34
350 37
351 20
352 5
353 12
354 1
355 13
356 37
357 33
358 37
359 24
360 4
361 32
362 28
363 16
364 28
365 17
366 33
367 8
368 33
369 43
370 26
371 5
372 33
373 8
374 18
375 28
376 44
377 11
378 1
379 10
380 39
381 44
382 37
383 36
384 40
385 42
386 10
387 35
388 3
389 6
390 4
391 10
392 35
393 2
394 33
395 1
396 28
397 24
398 31
399 2
400 28
401 14
402 17
403 11
404 13
405 7
406 6
407 24
408 17
409 10
410 12
411 33
412 11
413 13
414 1
415 1
416 23
417 12
418 3
419 16
420 3
421 27
422 11
423 35
424 3
425 6
426 21
427 2
428 43
429 40
430 32
431 44
432 37
433 6
434 42
435 25
436 9
437 32
438 23
439 42
440 7
441 26
442 5
443 2
444 3
445 17
446 28
447 17
448 32
449 12
450 39
451 32
452 11
453 39
454 7
455 28
456 6
457 18
458 4
459 36
460 11
461 11
462 18
463 10
464 26
465 44
466 42
467 18
468 20
469 6
470 6
471 12
472 11
473 35
474 23
475 28
476 18
477 6
478 17
479 23
480 12
481 26
482 43
483 23
484 11
485 2
486 23
487 34
488 21
489 26
490 10
491 31
492 34
493 42
494 17
495 29
496 10
497 18
498 12
499 41
500 28
