1 24
2 40
3 34
4 36
5 2
6 36
7 21
8 29
9 18
10 37
11 32
12 20
13 14
14 35
15 29
16 23
17 33
18 1
19 11
20 36
21 23
22 2
23 8
24 35
25 38
26 24
27 2
28 36
29 30
30 19
31 23
32 12
33 30
34 38
35 23
36 8
37 24
38 25
39 14
40 3
41 38
42 20
43 34
44 18
45 30
46 23
47 31
48 19
49 2
50 29
51 23
52 31
53 35
54 22
55 25
56 2
57 35
58 33
59 28
60 28
61 30
62 18
63 36
64 11
65 29
66 23
67 22
68 7
69 23
70 38
71 10
72 6
73 14
74 27
75 15
76 39
77 3
78 3
79 33
80 3
81 15
82 21
83 4
84 10
85 2
86 12
87 17
88 23
89 19
90 5
91 1
92 25
93 26
94 23
95 2
96 6
97 28
98 16
99 30
100 6
101 17
102 29
103 8
104 37
105 5
106 12
107 31
108 10
109 28
110 11
111 11
112 9
113 22
114 14
115 35
116 33
117 7
118 33
119 25
120 23
121 37
122 29
123 2
124 33
125 11
126 12
127 2
128 31
129 19
130 3
131 4
132 33
133 15
134 17
135 2
136 25
137 36
138 19
139 3
140 35
141 8
142 24
143 33
144 6
145 10
146 10
147 12
148 10
149 12
150 3
151 35
152 6
153 14
154 33
155 16
156 20
157 8
158 13
159 27
160 10
161 33
162 31
163 19
164 30
165 2
166 35
167 11
168 29
169 22
170 14
171 39
172 31
173 39
174 21
175 8
176 35
177 23
178 8
179 33
180 38
181 19
182 8
183 35
184 24
185 31
186 11
187 15
188 21
189 30
190 19
191 19
192 31
193 2
194 9
195 36
196 11
197 38
198 10
199 8
200 37
201 11
202 19
203 28
204 22
205 40
206 3
207 30
208 34
209 22
210 19
211 36
212 6
213 5
214 29
215 2
216 32
217 11
218 18
219 29
220 33
221 27
222 30
223 29
224 29
225 21
226 15
227 31
228 11
229 40
230 37
231 31
232 2
233 37
234 28
235 17
236 10
237 24
238 37
239 8
240 36
241 5
242 11
243 7
244 10
245 29
246 14
247 2
248 29
249 30
250 14
251 39
252 25
253 5
254 2
255 39
256 35
257 34
258 28
259 19
260 8
261 24
262 18
263 3
264 33
265 4
266 2
267 19
268 6
269 37
270 17
271 36
272 3
273 4
274 38
275 25
276 19
277 21
278 25
279 35
280 8
281 32
282 5
283 26
284 30
285 27
286 8
287 11
288 25
289 14
290 10
291 9
292 24
293 11
294 34
295 7
296 35
297 25
298 29
299 3
300 8
301 31
302 19
303 31
304 30
305 8
306 1
307 5
308 33
309 37
310 18
311 25
312 1
313 14
314 23
315 15
316 24
317 2
318 8
319 8
320 39
321 29
322 39
323 31
324 2
325 4
326 35
327 33
328 6
329 16
330 1
331 26
332 22
333 27
334 25
335 14
336 35
337 7
338 24
339 25
340 14
341 2
342 23
343 31
344 11
345 37
346 13
347 16
348 8
349 32
350 5
351 25
352 14
353 37
354 13
355 33
356 40
357 36
358 17
359 37
360 2
361 29
362 31
363 7
364 40
365 19
366 25
367 12
368 39
369 6
370 8
371 19
372 27
373 21
374 36
375 7
376 36
377 39
378 29
379 34
380 2
381 21
382 8
383 17
384 28
385 35
386 3
387 9
388 38
389 31
390 28
391 18
392 18
393 14
394 6
395 22
396 5
397 11
398 40
399 13
400 5
401 38
402 8
403 29
404 28
405 3
406 4
407 22
408 25
409 15
410 30
411 6
412 25
413 19
414 19
415 35
416 11
417 27
418 21
419 33
420 28
421 25
422 30
423 20
424 40
425 28
426 27
427 17
428 29
429 38
430 7
431 4
432 11
433 38
434 13
435 31
436 8
437 14
438 35
439 33
440 11
441 2
442 39
443 23
444 22
445 5
446 25
447 19
448 38
449 20
450 10
451 29
452 7
453 24
454 36
455 10
456 35
457 17
458 7
459 23
460 4
461 33
462 15
463 11
464 9
465 6
466 23
467 33
468 19
469 26
470 39
471 3
472 1
473 33
474 32
475 29
476 10
477 23
478 35
479 16
480 26
481 30
482 17
483 27
484 22
485 35
486 33
487 4
488 18
489 4
490 23
491 28
492 11
493 25
494 7
495 22
496 19
497 25
498 31
499 14
500 3
