1 33
2 44
3 17
4 32
5 11
6 30
7 40
8 20
9 24
10 24
11 22
12 18
13 43
14 11
15 28
16 8
17 25
18 20
19 22
20 20
21 18
22 44
23 14
24 44
25 13
26 21
27 32
28 32
29 11
30 17
31 4
32 13
33 28
34 42
35 22
36 9
37 35
38 30
39 8
40 30
41 26
42 20
43 22
44 40
45 23
46 21
47 18
48 2
49 21
50 11
51 32
52 36
53 7
54 28
55 1
56 17
57 12
58 13
59 12
60 26
61 23
62 9
63 37
64 21
65 28
66 5
67 30
68 23
69 42
70 2
71 22
72 28
73 16
74 19
75 16
76 20
77 28
78 8
79 12
80 34
81 25
82 9
83 16
84 23
85 17
86 27
87 9
88 45
89 32
90 41
91 7
92 5
93 7
94 43
95 31
96 4
97 33
98 20
99 1
100 26
101 42
102 43
103 43
104 28
105 28
106 7
107 30
108 18
109 11
110 16
111 12
112 29
113 21
114 32
115 45
116 45
117 42
118 8
119 28
120 45
121 33
122 44
123 9
124 28
125 4
126 32
127 4
128 37
129 39
130 38
131 20
132 27
133 16
134 32
135 14
136 19
137 12
138 33
139 7
140 4
141 24
142 30
143 8
144 13
145 10
146 2
147 28
148 22
149 38
150 3
151 3
152 25
153 4
154 31
155 12
156 17
157 27
158 32
159 38
160 19
161 38
162 20
163 4
164 12
165 12
166 23
167 45
168 3
169 23
170 23
171 39
172 20
173 37
174 28
175 21
176 33
177 34
178 37
179 9
180 40
181 44
182 3
183 3
184 30
185 27
186 26
187 31
188 22
189 40
190 21
191 32
192 31
193 45
194 38
195 7
196 26
197 2
198 22
199 18
200 3
201 29
202 12
203 32
204 17
205 16
206 36
207 25
208 23
209 39
210 26
211 15
212 12
213 28
214 11
215 26
216 22
217 45
218 19
219 29
220 9
221 11
222 29
223 43
224 20
225 26
226 40
227 9
228 7
229 17
230 33
231 16
232 32
233 7
234 21
235 17
236 11
237 21
238 9
239 30
240 25
241 27
242 2
243 27
244 20
245 11
246 21
247 37
248 41
249 32
250 20
251 11
252 23
253 3
254 37
255 39
256 37
257 42
258 9
259 35
260 12
261 37
262 19
263 11
264 33
265 15
266 26
267 13
268 25
269 26
270 40
271 35
272 30
273 33
274 38
275 25
276 15
277 35
278 42
279 40
280 8
281 36
282 21
283 17
284 17
285 37
286 4
287 4
288 7
289 25
290 27
291 21
292 17
293 20
294 8
295 30
296 13
297 7
298 33
299 1
300 22
301 28
302 12
303 25
304 32
305 23
306 16
307 14
308 11
309 35
310 23
311 15
312 28
313 41
314 14
315 15
316 30
317 12
318 6
319 45
320 25
321 31
322 21
323 38
324 42
325 45
326 43
327 24
328 42
329 5
330 13
331 7
332 9
333 12
334 10
335 33
336 32
337 7
338 10
339 2
340 21
341 25
342 1
343 6
344 45
345 27
346 33
347 21
348 19
349 18
350 43
351 24
352 4
353 18
354 17
355 22
356 28
357 38
358 21
359 21
360 35
361 16
362 42
363 39
364 14
365 26
366 26
367 9
368 36
369 13
370 6
371 17
372 6
373 20
374 19
375 41
376 1
377 4
378 40
379 33
380 35
381 12
382 39
383 20
384 32
385 30
386 1
387 11
388 45
389 38
390 21
391 28
392 25
393 35
394 20
395 42
396 12
397 10
398 20
399 29
400 39
401 38
402 12
403 8
404 7
405 22
406 23
407 25
408 45
409 7
410 7
411 5
412 32
413 33
414 32
415 12
416 16
417 40
418 44
419 35
420 6
421 33
422 27
423 17
424 8
425 17
426 27
427 29
428 31
429 34
430 19
431 27
432 42
433 12
434 37
435 37
436 25
437 32
438 41
439 28
440 37
441 34
442 24
443 19
444 18
445 35
446 25
447 37
448 30
449 24
450 21
451 28
452 2
453 13
454 21
455 20
456 26
457 23
458 12
459 30
460 2
461 12
462 22
463 15
464 36
465 43
466 34
467 44
468 10
469 44
470 44
471 30
472 38
473 25
474 23
475 26
476 23
477 32
478 18
479 7
480 12
481 28
482 36
483 37
484 40
485 44
486 7
487 30
488 5
489 40
490 5
491 37
492 44
493 25
494 21
495 44
496 44
497 13
498 22
499 9
500 1
