1 132
1 142
1 194
1 303
1 404
2 235
2 454
2 456
2 473
2 480
3 174
3 248
3 249
3 345
3 386
4 67
4 191
4 315
4 323
4 445
5 72
5 256
5 461
5 476
5 483
6 27
6 171
6 335
6 474
6 498
7 222
7 299
7 471
7 483
7 493
8 346
8 390
8 461
8 465
8 466
9 129
9 212
9 340
9 370
9 413
10 51
10 75
10 342
10 376
10 472
11 166
11 325
11 357
11 443
11 459
12 50
12 192
12 449
12 498
12 499
13 214
13 260
13 327
13 494
13 496
14 68
14 124
14 318
14 406
14 491
15 93
15 273
15 325
15 391
15 487
16 60
16 120
16 211
16 418
16 483
17 38
17 219
17 247
17 385
17 416
18 70
18 248
18 332
18 334
18 475
19 163
19 187
19 280
19 304
19 473
20 162
20 207
20 228
20 262
20 495
21 126
21 360
21 464
21 482
21 495
22 41
22 74
22 318
22 444
22 467
23 67
23 184
23 346
23 382
23 417
24 31
24 112
24 150
24 481
24 485
25 165
25 251
25 369
25 400
25 500
26 173
26 218
26 235
26 457
26 470
27 6
27 31
27 44
27 96
27 220
28 381
28 398
28 443
28 444
28 468
29 89
29 268
29 316
29 385
29 454
30 96
30 189
30 286
30 422
30 493
31 24
31 27
31 293
31 353
31 447
32 94
32 176
32 364
32 393
32 417
33 185
33 239
33 454
33 466
33 494
34 49
34 92
34 281
34 283
34 286
35 43
35 70
35 417
35 436
35 479
36 87
36 294
36 296
36 302
36 367
37 170
37 437
37 438
37 468
37 500
38 17
38 101
38 355
38 374
38 468
39 215
39 237
39 264
39 283
39 468
40 61
40 78
40 80
40 438
40 479
41 22
41 193
41 311
41 477
41 488
42 45
42 332
42 336
42 405
42 433
43 35
43 201
43 277
43 427
43 461
44 27
44 216
44 253
44 379
44 497
45 42
45 104
45 137
45 262
45 489
46 63
46 412
46 453
46 458
46 480
47 84
47 470
47 485
47 492
47 496
48 106
48 305
48 414
48 437
48 473
49 34
49 139
49 247
49 248
49 431
50 12
50 144
50 228
50 446
50 487
51 10
51 272
51 417
51 490
51 500
52 360
52 428
52 446
52 484
52 498
53 173
53 357
53 389
53 441
53 468
54 185
54 347
54 395
54 473
54 497
55 206
55 261
55 399
55 421
55 462
56 313
56 337
56 428
56 487
56 495
57 72
57 108
57 275
57 449
57 466
58 291
58 442
58 447
58 476
58 500
59 91
59 205
59 292
59 411
59 494
60 16
60 374
60 445
60 457
60 481
61 40
61 98
61 123
61 251
61 378
62 77
62 289
62 420
62 451
62 477
63 46
63 187
63 232
63 433
63 492
64 204
64 242
64 323
64 364
64 436
65 101
65 163
65 265
65 428
65 483
66 220
66 250
66 260
66 496
66 500
67 4
67 23
67 319
67 456
67 490
68 14
68 122
68 362
68 433
68 452
69 71
69 386
69 446
69 455
69 486
70 18
70 35
70 253
70 316
70 464
71 69
71 148
71 399
71 404
71 438
72 5
72 57
72 234
72 443
72 455
73 144
73 280
73 352
73 407
73 445
74 22
74 114
74 424
74 467
74 492
75 10
75 148
75 290
75 463
75 472
76 174
76 196
76 346
76 398
76 427
77 62
77 166
77 217
77 380
77 487
78 40
78 200
78 322
78 428
78 500
79 106
79 127
79 201
79 336
79 393
80 40
80 277
80 341
80 379
80 411
81 82
81 315
81 365
81 402
81 452
82 81
82 209
82 448
82 485
82 491
83 110
83 177
83 267
83 479
83 485
84 47
84 131
84 223
84 402
84 475
85 370
85 419
85 441
85 446
85 452
86 387
86 417
86 440
86 450
86 488
87 36
87 438
87 452
87 466
87 496
88 192
88 260
88 287
88 425
88 482
89 29
89 281
89 394
89 468
89 489
90 174
90 197
90 331
90 361
90 384
91 59
91 138
91 273
91 350
91 389
92 34
92 178
92 428
92 440
92 497
93 15
93 169
93 307
93 430
93 442
94 32
94 237
94 265
94 449
94 477
95 159
95 168
95 249
95 264
95 349
96 27
96 30
96 129
96 486
96 495
97 227
97 416
97 424
97 443
97 446
98 61
98 192
98 229
98 396
98 480
99 192
99 254
99 342
99 480
99 500
100 245
100 319
100 340
100 365
100 420
101 38
101 65
101 103
101 141
101 293
102 419
102 425
102 428
102 443
102 460
103 101
103 141
103 160
103 289
103 369
104 45
104 354
104 376
104 474
104 494
105 243
105 366
105 471
105 475
105 478
106 48
106 79
106 357
106 370
106 424
107 110
107 352
107 419
107 463
107 478
108 57
108 271
108 300
108 458
108 492
109 189
109 334
109 457
109 471
109 474
110 83
110 107
110 127
110 397
110 410
111 136
111 259
111 284
111 307
111 433
112 24
112 194
112 450
112 483
112 499
113 164
113 283
113 385
113 462
113 487
114 74
114 137
114 236
114 359
114 500
115 267
115 351
115 375
115 401
115 480
116 200
116 210
116 217
116 430
116 479
117 258
117 293
117 322
117 345
117 439
118 162
118 180
118 298
118 332
118 377
119 186
119 274
119 427
119 442
119 464
120 16
120 252
120 310
120 452
120 455
121 280
121 373
121 467
121 471
121 486
122 68
122 136
122 237
122 294
122 422
123 61
123 376
123 448
123 467
123 473
124 14
124 198
124 292
124 336
124 496
125 162
125 291
125 337
125 487
125 490
126 21
126 129
126 266
126 312
126 339
127 79
127 110
127 429
127 462
127 477
128 153
128 181
128 232
128 282
128 406
129 9
129 96
129 126
129 166
129 439
130 262
130 282
130 311
130 389
130 464
131 84
131 187
131 318
131 332
131 438
132 1
132 221
132 304
132 426
132 479
133 189
133 194
133 230
133 413
133 418
134 315
134 336
134 381
134 443
134 477
135 155
135 232
135 361
135 394
135 498
136 111
136 122
136 327
136 418
136 434
137 45
137 114
137 366
137 408
137 438
138 91
138 272
138 273
138 479
138 488
139 49
139 354
139 414
139 423
139 434
140 271
140 324
140 354
140 416
140 497
141 101
141 103
141 282
141 400
141 410
142 1
142 429
142 434
142 493
142 495
143 298
143 359
143 387
143 444
143 499
144 50
144 73
144 404
144 457
144 485
145 204
145 337
145 357
145 377
145 466
146 249
146 293
146 328
146 365
146 404
147 206
147 329
147 379
147 482
147 489
148 71
148 75
148 152
148 314
148 450
149 269
149 302
149 348
149 432
149 490
150 24
150 453
150 454
150 467
150 492
151 356
151 372
151 414
151 474
151 489
152 148
152 222
152 249
152 335
152 357
153 128
153 272
153 352
153 451
153 479
154 294
154 358
154 384
154 417
154 497
155 135
155 200
155 337
155 396
155 499
156 351
156 387
156 434
156 450
156 499
157 175
157 296
157 341
157 377
157 430
158 300
158 405
158 435
158 462
158 498
159 95
159 299
159 435
159 466
159 495
160 103
160 341
160 420
160 453
160 484
161 166
161 380
161 392
161 429
161 437
162 20
162 118
162 125
162 297
162 436
163 19
163 65
163 382
163 389
163 474
164 113
164 224
164 468
164 470
164 475
165 25
165 319
165 360
165 432
165 460
166 11
166 77
166 129
166 161
166 402
167 189
167 431
167 481
167 492
167 494
168 95
168 221
168 231
168 411
168 457
169 93
169 218
169 225
169 280
169 366
169 387
170 37
170 203
170 375
170 406
170 458
170 479
171 6
171 176
171 217
171 350
171 436
171 462
172 348
172 378
172 445
172 491
172 493
172 496
173 26
173 53
173 190
173 202
173 477
173 496
174 3
174 76
174 90
174 338
174 345
174 451
175 157
175 286
175 372
175 411
175 449
175 478
176 32
176 171
176 220
176 338
176 423
176 500
177 83
177 256
177 292
177 430
177 492
177 499
178 92
178 198
178 248
178 279
178 313
178 479
179 260
179 276
179 284
179 285
179 376
179 418
180 118
180 231
180 303
180 350
180 443
180 497
181 128
181 400
181 416
181 481
181 491
181 497
182 188
182 270
182 340
182 414
182 415
182 485
183 197
183 204
183 269
183 317
183 374
183 500
184 23
184 275
184 312
184 385
184 493
184 496
185 33
185 54
185 304
185 316
185 491
185 492
186 119
186 208
186 376
186 394
186 462
186 485
187 19
187 63
187 131
187 290
187 415
187 490
188 182
188 331
188 414
188 419
188 455
188 478
189 30
189 109
189 133
189 167
189 406
189 474
190 173
190 221
190 307
190 327
190 443
190 459
191 4
191 319
191 324
191 376
191 409
191 429
192 12
192 88
192 98
192 99
192 371
192 486
193 41
193 195
193 205
193 347
193 465
193 500
194 1
194 112
194 133
194 197
194 300
194 436
195 193
195 266
195 273
195 369
195 486
195 497
196 76
196 210
196 216
196 405
196 450
196 476
197 90
197 183
197 194
197 312
197 353
197 485
198 124
198 178
198 213
198 290
198 352
198 376
199 375
199 380
199 392
199 416
199 439
199 464
200 78
200 116
200 155
200 210
200 213
200 485
201 43
201 79
201 267
201 303
201 344
201 419
202 173
202 249
202 297
202 329
202 380
202 395
203 170
203 353
203 361
203 426
203 487
203 490
204 64
204 145
204 183
204 227
204 374
204 452
205 59
205 193
205 412
205 456
205 481
205 493
206 55
206 147
206 308
206 437
206 456
206 468
207 20
207 255
207 299
207 431
207 491
207 495
208 186
208 209
208 415
208 432
208 449
208 497
209 82
209 208
209 250
209 268
209 312
209 474
210 116
210 196
210 200
210 394
210 426
210 465
211 16
211 218
211 238
211 313
211 404
211 447
212 9
212 289
212 323
212 395
212 405
212 442
213 198
213 200
213 253
213 321
213 480
213 494
214 13
214 239
214 279
214 365
214 367
214 500
215 39
215 225
215 343
215 444
215 448
215 499
216 44
216 196
216 246
216 315
216 359
216 397
217 77
217 116
217 171
217 245
217 466
217 473
218 26
218 169
218 211
218 339
218 414
218 464
219 17
219 240
219 257
219 311
219 317
219 378
220 27
220 66
220 176
220 229
220 432
220 473
221 132
221 168
221 190
221 241
221 295
221 421
222 7
222 152
222 322
222 330
222 417
222 422
223 84
223 225
223 278
223 402
223 480
223 495
224 164
224 277
224 295
224 338
224 347
224 486
225 169
225 215
225 223
225 238
225 390
225 438
226 308
226 321
226 361
226 455
226 456
226 459
227 97
227 204
227 309
227 374
227 452
227 492
228 20
228 50
228 231
228 235
228 425
228 495
229 98
229 220
229 352
229 353
229 383
229 436
230 133
230 267
230 388
230 391
230 401
230 429
231 168
231 180
231 228
231 392
231 448
231 485
232 63
232 128
232 135
232 245
232 488
232 498
233 256
233 274
233 317
233 338
233 368
233 441
234 72
234 296
234 375
234 388
234 453
234 496
235 2
235 26
235 228
235 257
235 421
235 431
236 114
236 327
236 341
236 412
236 435
236 479
237 39
237 94
237 122
237 318
237 414
237 488
238 211
238 225
238 284
238 439
238 448
238 474
239 33
239 214
239 335
239 351
239 370
239 419
240 219
240 353
240 364
240 422
240 471
240 496
241 221
241 383
241 391
241 466
241 492
241 500
242 64
242 275
242 333
242 401
242 462
242 463
243 105
243 256
243 258
243 342
243 348
243 457
244 356
244 395
244 399
244 464
244 477
244 499
245 100
245 217
245 232
245 263
245 463
245 465
246 216
246 347
246 393
246 482
246 485
246 497
247 17
247 49
247 340
247 463
247 472
247 497
248 3
248 18
248 49
248 178
248 382
248 483
249 3
249 95
249 146
249 152
249 202
249 389
250 66
250 209
250 258
250 425
250 493
250 496
251 25
251 61
251 278
251 312
251 427
251 472
252 120
252 343
252 402
252 418
252 430
252 487
253 44
253 70
253 213
253 346
253 391
253 493
254 99
254 326
254 434
254 444
254 465
254 470
255 207
255 267
255 327
255 423
255 457
255 493
256 5
256 177
256 233
256 243
256 323
256 469
257 219
257 235
257 345
257 423
257 464
257 490
258 117
258 243
258 250
258 319
258 435
258 445
259 111
259 271
259 383
259 429
259 459
259 494
260 13
260 66
260 88
260 179
260 474
260 477
261 55
261 300
261 318
261 368
261 408
261 470
262 20
262 45
262 130
262 343
262 382
262 416
263 245
263 395
263 396
263 422
263 431
263 488
264 39
264 95
264 298
264 370
264 397
264 477
265 65
265 94
265 284
265 328
265 349
265 496
266 126
266 195
266 311
266 344
266 450
266 466
267 83
267 115
267 201
267 230
267 255
267 314
267 431
268 29
268 209
268 312
268 357
268 363
268 461
268 484
269 149
269 183
269 326
269 395
269 452
269 459
269 484
270 182
270 294
270 398
270 427
270 471
270 480
270 486
271 108
271 140
271 259
271 342
271 401
271 412
271 490
272 51
272 138
272 153
272 394
272 422
272 463
272 490
273 15
273 91
273 138
273 195
273 381
273 393
273 498
274 119
274 233
274 278
274 325
274 447
274 472
274 498
275 57
275 184
275 242
275 278
275 360
275 455
275 478
276 179
276 279
276 299
276 301
276 315
276 331
276 471
277 43
277 80
277 224
277 306
277 333
277 388
277 462
278 223
278 251
278 274
278 275
278 314
278 469
278 491
279 178
279 214
279 276
279 281
279 353
279 467
279 476
280 19
280 73
280 121
280 169
280 365
280 380
280 494
281 34
281 89
281 279
281 401
281 435
281 446
281 456
282 128
282 130
282 141
282 370
282 381
282 449
282 453
283 34
283 39
283 113
283 377
283 381
283 440
283 496
284 111
284 179
284 238
284 265
284 458
284 470
284 474
285 179
285 288
285 289
285 291
285 332
285 411
285 498
286 30
286 34
286 175
286 408
286 421
286 463
286 494
287 88
287 317
287 346
287 403
287 471
287 482
287 485
288 285
288 295
288 297
288 302
288 394
288 416
288 495
289 62
289 103
289 212
289 285
289 309
289 491
289 492
290 75
290 187
290 198
290 338
290 397
290 406
290 443
291 58
291 125
291 285
291 360
291 364
291 373
291 487
292 59
292 124
292 177
292 300
292 415
292 434
292 479
293 31
293 101
293 117
293 146
293 353
293 423
293 482
294 36
294 122
294 154
294 270
294 363
294 398
294 480
295 221
295 224
295 288
295 433
295 473
295 487
295 500
296 36
296 157
296 234
296 347
296 396
296 397
296 447
297 162
297 202
297 288
297 419
297 457
297 478
297 481
298 118
298 143
298 264
298 311
298 324
298 368
298 473
299 7
299 159
299 207
299 276
299 347
299 476
299 491
300 108
300 158
300 194
300 261
300 292
300 477
300 498
301 276
301 305
301 393
301 441
301 447
301 455
301 488
302 36
302 149
302 288
302 313
302 421
302 437
302 453
303 1
303 180
303 201
303 322
303 350
303 370
303 489
304 19
304 132
304 185
304 330
304 351
304 434
304 484
305 48
305 301
305 375
305 384
305 429
305 453
305 489
306 277
306 325
306 369
306 385
306 414
306 488
306 500
307 93
307 111
307 190
307 423
307 457
307 491
307 494
308 206
308 226
308 328
308 389
308 399
308 433
308 490
309 227
309 289
309 323
309 374
309 405
309 448
309 492
310 120
310 348
310 441
310 453
310 459
310 469
310 486
311 41
311 130
311 219
311 266
311 298
311 358
311 469
312 126
312 184
312 197
312 209
312 251
312 268
312 461
313 56
313 178
313 211
313 302
313 375
313 449
313 492
314 148
314 267
314 278
314 348
314 389
314 390
314 491
315 4
315 81
315 134
315 216
315 276
315 439
315 487
316 29
316 70
316 185
316 403
316 460
316 476
316 486
317 183
317 219
317 233
317 287
317 437
317 481
317 490
318 14
318 22
318 131
318 237
318 261
318 458
318 499
319 67
319 100
319 165
319 191
319 258
319 458
319 465
320 341
320 371
320 435
320 438
320 451
320 483
320 497
321 213
321 226
321 334
321 397
321 442
321 480
321 494
322 78
322 117
322 222
322 303
322 391
322 450
322 487
323 4
323 64
323 212
323 256
323 309
323 415
323 425
324 140
324 191
324 298
324 371
324 411
324 433
324 495
325 11
325 15
325 274
325 306
325 451
325 472
325 486
326 254
326 269
326 388
326 407
326 416
326 428
326 441
327 13
327 136
327 190
327 236
327 255
327 399
327 484
328 146
328 265
328 308
328 334
328 420
328 445
328 475
329 147
329 202
329 331
329 344
329 394
329 449
329 481
330 222
330 304
330 365
330 378
330 382
330 478
330 489
331 90
331 188
331 276
331 329
331 413
331 478
331 493
332 18
332 42
332 118
332 131
332 285
332 358
332 442
333 242
333 277
333 377
333 415
333 481
333 492
333 494
334 18
334 109
334 321
334 328
334 359
334 487
334 491
335 6
335 152
335 239
335 341
335 344
335 451
335 478
336 42
336 79
336 124
336 134
336 348
336 396
336 449
336 472
337 56
337 125
337 145
337 155
337 345
337 426
337 464
337 495
338 174
338 176
338 224
338 233
338 290
338 436
338 437
338 491
339 126
339 218
339 358
339 367
339 390
339 426
339 478
339 499
340 9
340 100
340 182
340 247
340 359
340 408
340 487
340 491
341 80
341 157
341 160
341 236
341 320
341 335
341 471
341 491
342 10
342 99
342 243
342 271
342 343
342 464
342 470
342 475
343 215
343 252
343 262
343 342
343 378
343 437
343 459
343 463
344 201
344 266
344 329
344 335
344 386
344 432
344 462
344 493
345 3
345 117
345 174
345 257
345 337
345 379
345 394
345 413
346 8
346 23
346 76
346 253
346 287
346 355
346 439
346 469
347 54
347 193
347 224
347 246
347 296
347 299
347 362
347 463
348 149
348 172
348 243
348 310
348 314
348 336
348 442
348 454
349 95
349 265
349 369
349 378
349 409
349 413
349 445
349 469
350 91
350 171
350 180
350 303
350 366
350 432
350 475
350 497
351 115
351 156
351 239
351 304
351 387
351 427
351 454
351 479
352 73
352 107
352 153
352 198
352 229
352 420
352 446
352 450
353 31
353 197
353 203
353 229
353 240
353 279
353 293
353 418
354 104
354 139
354 140
354 355
354 397
354 415
354 423
354 467
355 38
355 346
355 354
355 362
355 403
355 443
355 445
355 450
356 151
356 244
356 403
356 450
356 480
356 481
356 489
356 498
357 11
357 53
357 106
357 145
357 152
357 268
357 448
357 500
358 154
358 311
358 332
358 339
358 367
358 448
358 475
358 480
359 114
359 143
359 216
359 334
359 340
359 364
359 455
359 487
360 21
360 52
360 165
360 275
360 291
360 406
360 440
360 498
361 90
361 135
361 203
361 226
361 375
361 390
361 447
361 478
362 68
362 347
362 355
362 460
362 469
362 476
362 483
362 489
363 268
363 294
363 435
363 444
363 465
363 467
363 480
363 500
364 32
364 64
364 240
364 291
364 359
364 372
364 412
364 482
365 81
365 100
365 146
365 214
365 280
365 330
365 471
365 473
366 105
366 137
366 169
366 350
366 398
366 437
366 444
366 497
367 36
367 214
367 339
367 358
367 428
367 454
367 489
367 494
368 233
368 261
368 298
368 395
368 418
368 446
368 455
368 484
369 25
369 103
369 195
369 306
369 349
369 383
369 418
369 485
370 9
370 85
370 106
370 239
370 264
370 282
370 303
370 385
371 192
371 320
371 324
371 386
371 400
371 447
371 460
371 465
372 151
372 175
372 364
372 430
372 431
372 491
372 494
372 497
373 121
373 291
373 391
373 458
373 462
373 466
373 474
373 490
374 38
374 60
374 183
374 204
374 227
374 309
374 380
374 499
375 115
375 170
375 199
375 234
375 305
375 313
375 361
375 460
376 10
376 104
376 123
376 179
376 186
376 191
376 198
376 398
377 118
377 145
377 157
377 283
377 333
377 399
377 440
377 488
378 61
378 172
378 219
378 330
378 343
378 349
378 410
378 465
379 44
379 80
379 147
379 345
379 403
379 484
379 491
379 495
380 77
380 161
380 199
380 202
380 280
380 374
380 387
380 461
381 28
381 134
381 273
381 282
381 283
381 410
381 458
381 479
382 23
382 163
382 248
382 262
382 330
382 392
382 434
382 459
382 481
383 229
383 241
383 259
383 369
383 386
383 397
383 406
383 438
383 486
384 90
384 154
384 305
384 387
384 405
384 407
384 421
384 434
384 468
385 17
385 29
385 113
385 184
385 306
385 370
385 392
385 445
385 492
386 3
386 69
386 344
386 371
386 383
386 460
386 471
386 490
386 499
387 86
387 143
387 156
387 169
387 351
387 380
387 384
387 398
387 444
388 230
388 234
388 277
388 326
388 413
388 430
388 461
388 462
388 489
389 53
389 91
389 130
389 163
389 249
389 308
389 314
389 466
389 498
390 8
390 225
390 314
390 339
390 361
390 400
390 402
390 427
390 474
391 15
391 230
391 241
391 253
391 322
391 373
391 420
391 477
391 496
392 161
392 199
392 231
392 382
392 385
392 416
392 422
392 439
392 498
393 32
393 79
393 246
393 273
393 301
393 399
393 457
393 478
393 489
394 89
394 135
394 186
394 210
394 272
394 288
394 329
394 345
394 481
395 54
395 202
395 212
395 244
395 263
395 269
395 368
395 409
395 440
396 98
396 155
396 263
396 296
396 336
396 408
396 425
396 455
396 500
397 110
397 216
397 264
397 290
397 296
397 321
397 354
397 383
397 454
398 28
398 76
398 270
398 294
398 366
398 376
398 387
398 422
398 484
399 55
399 71
399 244
399 308
399 327
399 377
399 393
399 403
399 469
400 25
400 141
400 181
400 371
400 390
400 401
400 426
400 459
400 484
401 115
401 230
401 242
401 271
401 281
401 400
401 410
401 417
401 478
402 81
402 84
402 166
402 223
402 252
402 390
402 463
402 476
402 488
403 287
403 316
403 355
403 356
403 379
403 399
403 407
403 464
403 492
404 1
404 71
404 144
404 146
404 211
404 406
404 454
404 482
404 498
405 42
405 158
405 196
405 212
405 309
405 384
405 462
405 463
405 470
406 14
406 128
406 170
406 189
406 290
406 360
406 383
406 404
406 446
407 73
407 326
407 384
407 403
407 412
407 424
407 458
407 482
407 489
408 137
408 261
408 286
408 340
408 396
408 431
408 444
408 475
408 477
409 191
409 349
409 395
409 420
409 431
409 434
409 465
409 483
409 495
410 110
410 141
410 378
410 381
410 401
410 433
410 446
410 457
410 461
411 59
411 80
411 168
411 175
411 285
411 324
411 445
411 449
411 483
411 493
412 46
412 205
412 236
412 271
412 364
412 407
412 425
412 458
412 473
412 483
413 9
413 133
413 331
413 345
413 349
413 388
413 461
413 469
413 481
413 482
414 48
414 139
414 151
414 182
414 188
414 218
414 237
414 306
414 452
414 488
415 182
415 187
415 208
415 292
415 323
415 333
415 354
415 439
415 472
415 473
416 17
416 97
416 140
416 181
416 199
416 262
416 288
416 326
416 392
416 431
417 23
417 32
417 35
417 51
417 86
417 154
417 222
417 401
417 435
417 488
418 16
418 133
418 136
418 179
418 252
418 353
418 368
418 369
418 451
418 486
419 85
419 102
419 107
419 188
419 201
419 239
419 297
419 427
419 440
419 478
420 62
420 100
420 160
420 328
420 352
420 391
420 409
420 463
420 468
420 477
421 55
421 221
421 235
421 286
421 302
421 384
421 424
421 440
421 475
421 484
422 30
422 122
422 222
422 240
422 263
422 272
422 392
422 398
422 425
422 490
423 139
423 176
423 255
423 257
423 293
423 307
423 354
423 438
423 459
423 486
424 74
424 97
424 106
424 407
424 421
424 446
424 453
424 467
424 472
424 485
425 88
425 102
425 228
425 250
425 323
425 396
425 412
425 422
425 471
425 497
426 132
426 203
426 210
426 337
426 339
426 400
426 435
426 471
426 475
426 499
427 43
427 76
427 119
427 251
427 270
427 351
427 390
427 419
427 466
427 484
428 52
428 56
428 65
428 78
428 92
428 102
428 326
428 367
428 447
428 471
429 127
429 142
429 161
429 191
429 230
429 259
429 305
429 437
429 470
429 475
430 93
430 116
430 157
430 177
430 252
430 372
430 388
430 436
430 450
430 461
430 495
431 49
431 167
431 207
431 235
431 263
431 267
431 372
431 408
431 409
431 416
431 447
432 149
432 165
432 208
432 220
432 344
432 350
432 459
432 468
432 470
432 473
432 490
433 42
433 63
433 68
433 111
433 295
433 308
433 324
433 410
433 443
433 446
433 499
434 136
434 139
434 142
434 156
434 254
434 292
434 304
434 382
434 384
434 409
434 483
435 158
435 159
435 236
435 258
435 281
435 320
435 363
435 417
435 426
435 456
435 458
436 35
436 64
436 162
436 171
436 194
436 229
436 338
436 430
436 441
436 458
436 475
437 37
437 48
437 161
437 206
437 302
437 317
437 338
437 343
437 366
437 429
437 441
438 37
438 40
438 71
438 87
438 131
438 137
438 225
438 320
438 383
438 423
438 465
439 117
439 129
439 199
439 238
439 315
439 346
439 392
439 415
439 456
439 469
439 481
440 86
440 92
440 283
440 360
440 377
440 395
440 419
440 421
440 468
440 474
440 495
441 53
441 85
441 233
441 301
441 310
441 326
441 436
441 437
441 442
441 460
441 496
442 58
442 93
442 119
442 212
442 321
442 332
442 348
442 441
442 444
442 456
442 464
443 11
443 28
443 72
443 97
443 102
443 134
443 180
443 190
443 290
443 355
443 433
443 451
444 22
444 28
444 143
444 215
444 254
444 363
444 366
444 387
444 408
444 442
444 456
444 472
445 4
445 60
445 73
445 172
445 258
445 328
445 349
445 355
445 385
445 411
445 489
445 496
446 50
446 52
446 69
446 85
446 97
446 281
446 352
446 368
446 406
446 410
446 424
446 433
447 31
447 58
447 211
447 274
447 296
447 301
447 361
447 371
447 428
447 431
447 480
447 484
448 82
448 123
448 215
448 231
448 238
448 309
448 357
448 358
448 454
448 464
448 465
448 466
449 12
449 57
449 94
449 175
449 208
449 282
449 313
449 329
449 336
449 411
449 454
449 472
450 86
450 112
450 148
450 156
450 196
450 266
450 322
450 352
450 355
450 356
450 430
450 455
451 62
451 153
451 174
451 320
451 325
451 335
451 418
451 443
451 461
451 468
451 469
451 499
452 68
452 81
452 85
452 87
452 120
452 204
452 227
452 269
452 414
452 476
452 488
452 496
453 46
453 150
453 160
453 234
453 282
453 302
453 305
453 310
453 424
453 467
453 473
453 482
454 2
454 29
454 33
454 150
454 348
454 351
454 367
454 397
454 404
454 448
454 449
454 467
454 476
455 69
455 72
455 120
455 188
455 226
455 275
455 301
455 359
455 368
455 396
455 450
455 475
455 488
456 2
456 67
456 205
456 206
456 226
456 281
456 435
456 439
456 442
456 444
456 461
456 467
456 494
457 26
457 60
457 109
457 144
457 168
457 243
457 255
457 297
457 307
457 393
457 410
457 493
457 498
458 46
458 108
458 170
458 284
458 318
458 319
458 373
458 381
458 407
458 412
458 435
458 436
458 460
459 11
459 190
459 226
459 259
459 269
459 310
459 343
459 382
459 400
459 423
459 432
459 470
459 484
460 102
460 165
460 316
460 362
460 371
460 375
460 386
460 441
460 458
460 476
460 479
460 486
460 492
461 5
461 8
461 43
461 268
461 312
461 380
461 388
461 410
461 413
461 430
461 451
461 456
461 469
462 55
462 113
462 127
462 158
462 171
462 186
462 242
462 277
462 344
462 373
462 388
462 405
462 500
463 75
463 107
463 242
463 245
463 247
463 272
463 286
463 343
463 347
463 402
463 405
463 420
463 467
463 477
464 21
464 70
464 119
464 130
464 199
464 218
464 244
464 257
464 337
464 342
464 403
464 442
464 448
464 498
465 8
465 193
465 210
465 245
465 254
465 319
465 363
465 371
465 378
465 409
465 438
465 448
465 476
465 493
466 8
466 33
466 57
466 87
466 145
466 159
466 217
466 241
466 266
466 373
466 389
466 427
466 448
466 485
467 22
467 74
467 121
467 123
467 150
467 279
467 354
467 363
467 424
467 453
467 454
467 456
467 463
467 470
468 28
468 37
468 38
468 39
468 53
468 89
468 164
468 206
468 384
468 420
468 432
468 440
468 451
468 474
469 256
469 278
469 310
469 311
469 346
469 349
469 362
469 399
469 413
469 439
469 451
469 461
469 478
469 484
470 26
470 47
470 164
470 254
470 261
470 284
470 342
470 405
470 429
470 432
470 459
470 467
470 475
470 496
471 7
471 105
471 109
471 121
471 240
471 270
471 276
471 287
471 341
471 365
471 386
471 425
471 426
471 428
471 492
472 10
472 75
472 247
472 251
472 274
472 325
472 336
472 415
472 424
472 444
472 449
472 483
472 486
472 491
472 493
473 2
473 19
473 48
473 54
473 123
473 217
473 220
473 295
473 298
473 365
473 412
473 415
473 432
473 453
473 490
474 6
474 104
474 109
474 151
474 163
474 189
474 209
474 238
474 260
474 284
474 373
474 390
474 440
474 468
474 486
475 18
475 84
475 105
475 164
475 328
475 342
475 350
475 358
475 408
475 421
475 426
475 429
475 436
475 455
475 470
476 5
476 58
476 196
476 279
476 299
476 316
476 362
476 402
476 452
476 454
476 460
476 465
476 489
476 499
476 500
477 41
477 62
477 94
477 127
477 134
477 173
477 244
477 260
477 264
477 300
477 391
477 408
477 420
477 463
477 480
478 105
478 107
478 175
478 188
478 275
478 297
478 330
478 331
478 335
478 339
478 361
478 393
478 401
478 419
478 469
478 493
479 35
479 40
479 83
479 116
479 132
479 138
479 153
479 170
479 178
479 236
479 292
479 351
479 381
479 460
479 487
479 496
480 2
480 46
480 98
480 99
480 115
480 213
480 223
480 270
480 294
480 321
480 356
480 358
480 363
480 447
480 477
480 494
481 24
481 60
481 167
481 181
481 205
481 297
481 317
481 329
481 333
481 356
481 382
481 394
481 413
481 439
481 483
481 498
482 21
482 88
482 147
482 246
482 287
482 293
482 364
482 404
482 407
482 413
482 453
482 483
482 485
482 487
482 492
482 494
482 497
483 5
483 7
483 16
483 65
483 112
483 248
483 320
483 362
483 409
483 411
483 412
483 434
483 472
483 481
483 482
483 488
483 499
484 52
484 160
484 268
484 269
484 304
484 327
484 368
484 379
484 398
484 400
484 421
484 427
484 447
484 459
484 469
484 489
484 497
485 24
485 47
485 82
485 83
485 144
485 182
485 186
485 197
485 200
485 231
485 246
485 287
485 369
485 424
485 466
485 482
485 497
486 69
486 96
486 121
486 192
486 195
486 224
486 270
486 310
486 316
486 325
486 383
486 418
486 423
486 460
486 472
486 474
486 494
487 15
487 50
487 56
487 77
487 113
487 125
487 203
487 252
487 291
487 295
487 315
487 322
487 334
487 340
487 359
487 479
487 482
488 41
488 86
488 138
488 232
488 237
488 263
488 301
488 306
488 377
488 402
488 414
488 417
488 452
488 455
488 483
488 498
488 499
489 45
489 89
489 147
489 151
489 303
489 305
489 330
489 356
489 362
489 367
489 388
489 393
489 407
489 445
489 476
489 484
489 497
490 51
490 67
490 125
490 149
490 187
490 203
490 257
490 271
490 272
490 308
490 317
490 373
490 386
490 422
490 432
490 473
490 495
490 499
491 14
491 82
491 172
491 181
491 185
491 207
491 278
491 289
491 299
491 307
491 314
491 334
491 338
491 340
491 341
491 372
491 379
491 472
492 47
492 63
492 74
492 108
492 150
492 167
492 177
492 185
492 227
492 241
492 289
492 309
492 313
492 333
492 385
492 403
492 460
492 471
492 482
493 7
493 30
493 142
493 172
493 184
493 205
493 250
493 253
493 255
493 331
493 344
493 411
493 457
493 465
493 472
493 478
493 496
494 13
494 33
494 59
494 104
494 167
494 213
494 259
494 280
494 286
494 307
494 321
494 333
494 367
494 372
494 456
494 480
494 482
494 486
494 499
495 20
495 21
495 56
495 96
495 142
495 159
495 207
495 223
495 228
495 288
495 324
495 337
495 379
495 409
495 430
495 440
495 490
495 498
495 499
496 13
496 47
496 66
496 87
496 124
496 172
496 173
496 184
496 234
496 240
496 250
496 265
496 283
496 391
496 441
496 445
496 452
496 470
496 479
496 493
497 44
497 54
497 92
497 140
497 154
497 180
497 181
497 195
497 208
497 246
497 247
497 320
497 350
497 366
497 372
497 425
497 482
497 484
497 485
497 489
498 6
498 12
498 52
498 135
498 158
498 232
498 273
498 274
498 285
498 300
498 356
498 360
498 389
498 392
498 404
498 457
498 464
498 481
498 488
498 495
498 500
499 12
499 112
499 143
499 155
499 156
499 177
499 215
499 244
499 318
499 339
499 374
499 386
499 426
499 433
499 451
499 476
499 483
499 488
499 490
499 494
499 495
500 25
500 37
500 51
500 58
500 66
500 78
500 99
500 114
500 176
500 183
500 193
500 214
500 241
500 295
500 306
500 357
500 363
500 396
500 462
500 476
500 498
