1 66
1 114
1 162
1 238
1 466
2 6
2 40
2 61
2 151
2 328
3 4
3 10
3 300
3 311
3 493
4 3
4 64
4 191
4 208
4 287
5 136
5 137
5 239
5 374
5 436
6 2
6 9
6 34
6 151
6 376
7 9
7 14
7 103
7 203
7 370
8 68
8 172
8 198
8 199
8 201
9 6
9 7
9 14
9 93
9 282
10 3
10 120
10 281
10 297
10 309
11 13
11 20
11 73
11 208
11 327
12 134
12 138
12 206
12 391
12 426
13 11
13 20
13 287
13 327
13 435
14 7
14 9
14 23
14 464
14 481
15 64
15 73
15 245
15 390
15 461
16 18
16 19
16 21
16 59
16 191
17 89
17 91
17 95
17 401
17 404
18 16
18 19
18 21
18 247
18 285
19 16
19 18
19 21
19 227
19 285
20 11
20 13
20 109
20 311
20 327
21 16
21 18
21 19
21 41
21 285
22 24
22 25
22 28
22 495
22 497
23 14
23 30
23 314
23 444
23 448
24 22
24 25
24 28
24 437
24 499
25 22
25 24
25 26
25 28
25 197
26 25
26 28
26 214
26 408
26 500
27 30
27 119
27 151
27 167
28 22
28 24
28 25
28 26
28 37
29 99
29 101
29 192
29 274
29 277
30 23
30 27
30 40
30 46
30 167
31 35
31 36
31 41
31 316
31 441
32 33
32 38
32 138
32 167
32 226
33 32
33 34
33 38
33 353
33 471
34 6
34 33
34 38
34 120
34 378
35 31
35 36
35 41
35 458
35 468
36 31
36 35
36 41
36 45
36 489
37 28
37 61
37 62
37 65
37 140
38 32
38 33
38 34
38 174
38 367
39 46
39 55
39 296
39 328
39 459
40 2
40 30
40 42
40 44
40 474
41 21
41 31
41 35
41 36
41 45
42 40
42 44
42 46
42 212
42 384
43 68
43 216
43 217
43 254
43 286
44 40
44 42
44 46
44 71
44 473
45 36
45 41
45 48
45 200
45 451
46 30
46 39
46 42
46 44
46 440
47 110
47 115
47 309
47 362
47 397
48 45
48 49
48 346
48 432
48 435
49 48
49 59
49 320
49 324
49 379
50 51
50 52
50 53
50 232
50 433
51 50
51 53
51 219
51 320
51 324
52 50
52 53
52 91
52 244
52 372
53 50
53 51
53 52
53 165
53 385
54 55
54 100
54 175
54 243
54 268
55 39
55 54
55 57
55 100
55 372
56 172
56 176
56 198
56 199
56 482
57 55
57 58
57 100
57 310
57 439
58 57
58 62
58 100
58 148
58 164
59 16
59 49
59 258
59 347
59 379
60 132
60 140
60 215
60 307
60 381
61 2
61 37
61 62
61 140
61 405
62 37
62 58
62 61
62 250
62 307
63 245
63 260
63 324
63 332
63 480
64 4
64 15
64 245
64 260
64 383
65 37
65 67
65 474
65 476
65 497
66 1
66 118
66 159
66 162
66 445
67 65
67 78
67 140
67 315
67 487
68 8
68 43
68 213
68 286
68 371
69 70
69 73
69 189
69 357
69 390
69 499
70 69
70 73
70 126
70 357
70 390
71 44
71 86
71 112
71 113
71 121
72 184
72 193
72 194
72 292
72 426
73 11
73 15
73 69
73 70
73 357
74 187
74 189
74 272
74 357
74 429
75 76
75 157
75 189
75 301
75 390
76 75
76 79
76 272
76 301
76 489
77 79
77 83
77 210
77 455
77 471
78 67
78 80
78 157
78 198
78 365
79 76
79 77
79 210
79 301
79 473
80 78
80 82
80 166
80 192
80 353
81 204
81 241
81 242
81 254
81 269
82 80
82 91
82 383
82 464
82 481
83 77
83 210
83 301
83 436
83 465
84 85
84 87
84 96
84 488
84 489
85 84
85 87
85 354
85 382
85 439
86 71
86 112
86 118
86 132
86 478
87 84
87 85
87 90
87 96
87 111
88 90
88 93
88 94
88 98
88 473
89 17
89 91
89 304
89 416
89 465
90 87
90 88
90 96
90 98
90 102
91 17
91 52
91 82
91 89
91 213
92 108
92 109
92 311
92 316
92 492
93 9
93 88
93 94
93 98
93 394
94 88
94 93
94 98
94 161
94 499
95 17
95 103
95 311
95 435
95 481
96 84
96 87
96 90
96 98
96 210
97 125
97 127
97 129
97 302
97 403
98 88
98 90
98 93
98 94
98 96
99 29
99 101
99 192
99 274
99 458
100 54
100 55
100 57
100 58
100 143
101 29
101 99
101 146
101 192
101 274
102 90
102 108
102 264
102 274
102 277
103 7
103 95
103 154
103 284
103 473
104 105
104 107
104 154
104 340
104 468
105 104
105 107
105 128
105 313
105 425
106 107
106 149
106 154
106 200
106 476
107 104
107 105
107 106
107 294
107 318
108 92
108 102
108 109
108 160
108 264
109 20
109 92
109 108
109 113
109 348
110 47
110 115
110 153
110 217
110 492
111 87
111 112
111 316
111 378
111 473
112 71
112 86
112 111
112 113
112 364
113 71
113 109
113 112
113 316
113 406
114 1
114 118
114 121
114 124
114 228
115 47
115 110
115 153
115 463
115 490
116 123
116 128
116 130
116 134
116 495
117 225
117 231
117 338
117 474
117 496
118 66
118 86
118 114
118 124
118 228
119 27
119 122
119 153
119 195
120 10
120 34
120 243
120 328
120 478
121 71
121 114
121 124
121 222
121 228
122 119
122 195
122 317
122 343
122 492
123 116
123 128
123 195
123 234
123 350
124 114
124 118
124 121
124 131
124 228
125 97
125 126
125 168
125 228
125 276
126 70
126 125
126 127
126 129
126 370
127 97
127 126
127 129
127 370
127 467
128 105
128 116
128 123
128 130
128 341
129 97
129 126
129 127
129 370
129 381
130 116
130 128
130 134
130 149
130 200
131 124
131 133
131 135
131 370
131 434
132 60
132 86
132 143
132 352
132 465
133 131
133 135
133 374
133 389
133 403
134 12
134 116
134 130
134 266
134 440
135 131
135 133
135 153
135 374
135 452
136 5
136 137
136 224
136 239
136 374
137 5
137 136
137 239
137 249
137 488
138 12
138 32
138 144
138 157
138 494
139 141
139 142
139 249
139 284
139 457
140 37
140 60
140 61
140 67
140 415
141 139
141 142
141 279
141 284
141 481
142 139
142 141
142 206
142 249
142 284
143 100
143 132
143 149
143 215
143 494
144 138
144 206
144 328
144 335
144 358
145 181
145 212
145 221
145 227
145 229
145 230
146 101
146 148
146 183
146 238
146 264
146 292
147 150
147 315
147 387
147 415
147 429
147 466
148 58
148 146
148 171
148 183
148 278
148 292
149 106
149 130
149 143
149 215
149 284
149 457
150 147
150 191
150 315
150 415
150 429
150 500
151 2
151 6
151 27
151 208
151 243
151 328
152 155
152 158
152 196
152 307
152 436
152 475
153 110
153 115
153 119
153 135
153 179
153 195
154 103
154 104
154 106
154 188
154 204
154 433
155 152
155 158
155 215
155 265
155 299
155 422
156 160
156 169
156 429
156 470
156 493
156 500
157 75
157 78
157 138
157 193
157 200
157 374
158 152
158 155
158 159
158 307
158 318
158 360
159 66
159 158
159 346
159 350
159 394
159 488
160 108
160 156
160 169
160 170
160 173
160 315
161 94
161 293
161 294
161 299
161 302
161 304
162 1
162 66
162 231
162 238
162 456
162 495
163 175
163 218
163 219
163 220
163 464
163 481
164 58
164 202
164 203
164 241
164 405
164 424
165 53
165 170
165 173
165 331
165 392
165 429
166 80
166 280
166 282
166 288
166 334
166 495
167 27
167 30
167 32
167 220
167 319
167 385
168 125
168 308
168 319
168 337
168 340
168 412
169 156
169 160
169 173
169 305
169 429
169 449
170 160
170 165
170 173
170 223
170 331
170 438
171 148
171 183
171 184
171 238
171 375
171 400
172 8
172 56
172 176
172 177
172 305
172 471
173 160
173 165
173 169
173 170
173 331
173 489
174 38
174 178
174 186
174 209
174 436
174 476
175 54
175 163
175 214
175 216
175 217
175 218
176 56
176 172
176 198
176 246
176 336
176 495
177 172
177 279
177 296
177 300
177 346
177 434
178 174
178 186
178 209
178 298
178 382
178 461
179 153
179 268
179 271
179 273
179 280
179 282
180 195
180 216
180 236
180 278
180 446
180 448
181 145
181 258
181 265
181 347
181 355
181 383
182 250
182 251
182 253
182 359
182 468
182 488
183 146
183 148
183 171
183 184
183 467
183 497
184 72
184 171
184 183
184 276
184 292
184 363
185 225
185 298
185 371
185 394
185 420
185 489
186 174
186 178
186 209
186 321
186 331
186 496
187 74
187 189
187 272
187 301
187 488
187 496
188 154
188 190
188 200
188 461
188 474
188 483
189 69
189 74
189 75
189 187
189 272
189 390
190 188
190 200
190 243
190 324
190 398
190 491
191 4
191 16
191 150
191 208
191 287
191 327
192 29
192 80
192 99
192 101
192 274
192 398
193 72
193 157
193 196
193 198
193 429
193 472
194 72
194 196
194 359
194 407
194 443
194 496
195 119
195 122
195 123
195 153
195 180
195 206
196 152
196 193
196 194
196 218
196 248
196 292
197 25
197 246
197 248
197 305
197 339
197 458
198 8
198 56
198 78
198 176
198 193
198 498
199 8
199 56
199 346
199 366
199 426
199 459
200 45
200 106
200 130
200 157
200 188
200 190
201 8
201 203
201 246
201 338
201 356
201 490
202 164
202 203
202 205
202 241
202 245
202 331
203 7
203 164
203 201
203 202
203 205
203 284
204 81
204 154
204 207
204 269
204 438
204 464
205 202
205 203
205 241
205 254
205 281
205 289
206 12
206 142
206 144
206 195
206 370
206 442
207 204
207 242
207 269
207 306
207 334
207 347
208 4
208 11
208 151
208 191
208 287
208 487
209 174
209 178
209 186
209 321
209 475
209 495
210 77
210 79
210 83
210 96
210 242
210 355
211 242
211 268
211 269
211 286
211 301
211 306
212 42
212 145
212 227
212 229
212 321
212 463
213 68
213 91
213 216
213 286
213 445
213 496
214 26
214 175
214 216
214 217
214 443
214 493
215 60
215 143
215 149
215 155
215 307
215 434
216 43
216 175
216 180
216 213
216 214
216 429
217 43
217 110
217 175
217 214
217 282
217 366
218 163
218 175
218 196
218 219
218 220
218 436
219 51
219 163
219 218
219 220
219 427
219 435
220 163
220 167
220 218
220 219
220 223
220 319
221 145
221 230
221 240
221 483
221 489
221 491
222 121
222 223
222 225
222 465
222 483
222 498
223 170
223 220
223 222
223 225
223 407
223 500
224 136
224 276
224 352
224 364
224 389
224 404
225 117
225 185
225 222
225 223
225 343
225 446
226 32
226 231
226 232
226 234
226 330
226 338
227 19
227 145
227 212
227 229
227 230
227 321
228 114
228 118
228 121
228 124
228 125
228 484
229 145
229 212
229 227
229 230
229 321
229 402
230 145
230 221
230 227
230 229
230 244
230 496
231 117
231 162
231 226
231 234
231 267
231 338
232 50
232 226
232 234
232 235
232 267
232 278
233 240
233 244
233 250
233 275
233 444
233 478
234 123
234 226
234 231
234 232
234 278
234 338
235 232
235 269
235 278
235 325
235 338
235 452
236 180
236 237
236 270
236 278
236 348
236 421
237 236
237 270
237 281
237 327
237 345
237 491
238 1
238 146
238 162
238 171
238 417
238 468
239 5
239 136
239 137
239 249
239 291
239 374
239 407
240 221
240 233
240 244
240 250
240 251
240 270
240 499
241 81
241 164
241 202
241 205
241 254
241 287
241 414
242 81
242 207
242 210
242 211
242 254
242 306
242 390
243 54
243 120
243 151
243 190
243 333
243 477
243 491
244 52
244 230
244 233
244 240
244 250
244 251
244 445
245 15
245 63
245 64
245 202
245 260
245 329
245 379
246 176
246 197
246 201
246 248
246 299
246 303
246 305
247 18
247 303
247 348
247 378
247 431
247 434
247 441
248 196
248 197
248 246
248 305
248 323
248 376
248 478
249 137
249 139
249 142
249 239
249 253
249 284
249 492
250 62
250 182
250 233
250 240
250 244
250 251
250 269
251 182
251 240
251 244
251 250
251 359
251 398
251 491
252 330
252 339
252 349
252 376
252 385
252 392
252 439
253 182
253 249
253 255
253 259
253 263
253 456
253 492
254 43
254 81
254 205
254 241
254 242
254 319
254 431
255 253
255 259
255 261
255 263
255 359
255 388
255 424
256 257
256 275
256 288
256 289
256 290
256 341
256 451
257 256
257 330
257 350
257 352
257 376
257 404
257 451
258 59
258 181
258 265
258 312
258 347
258 358
258 497
259 253
259 255
259 261
259 263
259 344
259 359
259 499
260 63
260 64
260 245
260 324
260 344
260 379
260 499
261 255
261 259
261 263
261 267
261 394
261 411
261 444
262 277
262 283
262 295
262 310
262 413
262 427
262 430
263 253
263 255
263 259
263 261
263 309
263 359
263 495
264 102
264 108
264 146
264 277
264 316
264 476
264 485
265 155
265 181
265 258
265 312
265 347
265 358
265 373
266 134
266 313
266 314
266 345
266 366
266 425
266 454
267 231
267 232
267 261
267 268
267 271
267 273
267 445
268 54
268 179
268 211
268 267
268 271
268 273
268 433
269 81
269 204
269 207
269 211
269 235
269 250
269 306
270 236
270 237
270 240
270 281
270 297
270 475
271 179
271 267
271 268
271 273
271 361
271 430
271 459
272 74
272 76
272 187
272 189
272 293
272 416
272 459
273 179
273 267
273 268
273 271
273 282
273 312
273 479
274 29
274 99
274 101
274 102
274 192
274 316
274 363
275 233
275 256
275 288
275 289
275 290
275 341
275 419
276 125
276 184
276 224
276 364
276 389
276 427
276 480
277 29
277 102
277 262
277 264
277 298
277 336
277 470
278 148
278 180
278 232
278 234
278 235
278 236
278 420
279 141
279 177
279 296
279 358
279 407
279 454
279 475
280 166
280 179
280 282
280 309
280 334
280 396
280 495
281 10
281 205
281 237
281 270
281 328
281 347
281 394
282 9
282 166
282 179
282 217
282 273
282 280
282 334
283 262
283 295
283 310
283 427
283 428
283 430
283 497
284 103
284 139
284 141
284 142
284 149
284 203
284 249
285 18
285 19
285 21
285 327
285 411
285 428
285 482
286 43
286 68
286 211
286 213
286 306
286 418
286 444
287 4
287 13
287 191
287 208
287 241
287 300
287 415
288 166
288 256
288 275
288 340
288 341
288 351
288 430
289 205
289 256
289 275
289 290
289 341
289 425
289 442
290 256
290 275
290 289
290 291
290 293
290 469
290 477
291 239
291 290
291 293
291 294
291 425
291 447
291 476
292 72
292 146
292 148
292 184
292 196
292 333
292 487
293 161
293 272
293 290
293 291
293 294
293 425
293 459
294 107
294 161
294 291
294 293
294 304
294 458
294 498
295 262
295 283
295 310
295 393
295 413
295 430
295 500
296 39
296 177
296 279
296 311
296 346
296 358
296 372
297 10
297 270
297 309
297 326
297 344
297 455
297 500
298 178
298 185
298 277
298 332
298 336
298 394
298 491
299 155
299 161
299 246
299 302
299 304
299 425
299 488
300 3
300 177
300 287
300 311
300 312
300 368
300 407
301 75
301 76
301 79
301 83
301 187
301 211
301 431
302 97
302 161
302 299
302 304
302 319
302 337
302 466
303 246
303 247
303 336
303 339
303 348
303 364
303 378
304 89
304 161
304 294
304 299
304 302
304 337
304 486
305 169
305 172
305 197
305 246
305 248
305 379
305 459
306 207
306 211
306 242
306 269
306 286
306 405
306 454
307 60
307 62
307 152
307 158
307 215
307 391
307 404
308 168
308 322
308 340
308 343
308 362
308 367
308 373
309 10
309 47
309 263
309 280
309 297
309 314
309 325
310 57
310 262
310 283
310 295
310 317
310 427
310 430
310 466
311 3
311 20
311 92
311 95
311 296
311 300
311 346
311 474
312 258
312 265
312 273
312 300
312 358
312 407
312 473
312 486
313 105
313 266
313 330
313 339
313 376
313 385
313 414
313 453
314 23
314 266
314 309
314 325
314 345
314 401
314 437
314 450
315 67
315 147
315 150
315 160
315 392
315 415
315 429
315 492
316 31
316 92
316 111
316 113
316 264
316 274
316 401
316 419
317 122
317 310
317 318
317 326
317 329
317 342
317 401
317 427
318 107
318 158
318 317
318 326
318 329
318 335
318 417
318 427
319 167
319 168
319 220
319 254
319 302
319 337
319 340
319 463
320 49
320 51
320 322
320 343
320 353
320 362
320 401
320 468
321 186
321 209
321 212
321 227
321 229
321 331
321 410
321 449
322 308
322 320
322 323
322 333
322 343
322 362
322 380
322 453
323 248
323 322
323 337
323 340
323 343
323 362
323 445
323 494
324 49
324 51
324 63
324 190
324 260
324 379
324 427
324 480
325 235
325 309
325 314
325 344
325 345
325 401
325 404
325 489
326 297
326 317
326 318
326 329
326 335
326 342
326 375
326 417
327 11
327 13
327 20
327 191
327 237
327 285
327 398
327 491
328 2
328 39
328 120
328 144
328 151
328 281
328 393
328 443
329 245
329 317
329 318
329 326
329 335
329 342
329 383
329 417
330 226
330 252
330 257
330 313
330 339
330 350
330 385
330 421
331 165
331 170
331 173
331 186
331 202
331 321
331 383
331 494
332 63
332 298
332 354
332 371
332 383
332 394
332 479
332 486
333 243
333 292
333 322
333 344
333 353
333 401
333 471
333 487
334 166
334 207
334 280
334 282
334 341
334 442
334 489
334 490
335 144
335 318
335 326
335 329
335 342
335 399
335 417
335 421
336 176
336 277
336 298
336 303
336 348
336 378
336 456
336 495
337 168
337 302
337 304
337 319
337 323
337 340
337 355
337 413
338 117
338 201
338 226
338 231
338 234
338 235
338 350
338 478
339 197
339 252
339 303
339 313
339 330
339 366
339 385
339 460
340 104
340 168
340 288
340 308
340 319
340 323
340 337
340 399
341 128
341 256
341 275
341 288
341 289
341 334
341 425
341 450
342 317
342 326
342 329
342 335
342 345
342 417
342 421
342 478
343 122
343 225
343 308
343 320
343 322
343 323
343 362
343 401
344 259
344 260
344 297
344 325
344 333
344 401
344 479
344 485
345 237
345 266
345 314
345 325
345 342
345 366
345 478
345 485
346 48
346 159
346 177
346 199
346 296
346 311
346 421
346 429
347 59
347 181
347 207
347 258
347 265
347 281
347 355
347 448
348 109
348 236
348 247
348 303
348 336
348 364
348 378
348 421
349 252
349 354
349 373
349 377
349 398
349 408
349 434
349 439
350 123
350 159
350 257
350 330
350 338
350 376
350 404
350 482
351 288
351 356
351 360
351 363
351 380
351 417
351 421
351 468
352 132
352 224
352 257
352 371
352 389
352 404
352 442
352 488
353 33
353 80
353 320
353 333
353 401
353 480
353 481
353 500
354 85
354 332
354 349
354 371
354 383
354 394
354 414
354 415
355 181
355 210
355 337
355 347
355 383
355 413
355 417
355 463
356 201
356 351
356 360
356 363
356 368
356 380
356 413
356 432
357 69
357 70
357 73
357 74
357 366
357 368
357 390
357 394
358 144
358 258
358 265
358 279
358 296
358 312
358 407
358 432
359 182
359 194
359 251
359 255
359 259
359 263
359 397
359 476
360 158
360 351
360 356
360 363
360 368
360 380
360 390
360 421
361 271
361 373
361 381
361 398
361 403
361 406
361 434
361 437
362 47
362 308
362 320
362 322
362 323
362 343
362 446
362 500
363 184
363 274
363 351
363 356
363 360
363 368
363 380
363 400
363 419
364 112
364 224
364 276
364 303
364 348
364 389
364 396
364 446
364 500
365 78
365 372
365 386
365 387
365 391
365 400
365 405
365 447
365 494
366 199
366 217
366 266
366 339
366 345
366 357
366 385
366 411
366 438
367 38
367 308
367 399
367 425
367 432
367 441
367 442
367 444
367 445
368 300
368 356
368 357
368 360
368 363
368 380
368 400
368 411
368 427
369 375
369 393
369 428
369 447
369 449
369 455
369 466
369 472
369 482
370 7
370 126
370 127
370 129
370 131
370 206
370 464
370 479
370 489
371 68
371 185
371 332
371 352
371 354
371 383
371 394
371 442
371 488
372 52
372 55
372 296
372 365
372 381
372 386
372 387
372 391
372 405
373 265
373 308
373 349
373 361
373 377
373 398
373 403
373 406
373 434
374 5
374 133
374 135
374 136
374 157
374 239
374 451
374 462
374 497
375 171
375 326
375 369
375 393
375 437
375 447
375 449
375 466
375 472
376 6
376 248
376 252
376 257
376 313
376 350
376 404
376 431
376 465
377 349
377 373
377 408
377 439
377 441
377 447
377 452
377 472
377 484
378 34
378 111
378 247
378 303
378 336
378 348
378 395
378 414
378 495
379 49
379 59
379 245
379 260
379 305
379 324
379 463
379 490
379 496
380 322
380 351
380 356
380 360
380 363
380 368
380 400
380 450
380 453
381 60
381 129
381 361
381 372
381 391
381 403
381 405
381 406
381 465
382 85
382 178
382 411
382 432
382 442
382 444
382 445
382 472
382 476
383 64
383 82
383 181
383 329
383 331
383 332
383 354
383 355
383 371
384 42
384 395
384 419
384 423
384 429
384 436
384 438
384 452
384 459
385 53
385 167
385 252
385 313
385 330
385 339
385 366
385 434
385 493
386 365
386 372
386 387
386 400
386 405
386 463
386 490
386 493
386 496
387 147
387 365
387 372
387 386
387 391
387 392
387 400
387 405
387 423
388 255
388 393
388 397
388 409
388 410
388 444
388 446
388 470
388 474
389 133
389 224
389 276
389 352
389 364
389 404
389 406
389 425
389 477
390 15
390 69
390 70
390 75
390 189
390 242
390 357
390 360
390 458
391 12
391 307
391 365
391 372
391 381
391 387
391 403
391 405
391 490
392 165
392 252
392 315
392 387
392 411
392 415
392 423
392 451
392 476
392 497
393 295
393 328
393 369
393 375
393 388
393 446
393 449
393 455
393 472
393 485
394 93
394 159
394 185
394 261
394 281
394 298
394 332
394 354
394 357
394 371
395 378
395 384
395 415
395 433
395 439
395 443
395 459
395 463
395 468
395 480
396 280
396 364
396 412
396 414
396 416
396 470
396 471
396 479
396 488
396 500
397 47
397 359
397 388
397 407
397 409
397 410
397 446
397 449
397 467
397 474
398 190
398 192
398 251
398 327
398 349
398 361
398 373
398 403
398 434
398 493
399 335
399 340
399 367
399 408
399 439
399 441
399 442
399 443
399 445
399 485
400 171
400 363
400 365
400 368
400 380
400 386
400 387
400 407
400 455
400 462
401 17
401 314
401 316
401 317
401 320
401 325
401 333
401 343
401 344
401 353
402 229
402 418
402 424
402 460
402 462
402 481
402 483
402 485
402 493
402 494
403 97
403 133
403 361
403 373
403 381
403 391
403 398
403 406
403 472
403 484
404 17
404 224
404 257
404 307
404 325
404 350
404 352
404 376
404 389
404 413
405 61
405 164
405 306
405 365
405 372
405 381
405 386
405 387
405 391
405 440
406 113
406 361
406 373
406 381
406 389
406 403
406 425
406 469
406 488
406 493
407 194
407 223
407 239
407 279
407 300
407 312
407 358
407 397
407 400
407 476
408 26
408 349
408 377
408 399
408 434
408 439
408 444
408 445
408 457
408 494
409 388
409 397
409 410
409 420
409 446
409 455
409 474
409 490
410 321
410 388
410 397
410 409
410 420
410 446
410 449
410 474
410 483
410 498
411 261
411 285
411 366
411 368
411 382
411 392
411 415
411 442
411 455
411 476
412 168
412 396
412 414
412 420
412 460
412 461
412 470
412 471
412 475
412 479
413 262
413 295
413 337
413 355
413 356
413 404
413 430
413 433
413 443
413 463
413 468
414 241
414 313
414 354
414 378
414 396
414 412
414 420
414 470
414 471
414 475
414 499
415 140
415 147
415 150
415 287
415 315
415 354
415 392
415 395
415 411
415 429
415 476
416 89
416 272
416 396
416 419
416 431
416 451
416 457
416 474
416 475
416 486
416 488
417 238
417 318
417 326
417 329
417 335
417 342
417 351
417 355
417 421
417 480
417 498
418 286
418 402
418 420
418 422
418 440
418 444
418 460
418 462
418 464
418 481
418 493
419 275
419 316
419 363
419 384
419 416
419 428
419 431
419 451
419 457
419 479
419 488
420 185
420 278
420 409
420 410
420 412
420 414
420 418
420 424
420 446
420 471
420 474
421 236
421 330
421 335
421 342
421 346
421 348
421 351
421 360
421 417
421 427
421 430
422 155
422 418
422 424
422 426
422 440
422 464
422 465
422 467
422 472
422 481
422 484
423 384
423 387
423 392
423 432
423 433
423 436
423 438
423 452
423 459
423 473
423 479
424 164
424 255
424 402
424 420
424 422
424 426
424 440
424 460
424 464
424 465
424 481
425 105
425 266
425 289
425 291
425 293
425 299
425 341
425 367
425 389
425 406
425 470
426 12
426 72
426 199
426 422
426 424
426 440
426 458
426 464
426 465
426 467
426 481
427 219
427 262
427 276
427 283
427 310
427 317
427 318
427 324
427 368
427 421
427 485
428 283
428 285
428 369
428 419
428 431
428 438
428 451
428 452
428 457
428 480
428 482
428 488
429 74
429 147
429 150
429 156
429 165
429 169
429 193
429 216
429 315
429 346
429 384
429 415
430 262
430 271
430 283
430 288
430 295
430 310
430 413
430 421
430 443
430 448
430 451
430 463
431 247
431 254
431 301
431 376
431 416
431 419
431 428
431 432
431 451
431 457
431 462
431 480
432 48
432 356
432 358
432 367
432 382
432 423
432 431
432 438
432 452
432 457
432 480
432 485
433 50
433 154
433 268
433 395
433 413
433 423
433 443
433 456
433 463
433 468
433 470
433 487
434 131
434 177
434 215
434 247
434 349
434 361
434 373
434 385
434 398
434 408
434 468
434 493
435 13
435 48
435 95
435 219
435 448
435 454
435 456
435 458
435 461
435 465
435 473
435 478
436 5
436 83
436 152
436 174
436 218
436 384
436 423
436 452
436 459
436 463
436 468
436 480
437 24
437 314
437 361
437 375
437 447
437 448
437 449
437 454
437 455
437 461
437 466
437 500
438 170
438 204
438 366
438 384
438 423
438 428
438 432
438 452
438 459
438 474
438 480
438 483
439 57
439 85
439 252
439 349
439 377
439 395
439 399
439 408
439 441
439 444
439 466
439 493
440 46
440 134
440 405
440 418
440 422
440 424
440 426
440 454
440 458
440 464
440 465
440 467
441 31
441 247
441 367
441 377
441 399
441 439
441 442
441 445
441 464
441 481
442 206
442 289
442 334
442 352
442 367
442 371
442 382
442 399
442 411
442 441
442 444
442 445
443 194
443 214
443 328
443 395
443 399
443 413
443 430
443 433
443 463
443 468
443 480
443 485
444 23
444 233
444 261
444 286
444 367
444 382
444 388
444 408
444 418
444 439
444 442
444 445
445 66
445 213
445 244
445 267
445 323
445 367
445 382
445 399
445 408
445 441
445 442
445 444
446 180
446 225
446 362
446 364
446 388
446 393
446 397
446 409
446 410
446 420
446 474
446 475
446 500
447 291
447 365
447 369
447 375
447 377
447 437
447 449
447 455
447 466
447 472
447 477
447 478
447 494
448 23
448 180
448 347
448 430
448 435
448 437
448 454
448 456
448 460
448 461
448 473
448 478
448 500
449 169
449 321
449 369
449 375
449 393
449 397
449 410
449 437
449 447
449 455
449 466
449 472
449 498
450 314
450 341
450 380
450 453
450 462
450 469
450 477
450 483
450 485
450 487
450 489
450 493
450 497
451 45
451 256
451 257
451 374
451 392
451 416
451 419
451 428
451 430
451 431
451 457
451 479
451 488
452 135
452 235
452 377
452 384
452 423
452 428
452 432
452 436
452 438
452 459
452 461
452 468
452 484
453 313
453 322
453 380
453 450
453 469
453 477
453 483
453 485
453 487
453 489
453 493
453 495
453 497
454 266
454 279
454 306
454 435
454 437
454 440
454 448
454 456
454 461
454 466
454 472
454 473
454 500
455 77
455 297
455 369
455 393
455 400
455 409
455 411
455 437
455 447
455 449
455 466
455 472
455 475
456 162
456 253
456 336
456 433
456 435
456 448
456 454
456 458
456 461
456 470
456 473
456 478
456 500
457 139
457 149
457 408
457 416
457 419
457 428
457 431
457 432
457 451
457 462
457 472
457 480
457 497
458 35
458 99
458 197
458 294
458 390
458 426
458 435
458 440
458 456
458 464
458 465
458 467
458 473
459 39
459 199
459 271
459 272
459 293
459 305
459 384
459 395
459 423
459 436
459 438
459 452
459 488
460 339
460 402
460 412
460 418
460 424
460 448
460 461
460 462
460 472
460 481
460 483
460 485
460 489
460 493
461 15
461 178
461 188
461 412
461 435
461 437
461 448
461 452
461 454
461 456
461 460
461 469
461 473
461 500
462 374
462 400
462 402
462 418
462 431
462 450
462 457
462 460
462 476
462 481
462 483
462 485
462 489
462 493
463 115
463 212
463 319
463 355
463 379
463 386
463 395
463 413
463 430
463 433
463 436
463 443
463 468
463 492
464 14
464 82
464 163
464 204
464 370
464 418
464 422
464 424
464 426
464 440
464 441
464 458
464 465
464 467
465 83
465 89
465 132
465 222
465 376
465 381
465 422
465 424
465 426
465 435
465 440
465 458
465 464
465 467
466 1
466 147
466 302
466 310
466 369
466 375
466 437
466 439
466 447
466 449
466 454
466 455
466 493
466 500
467 127
467 183
467 397
467 422
467 426
467 440
467 458
467 464
467 465
467 476
467 478
467 481
467 490
467 497
468 35
468 104
468 182
468 238
468 320
468 351
468 395
468 413
468 433
468 434
468 436
468 443
468 452
468 463
469 290
469 406
469 450
469 453
469 461
469 477
469 482
469 484
469 487
469 490
469 491
469 492
469 495
469 497
470 156
470 277
470 388
470 396
470 412
470 414
470 425
470 433
470 456
470 471
470 475
470 476
470 479
470 496
471 33
471 77
471 172
471 333
471 396
471 412
471 414
471 420
471 470
471 474
471 475
471 479
471 480
471 498
472 193
472 369
472 375
472 377
472 382
472 393
472 403
472 422
472 447
472 449
472 454
472 455
472 457
472 460
472 500
473 44
473 79
473 88
473 103
473 111
473 312
473 423
473 435
473 448
473 454
473 456
473 458
473 461
473 478
473 500
474 40
474 65
474 117
474 188
474 311
474 388
474 397
474 409
474 410
474 416
474 420
474 438
474 446
474 471
474 483
475 152
475 209
475 270
475 279
475 412
475 414
475 416
475 446
475 455
475 470
475 471
475 479
475 488
475 497
475 500
476 65
476 106
476 174
476 264
476 291
476 359
476 382
476 392
476 407
476 411
476 415
476 462
476 467
476 470
476 489
477 243
477 290
477 389
477 447
477 450
477 453
477 469
477 482
477 484
477 487
477 490
477 491
477 492
477 495
477 497
478 86
478 120
478 233
478 248
478 338
478 342
478 345
478 435
478 447
478 448
478 456
478 467
478 473
478 487
478 497
478 500
479 273
479 332
479 344
479 370
479 396
479 412
479 419
479 423
479 451
479 470
479 471
479 475
479 480
479 483
479 486
479 488
480 63
480 276
480 324
480 353
480 395
480 417
480 428
480 431
480 432
480 436
480 438
480 443
480 457
480 471
480 479
480 498
481 14
481 82
481 95
481 141
481 163
481 353
481 402
481 418
481 422
481 424
481 426
481 441
481 460
481 462
481 467
481 483
482 56
482 285
482 350
482 369
482 428
482 469
482 477
482 484
482 486
482 487
482 490
482 491
482 492
482 494
482 495
482 496
483 188
483 221
483 222
483 402
483 410
483 438
483 450
483 453
483 460
483 462
483 474
483 479
483 481
483 485
483 489
483 493
484 228
484 377
484 403
484 422
484 452
484 469
484 477
484 482
484 486
484 487
484 490
484 491
484 492
484 494
484 495
484 496
485 264
485 344
485 345
485 393
485 399
485 402
485 427
485 432
485 443
485 450
485 453
485 460
485 462
485 483
485 489
485 493
485 497
486 304
486 312
486 332
486 416
486 479
486 482
486 484
486 490
486 491
486 492
486 494
486 496
486 498
486 499
487 67
487 208
487 292
487 333
487 433
487 450
487 453
487 469
487 477
487 478
487 482
487 484
487 489
487 490
487 492
487 495
487 497
488 84
488 137
488 159
488 182
488 187
488 299
488 352
488 371
488 396
488 406
488 416
488 419
488 428
488 451
488 459
488 475
488 479
489 36
489 76
489 84
489 173
489 185
489 221
489 325
489 334
489 370
489 450
489 453
489 460
489 462
489 476
489 483
489 485
489 487
489 493
489 497
490 115
490 201
490 334
490 379
490 386
490 391
490 409
490 467
490 469
490 477
490 482
490 484
490 486
490 487
490 491
490 492
490 494
490 495
490 497
491 190
491 221
491 237
491 243
491 251
491 298
491 327
491 469
491 477
491 482
491 484
491 486
491 490
491 492
491 494
491 495
491 496
491 498
491 499
492 92
492 110
492 122
492 249
492 253
492 315
492 463
492 469
492 477
492 482
492 484
492 486
492 487
492 490
492 491
492 494
492 495
492 496
492 498
493 3
493 156
493 214
493 385
493 386
493 398
493 402
493 406
493 418
493 434
493 439
493 450
493 453
493 460
493 462
493 466
493 483
493 485
493 489
493 497
494 138
494 143
494 323
494 331
494 365
494 402
494 408
494 447
494 482
494 484
494 486
494 490
494 491
494 492
494 496
494 498
494 499
495 22
495 116
495 162
495 166
495 176
495 209
495 263
495 280
495 336
495 378
495 453
495 469
495 477
495 482
495 484
495 487
495 490
495 491
495 492
495 497
496 117
496 186
496 187
496 194
496 213
496 230
496 379
496 386
496 470
496 482
496 484
496 486
496 491
496 492
496 494
496 498
496 499
497 22
497 65
497 183
497 258
497 283
497 374
497 392
497 450
497 453
497 457
497 467
497 469
497 475
497 477
497 478
497 485
497 487
497 489
497 490
497 493
497 495
498 198
498 222
498 294
498 410
498 417
498 449
498 471
498 480
498 486
498 491
498 492
498 494
498 496
498 499
499 24
499 69
499 94
499 240
499 259
499 260
499 414
499 486
499 491
499 494
499 496
499 498
500 26
500 150
500 156
500 223
500 295
500 297
500 353
500 362
500 364
500 396
500 437
500 446
500 448
500 454
500 456
500 461
500 466
500 472
500 473
500 475
500 478
