1 44
2 26
3 6
4 38
5 2
6 39
7 15
8 34
9 19
10 1
11 14
12 14
13 6
14 38
15 16
16 22
17 45
18 30
19 16
20 14
21 19
22 3
23 32
24 6
25 6
26 34
27 41
28 4
29 21
30 25
31 17
32 26
33 44
34 17
35 1
36 4
37 4
38 22
39 23
40 4
41 34
42 15
43 39
44 46
45 46
46 46
47 17
48 33
49 6
50 39
51 24
52 39
53 17
54 15
55 40
56 3
57 27
58 23
59 42
60 2
61 17
62 10
63 43
64 20
65 29
66 31
67 38
68 31
69 2
70 3
71 9
72 19
73 21
74 37
75 1
76 15
77 13
78 32
79 18
80 19
81 15
82 6
83 27
84 20
85 2
86 19
87 30
88 19
89 42
90 29
91 30
92 20
93 17
94 35
95 39
96 10
97 17
98 44
99 32
100 2
101 44
102 20
103 46
104 8
105 32
106 22
107 30
108 25
109 7
110 20
111 12
112 35
113 34
114 42
115 2
116 42
117 10
118 37
119 4
120 19
121 24
122 19
123 2
124 26
125 35
126 34
127 40
128 6
129 41
130 14
131 24
132 23
133 24
134 42
135 17
136 40
137 14
138 31
139 34
140 30
141 43
142 45
143 17
144 35
145 23
146 24
147 23
148 9
149 45
150 14
151 29
152 2
153 45
154 38
155 32
156 14
157 12
158 7
159 9
160 21
161 35
162 17
163 39
164 42
165 42
166 30
167 39
168 24
169 35
170 46
171 41
172 30
173 19
174 17
175 39
176 42
177 39
178 27
179 13
180 40
181 43
182 31
183 18
184 3
185 29
186 34
187 23
188 42
189 46
190 34
191 34
192 1
193 42
194 12
195 38
196 39
197 12
198 7
199 17
200 33
201 17
202 38
203 22
204 28
205 43
206 45
207 16
208 4
209 17
210 19
211 5
212 28
213 40
214 1
215 33
216 18
217 29
218 15
219 37
220 44
221 35
222 25
223 8
224 26
225 4
226 2
227 28
228 29
229 33
230 40
231 36
232 5
233 33
234 39
235 29
236 39
237 15
238 39
239 15
240 42
241 28
242 20
243 7
244 46
245 23
246 30
247 39
248 6
249 2
250 16
251 4
252 4
253 11
254 41
255 20
256 28
257 1
258 5
259 46
260 42
261 41
262 41
263 19
264 19
265 17
266 22
267 23
268 32
269 6
270 2
271 21
272 46
273 34
274 44
275 28
276 27
277 44
278 14
279 34
280 4
281 9
282 23
283 44
284 26
285 8
286 42
287 28
288 17
289 33
290 13
291 33
292 27
293 34
294 26
295 18
296 18
297 39
298 5
299 20
300 27
301 30
302 42
303 44
304 8
305 44
306 3
307 39
308 44
309 34
310 43
311 2
312 45
313 32
314 6
315 6
316 4
317 4
318 11
319 29
320 7
321 24
322 34
323 34
324 39
325 25
326 34
327 26
328 8
329 17
330 36
331 20
332 30
333 31
334 20
335 33
336 35
337 22
338 46
339 44
340 44
341 23
342 44
343 30
344 25
345 39
346 5
347 23
348 42
349 27
350 13
351 37
352 32
353 40
354 2
355 25
356 42
357 30
358 39
359 23
360 29
361 6
362 32
363 22
364 17
365 18
366 5
367 42
368 39
369 46
370 26
371 32
372 45
373 12
374 2
375 46
376 28
377 37
378 43
379 17
380 24
381 19
382 35
383 30
384 23
385 11
386 42
387 4
388 8
389 40
390 19
391 4
392 22
393 24
394 36
395 16
396 21
397 37
398 30
399 23
400 28
401 11
402 44
403 29
404 46
405 26
406 30
407 46
408 39
409 13
410 11
411 10
412 33
413 11
414 8
415 2
416 34
417 17
418 8
419 11
420 13
421 44
422 30
423 45
424 6
425 44
426 37
427 20
428 41
429 4
430 3
431 13
432 34
433 30
434 34
435 10
436 44
437 6
438 23
439 27
440 7
441 27
442 2
443 42
444 42
445 36
446 23
447 34
448 36
449 1
450 42
451 23
452 37
453 44
454 15
455 5
456 9
457 23
458 40
459 28
460 42
461 35
462 43
463 38
464 29
465 34
466 39
467 3
468 22
469 24
470 16
471 2
472 5
473 11
474 29
475 7
476 34
477 35
478 27
479 29
480 39
481 34
482 46
483 32
484 22
485 36
486 33
487 13
488 6
489 28
490 7
491 2
492 28
493 4
494 7
495 33
496 36
497 23
498 27
499 42
500 33
