1 71
1 245
1 416
1 444
1 483
2 57
2 102
2 207
2 329
2 467
3 12
3 18
3 160
3 217
3 303
4 183
4 231
4 284
4 376
4 402
5 149
5 217
5 423
5 493
5 497
6 156
6 176
6 209
6 463
6 474
7 150
7 242
7 333
7 469
7 486
8 268
8 367
8 431
8 453
8 489
9 166
9 250
9 273
9 295
9 433
10 78
10 328
10 389
10 441
10 455
11 106
11 256
11 350
11 456
11 461
12 3
12 19
12 334
12 456
12 496
13 255
13 259
13 369
13 436
13 478
14 33
14 76
14 390
14 424
14 478
15 48
15 101
15 161
15 280
15 335
16 42
16 144
16 166
16 267
16 276
17 25
17 53
17 301
17 476
17 495
18 3
18 270
18 286
18 331
18 473
19 12
19 65
19 451
19 462
19 497
20 230
20 265
20 310
20 421
20 462
21 24
21 25
21 188
21 498
21 499
22 51
22 205
22 249
22 304
22 478
23 32
23 38
23 202
23 421
23 448
24 21
24 78
24 165
24 375
24 427
25 17
25 21
25 145
25 337
25 448
26 114
26 295
26 401
26 402
26 469
27 181
27 248
27 329
27 487
27 494
28 177
28 277
28 461
28 471
28 479
29 184
29 392
29 481
29 487
29 488
30 238
30 269
30 377
30 382
30 494
31 177
31 254
31 320
31 448
31 470
32 23
32 131
32 367
32 405
32 476
33 14
33 42
33 278
33 340
33 448
34 245
34 388
34 419
34 489
34 498
35 41
35 102
35 291
35 349
35 427
36 50
36 204
36 229
36 273
36 499
37 84
37 129
37 177
37 276
37 425
38 23
38 95
38 444
38 455
38 499
39 51
39 315
39 331
39 457
39 499
40 65
40 111
40 188
40 284
40 459
41 35
41 131
41 142
41 386
41 421
42 16
42 33
42 239
42 335
42 463
43 261
43 301
43 466
43 477
43 480
44 57
44 61
44 191
44 349
44 472
45 315
45 384
45 432
45 469
45 474
46 124
46 288
46 300
46 339
46 467
47 111
47 329
47 420
47 452
47 490
48 15
48 304
48 436
48 486
48 488
49 184
49 194
49 216
49 350
49 425
50 36
50 201
50 298
50 343
50 381
51 22
51 39
51 232
51 247
51 480
52 84
52 313
52 318
52 404
52 444
53 17
53 304
53 448
53 471
53 483
54 135
54 305
54 338
54 431
54 494
55 119
55 288
55 363
55 402
55 429
56 209
56 265
56 461
56 493
56 495
57 2
57 44
57 81
57 437
57 490
58 65
58 82
58 215
58 447
58 484
59 62
59 274
59 450
59 465
59 497
60 71
60 169
60 280
60 498
60 500
61 44
61 355
61 377
61 427
61 496
62 59
62 176
62 415
62 438
62 441
63 191
63 222
63 455
63 485
63 490
64 425
64 460
64 471
64 487
64 500
65 19
65 40
65 58
65 436
65 475
66 230
66 297
66 307
66 430
66 434
67 167
67 411
67 487
67 493
67 496
68 132
68 146
68 414
68 430
68 475
69 85
69 213
69 329
69 493
69 495
70 90
70 403
70 414
70 423
70 458
71 1
71 60
71 453
71 483
71 485
72 241
72 335
72 420
72 439
72 487
73 150
73 178
73 181
73 365
73 375
74 333
74 366
74 389
74 437
74 469
75 184
75 221
75 403
75 470
75 491
76 14
76 155
76 355
76 469
76 500
77 98
77 140
77 158
77 283
77 310
78 10
78 24
78 380
78 480
78 489
79 250
79 352
79 400
79 449
79 450
80 206
80 228
80 366
80 479
80 483
81 57
81 273
81 345
81 430
81 453
82 58
82 191
82 425
82 487
82 491
83 91
83 238
83 289
83 346
83 359
84 37
84 52
84 401
84 485
84 494
85 69
85 235
85 357
85 465
85 473
86 121
86 185
86 237
86 306
86 313
87 294
87 317
87 351
87 458
87 500
88 93
88 196
88 318
88 416
88 428
89 117
89 246
89 341
89 354
89 423
90 70
90 163
90 376
90 443
90 463
91 83
91 216
91 388
91 452
91 495
92 158
92 161
92 333
92 360
92 480
93 88
93 165
93 334
93 420
93 434
94 182
94 330
94 393
94 463
94 477
95 38
95 164
95 312
95 444
95 459
96 191
96 343
96 344
96 398
96 411
97 111
97 407
97 441
97 444
97 459
98 77
98 102
98 426
98 446
98 471
99 230
99 317
99 360
99 438
99 474
100 266
100 430
100 454
100 465
100 476
101 15
101 286
101 347
101 369
101 496
102 2
102 35
102 98
102 426
102 444
103 209
103 214
103 370
103 413
103 496
104 178
104 207
104 209
104 373
104 422
105 269
105 356
105 449
105 472
105 494
106 11
106 109
106 275
106 324
106 492
107 387
107 409
107 412
107 421
107 473
108 202
108 328
108 351
108 410
108 431
109 106
109 244
109 370
109 392
109 493
110 315
110 396
110 406
110 442
110 465
111 40
111 47
111 97
111 385
111 479
112 354
112 445
112 460
112 478
112 493
113 123
113 314
113 374
113 398
113 410
114 26
114 155
114 262
114 290
114 488
115 189
115 262
115 289
115 439
115 484
116 249
116 405
116 437
116 473
116 475
117 89
117 118
117 213
117 242
117 472
118 117
118 438
118 470
118 478
118 493
119 55
119 372
119 386
119 390
119 492
120 174
120 393
120 424
120 428
120 491
121 86
121 219
121 227
121 328
121 436
122 224
122 231
122 293
122 393
122 473
123 113
123 241
123 471
123 490
123 493
124 46
124 340
124 420
124 427
124 438
125 192
125 230
125 373
125 435
125 452
126 359
126 445
126 452
126 482
126 484
127 172
127 240
127 382
127 401
127 465
128 146
128 261
128 373
128 456
128 471
129 37
129 159
129 179
129 384
129 497
130 146
130 435
130 467
130 468
130 487
131 32
131 41
131 424
131 430
131 473
132 68
132 256
132 372
132 420
132 486
133 340
133 374
133 399
133 493
133 499
134 157
134 234
134 283
134 424
134 454
135 54
135 200
135 303
135 467
135 498
136 157
136 375
136 391
136 460
136 494
137 231
137 247
137 321
137 448
137 494
138 206
138 221
138 252
138 305
138 489
139 171
139 272
139 273
139 357
139 498
140 77
140 174
140 223
140 275
140 278
141 156
141 364
141 434
141 476
141 487
142 41
142 300
142 451
142 458
142 477
143 174
143 331
143 445
143 478
143 480
144 16
144 345
144 432
144 441
144 457
145 25
145 256
145 324
145 474
145 486
146 68
146 128
146 130
146 414
146 472
147 164
147 167
147 229
147 410
147 421
148 246
148 255
148 403
148 408
148 448
149 5
149 414
149 416
149 417
149 468
150 7
150 73
150 378
150 426
150 472
151 275
151 314
151 325
151 434
151 440
152 168
152 304
152 340
152 386
152 433
153 277
153 357
153 373
153 403
153 464
154 197
154 220
154 353
154 416
154 497
155 76
155 114
155 293
155 439
155 468
156 6
156 141
156 292
156 356
156 379
156 408
157 134
157 136
157 169
157 378
157 411
157 441
158 77
158 92
158 238
158 251
158 440
158 463
159 129
159 190
159 293
159 406
159 468
159 491
160 3
160 270
160 305
160 372
160 419
160 458
161 15
161 92
161 348
161 367
161 399
161 460
162 176
162 203
162 319
162 330
162 348
162 411
163 90
163 233
163 290
163 326
163 450
163 451
164 95
164 147
164 248
164 310
164 431
164 497
165 24
165 93
165 368
165 418
165 425
165 467
166 9
166 16
166 227
166 298
166 369
166 433
167 67
167 147
167 394
167 409
167 421
167 436
168 152
168 353
168 376
168 398
168 415
168 469
169 60
169 157
169 182
169 302
169 456
169 471
170 306
170 317
170 330
170 390
170 423
170 462
171 139
171 273
171 363
171 456
171 487
171 493
172 127
172 210
172 212
172 267
172 415
172 445
173 259
173 279
173 415
173 449
173 458
173 493
174 120
174 140
174 143
174 203
174 412
174 452
175 233
175 336
175 462
175 471
175 490
175 491
176 6
176 62
176 162
176 194
176 323
176 465
177 28
177 31
177 37
177 396
177 425
177 431
178 73
178 104
178 269
178 284
178 408
178 419
179 129
179 277
179 352
179 416
179 467
179 477
180 261
180 365
180 379
180 473
180 490
180 496
181 27
181 73
181 344
181 390
181 426
181 481
182 94
182 169
182 297
182 301
182 306
182 489
183 4
183 422
183 430
183 463
183 480
183 484
184 29
184 49
184 75
184 221
184 327
184 444
185 86
185 259
185 344
185 410
185 476
185 485
186 322
186 333
186 441
186 454
186 485
186 492
187 354
187 405
187 466
187 488
187 494
187 500
188 21
188 40
188 193
188 218
188 478
188 496
189 115
189 211
189 257
189 268
189 421
189 498
190 159
190 263
190 328
190 454
190 476
190 494
191 44
191 63
191 82
191 96
191 377
191 452
192 125
192 278
192 378
192 414
192 477
192 499
193 188
193 247
193 255
193 300
193 385
193 461
194 49
194 176
194 221
194 341
194 349
194 358
195 276
195 297
195 302
195 315
195 443
195 492
196 88
196 299
196 314
196 364
196 368
196 489
197 154
197 324
197 332
197 338
197 398
197 414
198 243
198 275
198 323
198 374
198 382
198 462
199 249
199 291
199 345
199 384
199 482
199 499
200 135
200 352
200 356
200 456
200 460
200 466
201 50
201 337
201 406
201 453
201 489
201 491
202 23
202 108
202 298
202 375
202 424
202 454
203 162
203 174
203 351
203 417
203 492
203 495
204 36
204 208
204 270
204 343
204 476
204 492
205 22
205 388
205 416
205 426
205 451
205 481
206 80
206 138
206 313
206 436
206 445
206 466
207 2
207 104
207 360
207 379
207 461
207 484
208 204
208 336
208 348
208 457
208 471
208 483
209 6
209 56
209 103
209 104
209 281
209 285
210 172
210 266
210 375
210 435
210 485
210 497
211 189
211 241
211 267
211 351
211 429
211 473
212 172
212 315
212 325
212 368
212 415
212 443
213 69
213 117
213 373
213 434
213 446
213 449
214 103
214 295
214 319
214 323
214 394
214 456
215 58
215 365
215 398
215 419
215 474
215 479
216 49
216 91
216 378
216 408
216 486
216 500
217 3
217 5
217 349
217 404
217 439
217 478
218 188
218 226
218 258
218 417
218 439
218 495
219 121
219 228
219 343
219 353
219 431
219 442
220 154
220 222
220 324
220 339
220 410
220 481
221 75
221 138
221 184
221 194
221 282
221 317
222 63
222 220
222 229
222 250
222 348
222 399
223 140
223 271
223 338
223 353
223 413
223 486
224 122
224 226
224 380
224 440
224 457
224 461
225 285
225 325
225 425
225 446
225 493
225 495
226 218
226 224
226 313
226 407
226 479
226 483
227 121
227 166
227 231
227 254
227 370
227 405
228 80
228 219
228 402
228 433
228 442
228 480
229 36
229 147
229 222
229 309
229 332
229 453
230 20
230 66
230 99
230 125
230 320
230 483
231 4
231 122
231 137
231 227
231 242
231 419
232 51
232 236
232 248
232 275
232 364
232 404
233 163
233 175
233 285
233 333
233 490
233 492
234 134
234 256
234 297
234 371
234 474
234 500
235 85
235 387
235 399
235 409
235 469
235 473
236 232
236 313
236 428
236 451
236 488
236 489
237 86
237 291
237 324
237 452
237 455
237 457
238 30
238 83
238 158
238 268
238 374
238 406
239 42
239 326
239 348
239 400
239 405
239 439
240 127
240 263
240 347
240 380
240 403
240 454
241 72
241 123
241 211
241 281
241 361
241 427
242 7
242 117
242 231
242 263
242 285
242 468
243 198
243 253
243 296
243 305
243 466
243 488
244 109
244 249
244 260
244 395
244 490
244 497
245 1
245 34
245 267
245 375
245 438
245 482
246 89
246 148
246 434
246 464
246 484
246 498
247 51
247 137
247 193
247 343
247 355
247 408
248 27
248 164
248 232
248 328
248 339
248 456
249 22
249 116
249 199
249 244
249 326
249 400
250 9
250 79
250 222
250 286
250 291
250 422
251 158
251 270
251 303
251 415
251 440
251 460
252 138
252 329
252 336
252 411
252 428
252 498
253 243
253 269
253 312
253 387
253 467
253 499
254 31
254 227
254 273
254 437
254 473
254 491
255 13
255 148
255 193
255 459
255 480
255 499
256 11
256 132
256 145
256 234
256 433
256 457
257 189
257 279
257 289
257 338
257 459
257 492
258 218
258 270
258 289
258 345
258 455
258 478
259 13
259 173
259 185
259 374
259 450
259 498
260 244
260 264
260 366
260 394
260 421
260 480
261 43
261 128
261 180
261 271
261 376
261 438
261 499
262 114
262 115
262 282
262 283
262 317
262 399
262 490
263 190
263 240
263 242
263 267
263 310
263 430
263 457
264 260
264 377
264 381
264 406
264 440
264 484
264 490
265 20
265 56
265 334
265 400
265 401
265 418
265 486
266 100
266 210
266 294
266 417
266 457
266 475
266 484
267 16
267 172
267 211
267 245
267 263
267 427
267 466
268 8
268 189
268 238
268 299
268 358
268 406
268 473
269 30
269 105
269 178
269 253
269 390
269 470
269 494
270 18
270 160
270 204
270 251
270 258
270 365
270 498
271 223
271 261
271 295
271 371
271 391
271 450
271 452
272 139
272 344
272 345
272 371
272 383
272 384
272 432
273 9
273 36
273 81
273 139
273 171
273 254
273 424
274 59
274 292
274 355
274 412
274 428
274 482
274 483
275 106
275 140
275 151
275 198
275 232
275 409
275 453
276 16
276 37
276 195
276 291
276 404
276 446
276 486
277 28
277 153
277 179
277 353
277 377
277 449
277 467
278 33
278 140
278 192
278 395
278 450
278 488
278 491
279 173
279 257
279 343
279 395
279 403
279 404
279 475
280 15
280 60
280 288
280 312
280 334
280 418
280 500
281 209
281 241
281 305
281 316
281 352
281 437
281 500
282 221
282 262
282 354
282 442
282 485
282 491
282 495
283 77
283 134
283 262
283 350
283 454
283 458
283 480
284 4
284 40
284 178
284 331
284 465
284 494
284 496
285 209
285 225
285 233
285 242
285 311
285 459
285 496
286 18
286 101
286 250
286 297
286 392
286 454
286 481
287 369
287 371
287 391
287 422
287 428
287 458
287 493
288 46
288 55
288 280
288 339
288 451
288 463
288 476
289 83
289 115
289 257
289 258
289 291
289 452
289 459
290 114
290 163
290 324
290 368
290 428
290 438
290 490
291 35
291 199
291 237
291 250
291 276
291 289
291 327
292 156
292 274
292 293
292 370
292 388
292 474
292 495
293 122
293 155
293 159
293 292
293 397
293 413
293 464
294 87
294 266
294 326
294 364
294 395
294 414
294 494
295 9
295 26
295 214
295 271
295 320
295 376
295 438
296 243
296 367
296 374
296 389
296 455
296 457
296 476
297 66
297 182
297 195
297 234
297 286
297 401
297 470
298 50
298 166
298 202
298 300
298 368
298 451
298 485
299 196
299 268
299 361
299 389
299 453
299 462
299 497
300 46
300 142
300 193
300 298
300 364
300 434
300 444
301 17
301 43
301 182
301 380
301 416
301 422
301 477
302 169
302 195
302 309
302 411
302 426
302 461
302 465
303 3
303 135
303 251
303 330
303 431
303 433
303 440
304 22
304 48
304 53
304 152
304 311
304 436
304 483
305 54
305 138
305 160
305 243
305 281
305 413
305 479
306 86
306 170
306 182
306 313
306 407
306 498
306 500
307 66
307 308
307 316
307 387
307 397
307 446
307 476
308 307
308 346
308 393
308 409
308 480
308 488
308 492
309 229
309 302
309 379
309 390
309 397
309 419
309 453
310 20
310 77
310 164
310 263
310 433
310 435
310 461
311 285
311 304
311 381
311 429
311 435
311 436
311 484
312 95
312 253
312 280
312 332
312 445
312 467
312 499
313 52
313 86
313 206
313 226
313 236
313 306
313 465
314 113
314 151
314 196
314 371
314 460
314 476
314 483
315 39
315 45
315 110
315 195
315 212
315 337
315 402
316 281
316 307
316 319
316 360
316 422
316 479
316 496
317 87
317 99
317 170
317 221
317 262
317 429
317 486
318 52
318 88
318 348
318 401
318 478
318 481
318 500
319 162
319 214
319 316
319 327
319 426
319 430
319 498
320 31
320 230
320 295
320 357
320 358
320 402
320 465
321 137
321 335
321 435
321 453
321 458
321 472
321 497
322 186
322 332
322 397
322 405
322 420
322 464
322 495
323 176
323 198
323 214
323 335
323 367
323 371
323 486
324 106
324 145
324 197
324 220
324 237
324 290
324 481
325 151
325 212
325 225
325 397
325 452
325 484
325 496
326 163
326 239
326 249
326 294
326 457
326 471
326 474
327 184
327 291
327 319
327 358
327 437
327 439
327 486
328 10
328 108
328 121
328 190
328 248
328 337
328 377
328 489
329 2
329 27
329 47
329 69
329 252
329 345
329 376
329 463
330 94
330 162
330 170
330 303
330 344
330 396
330 491
330 493
331 18
331 39
331 143
331 284
331 332
331 341
331 372
331 438
332 197
332 229
332 312
332 322
332 331
332 354
332 429
332 456
333 7
333 74
333 92
333 186
333 233
333 366
333 395
333 472
334 12
334 93
334 265
334 280
334 382
334 400
334 471
334 473
335 15
335 42
335 72
335 321
335 323
335 419
335 450
335 451
336 175
336 208
336 252
336 341
336 373
336 423
336 441
336 474
337 25
337 201
337 315
337 328
337 385
337 443
337 466
337 473
338 54
338 197
338 223
338 257
338 398
338 412
338 443
338 457
339 46
339 220
339 248
339 288
339 440
339 463
339 481
339 498
340 33
340 124
340 133
340 152
340 415
340 420
340 471
340 496
341 89
341 194
341 331
341 336
341 413
341 447
341 456
341 499
342 344
342 387
342 402
342 411
342 450
342 466
342 482
342 498
343 50
343 96
343 204
343 219
343 247
343 279
343 387
343 439
344 96
344 181
344 185
344 272
344 330
344 342
344 393
344 448
345 81
345 144
345 199
345 258
345 272
345 329
345 446
345 498
346 83
346 308
346 394
346 413
346 456
346 465
346 486
346 489
347 101
347 240
347 354
347 392
347 397
347 407
347 412
347 451
348 161
348 162
348 208
348 222
348 239
348 318
348 416
348 494
349 35
349 44
349 194
349 217
349 354
349 363
349 468
349 469
350 11
350 49
350 283
350 353
350 393
350 404
350 458
350 497
351 87
351 108
351 203
351 211
351 404
351 482
351 495
351 496
352 79
352 179
352 200
352 281
352 373
352 416
352 426
352 472
353 154
353 168
353 219
353 223
353 277
353 350
353 442
353 464
354 89
354 112
354 187
354 282
354 332
354 347
354 349
354 460
355 61
355 76
355 247
355 274
355 446
355 489
355 491
355 494
356 105
356 156
356 200
356 390
356 417
356 422
356 461
356 464
357 85
357 139
357 153
357 320
357 362
357 409
357 433
357 463
358 194
358 268
358 320
358 327
358 418
358 462
358 477
358 494
359 83
359 126
359 378
359 391
359 403
359 428
359 463
359 499
360 92
360 99
360 207
360 316
360 370
360 432
360 462
360 474
361 241
361 299
361 362
361 378
361 438
361 454
361 489
361 494
362 357
362 361
362 380
362 383
362 432
362 485
362 487
362 494
363 55
363 171
363 349
363 396
363 408
363 435
363 436
363 494
364 141
364 196
364 232
364 294
364 300
364 376
364 396
364 437
365 73
365 180
365 215
365 270
365 395
365 420
365 455
365 475
366 74
366 80
366 260
366 333
366 388
366 440
366 457
366 489
367 8
367 32
367 161
367 296
367 323
367 427
367 448
367 454
367 482
368 165
368 196
368 212
368 290
368 298
368 385
368 481
368 482
369 13
369 101
369 166
369 287
369 431
369 443
369 467
369 482
370 103
370 109
370 227
370 292
370 360
370 450
370 453
370 465
370 493
371 234
371 271
371 272
371 287
371 314
371 323
371 378
371 466
371 499
372 119
372 132
372 160
372 331
372 417
372 458
372 478
372 496
372 497
373 104
373 125
373 128
373 153
373 213
373 336
373 352
373 404
373 486
374 113
374 133
374 198
374 238
374 259
374 296
374 397
374 407
374 482
375 24
375 73
375 136
375 202
375 210
375 245
375 381
375 417
375 433
376 4
376 90
376 168
376 261
376 295
376 329
376 364
376 438
376 488
377 30
377 61
377 191
377 264
377 277
377 328
377 419
377 474
377 496
378 150
378 157
378 192
378 216
378 359
378 361
378 371
378 469
378 495
379 156
379 180
379 207
379 309
379 406
379 441
379 450
379 461
379 479
380 78
380 224
380 240
380 301
380 362
380 415
380 420
380 475
380 498
381 50
381 264
381 311
381 375
381 403
381 421
381 427
381 431
381 443
381 492
382 30
382 127
382 198
382 334
382 386
382 391
382 440
382 442
382 446
383 272
383 362
383 391
383 397
383 411
383 432
383 464
383 468
383 479
384 45
384 129
384 199
384 272
384 434
384 438
384 468
384 483
384 485
385 111
385 193
385 337
385 368
385 390
385 437
385 468
385 479
385 494
386 41
386 119
386 152
386 382
386 387
386 479
386 497
386 498
386 499
387 107
387 235
387 253
387 307
387 342
387 343
387 386
387 486
387 490
388 34
388 91
388 205
388 292
388 366
388 423
388 462
388 463
388 483
389 10
389 74
389 296
389 299
389 445
389 456
389 475
389 488
389 492
390 14
390 119
390 170
390 181
390 269
390 309
390 356
390 385
390 492
391 136
391 271
391 287
391 359
391 382
391 383
391 400
391 448
391 461
392 29
392 109
392 286
392 347
392 396
392 426
392 482
392 483
392 498
393 94
393 120
393 122
393 308
393 344
393 350
393 409
393 472
393 480
394 167
394 214
394 260
394 346
394 422
394 450
394 467
394 471
394 477
395 244
395 278
395 279
395 294
395 333
395 365
395 464
395 470
395 481
396 110
396 177
396 330
396 363
396 364
396 392
396 417
396 429
396 450
397 293
397 307
397 309
397 322
397 325
397 347
397 374
397 383
397 437
398 96
398 113
398 168
398 197
398 215
398 338
398 472
398 488
398 497
399 133
399 161
399 222
399 235
399 262
399 434
399 445
399 474
399 480
400 79
400 239
400 249
400 265
400 334
400 391
400 412
400 418
400 461
400 486
401 26
401 84
401 127
401 265
401 297
401 318
401 461
401 470
401 471
401 487
402 4
402 26
402 55
402 228
402 315
402 320
402 342
402 418
402 455
402 475
403 70
403 75
403 148
403 153
403 240
403 279
403 359
403 381
403 482
403 500
404 52
404 217
404 232
404 276
404 279
404 350
404 351
404 373
404 454
404 475
405 32
405 116
405 187
405 227
405 239
405 322
405 408
405 409
405 479
405 497
406 110
406 159
406 201
406 238
406 264
406 268
406 379
406 435
406 467
406 486
407 97
407 226
407 306
407 347
407 374
407 456
407 479
407 481
407 491
407 495
408 148
408 156
408 178
408 216
408 247
408 363
408 405
408 455
408 482
408 499
409 107
409 167
409 235
409 275
409 308
409 357
409 393
409 405
409 433
409 468
410 108
410 113
410 147
410 185
410 220
410 442
410 445
410 470
410 475
410 495
411 67
411 96
411 157
411 162
411 252
411 302
411 342
411 383
411 422
411 436
412 107
412 174
412 274
412 338
412 347
412 400
412 425
412 449
412 468
412 484
413 103
413 223
413 293
413 305
413 341
413 346
413 436
413 454
413 471
413 477
414 68
414 70
414 146
414 149
414 192
414 197
414 294
414 431
414 432
414 459
415 62
415 168
415 172
415 173
415 212
415 251
415 340
415 380
415 425
415 455
416 1
416 88
416 149
416 154
416 179
416 205
416 301
416 348
416 352
416 487
416 490
417 149
417 203
417 218
417 266
417 356
417 372
417 375
417 396
417 420
417 470
417 481
418 165
418 265
418 280
418 358
418 400
418 402
418 441
418 447
418 457
418 470
418 478
419 34
419 160
419 178
419 215
419 231
419 309
419 335
419 377
419 429
419 442
419 477
419 489
420 47
420 72
420 93
420 124
420 132
420 322
420 340
420 365
420 380
420 417
420 445
420 491
421 20
421 23
421 41
421 107
421 147
421 167
421 189
421 260
421 381
421 426
421 467
422 104
422 183
422 250
422 287
422 301
422 316
422 356
422 394
422 411
422 470
422 484
423 5
423 70
423 89
423 170
423 336
423 388
423 429
423 441
423 472
423 483
423 500
424 14
424 120
424 131
424 134
424 202
424 273
424 430
424 433
424 440
424 455
424 472
425 37
425 49
425 64
425 82
425 165
425 177
425 225
425 412
425 415
425 435
425 449
426 98
426 102
426 150
426 181
426 205
426 302
426 319
426 352
426 392
426 421
426 466
427 24
427 35
427 61
427 124
427 241
427 267
427 367
427 381
427 459
427 465
427 470
428 88
428 120
428 236
428 252
428 274
428 287
428 290
428 359
428 468
428 488
428 495
429 55
429 211
429 311
429 317
429 332
429 396
429 419
429 423
429 451
429 465
429 485
430 66
430 68
430 81
430 100
430 131
430 183
430 263
430 319
430 424
430 477
430 479
431 8
431 54
431 108
431 164
431 177
431 219
431 303
431 369
431 381
431 414
431 491
432 45
432 144
432 272
432 360
432 362
432 383
432 414
432 462
432 463
432 479
432 480
433 9
433 152
433 166
433 228
433 256
433 303
433 310
433 357
433 375
433 409
433 424
434 66
434 93
434 141
434 151
434 213
434 246
434 300
434 384
434 399
434 488
434 497
435 125
435 130
435 210
435 310
435 311
435 321
435 363
435 406
435 425
435 437
435 484
436 13
436 48
436 65
436 121
436 167
436 206
436 304
436 311
436 363
436 411
436 413
436 445
437 57
437 74
437 116
437 254
437 281
437 327
437 364
437 385
437 397
437 435
437 444
437 460
438 62
438 99
438 118
438 124
438 245
438 261
438 290
438 295
438 331
438 361
438 376
438 384
439 72
439 115
439 155
439 217
439 218
439 239
439 327
439 343
439 446
439 448
439 467
439 474
439 485
440 151
440 158
440 224
440 251
440 264
440 303
440 339
440 366
440 382
440 424
440 447
440 475
441 10
441 62
441 97
441 144
441 157
441 186
441 336
441 379
441 418
441 423
441 444
441 499
442 110
442 219
442 228
442 282
442 353
442 382
442 410
442 419
442 447
442 452
442 453
442 496
443 90
443 195
443 212
443 337
443 338
443 369
443 381
443 445
443 447
443 451
443 462
443 481
444 1
444 38
444 52
444 95
444 97
444 102
444 184
444 300
444 437
444 441
444 447
444 468
445 112
445 126
445 143
445 172
445 206
445 312
445 389
445 399
445 410
445 420
445 436
445 443
446 98
446 213
446 225
446 276
446 307
446 345
446 355
446 382
446 439
446 459
446 497
446 500
447 58
447 341
447 418
447 440
447 442
447 443
447 444
447 464
447 466
447 474
447 497
447 500
448 23
448 25
448 31
448 33
448 53
448 137
448 148
448 344
448 367
448 391
448 439
448 458
449 79
449 105
449 173
449 213
449 277
449 412
449 425
449 459
449 460
449 464
449 470
449 472
450 59
450 79
450 163
450 259
450 271
450 278
450 335
450 342
450 370
450 379
450 394
450 396
450 477
451 19
451 142
451 163
451 205
451 236
451 288
451 298
451 335
451 347
451 429
451 443
451 457
451 470
452 47
452 91
452 125
452 126
452 174
452 191
452 237
452 271
452 289
452 325
452 442
452 485
452 486
453 8
453 71
453 81
453 201
453 229
453 275
453 299
453 309
453 321
453 370
453 442
453 476
453 483
454 100
454 134
454 186
454 190
454 202
454 240
454 283
454 286
454 361
454 367
454 404
454 413
454 491
455 10
455 38
455 63
455 237
455 258
455 296
455 365
455 402
455 408
455 415
455 424
455 466
455 469
455 493
456 11
456 12
456 128
456 169
456 171
456 200
456 214
456 248
456 332
456 341
456 346
456 389
456 407
456 458
457 39
457 144
457 208
457 224
457 237
457 256
457 263
457 266
457 296
457 326
457 338
457 366
457 418
457 451
458 70
458 87
458 142
458 160
458 173
458 283
458 287
458 321
458 350
458 372
458 448
458 456
458 459
458 462
458 478
459 40
459 95
459 97
459 255
459 257
459 285
459 289
459 414
459 427
459 446
459 449
459 458
459 474
459 484
460 64
460 112
460 136
460 161
460 200
460 251
460 314
460 354
460 437
460 449
460 476
460 493
460 498
460 500
461 11
461 28
461 56
461 193
461 207
461 224
461 302
461 310
461 356
461 379
461 391
461 400
461 401
461 466
462 19
462 20
462 170
462 175
462 198
462 299
462 358
462 360
462 388
462 432
462 443
462 458
462 481
462 497
463 6
463 42
463 90
463 94
463 158
463 183
463 288
463 329
463 339
463 357
463 359
463 388
463 432
463 492
464 153
464 246
464 293
464 322
464 353
464 356
464 383
464 395
464 447
464 449
464 466
464 475
464 484
464 485
464 487
465 59
465 85
465 100
465 110
465 127
465 176
465 284
465 302
465 313
465 320
465 346
465 370
465 427
465 429
465 480
466 43
466 187
466 200
466 206
466 243
466 267
466 337
466 342
466 371
466 426
466 447
466 455
466 461
466 464
466 482
467 2
467 46
467 130
467 135
467 165
467 179
467 253
467 277
467 312
467 369
467 394
467 406
467 421
467 439
467 490
468 130
468 149
468 155
468 159
468 242
468 349
468 383
468 384
468 385
468 409
468 412
468 428
468 444
468 477
468 491
469 7
469 26
469 45
469 74
469 76
469 168
469 235
469 349
469 378
469 455
469 473
469 478
469 490
469 491
469 494
470 31
470 75
470 118
470 269
470 297
470 395
470 401
470 410
470 417
470 418
470 422
470 427
470 449
470 451
470 476
471 28
471 53
471 64
471 98
471 123
471 128
471 169
471 175
471 208
471 326
471 334
471 340
471 394
471 401
471 413
472 44
472 105
472 117
472 146
472 150
472 321
472 333
472 352
472 393
472 398
472 423
472 424
472 449
472 475
472 476
472 478
473 18
473 85
473 107
473 116
473 122
473 131
473 180
473 211
473 235
473 254
473 268
473 334
473 337
473 469
473 478
473 489
474 6
474 45
474 99
474 145
474 215
474 234
474 292
474 326
474 336
474 360
474 377
474 399
474 439
474 447
474 459
474 488
475 65
475 68
475 116
475 266
475 279
475 365
475 380
475 389
475 402
475 404
475 410
475 440
475 464
475 472
475 492
475 496
476 17
476 32
476 100
476 141
476 185
476 190
476 204
476 288
476 296
476 307
476 314
476 453
476 460
476 470
476 472
476 481
477 43
477 94
477 142
477 179
477 192
477 301
477 358
477 394
477 413
477 419
477 430
477 450
477 468
477 488
477 490
477 492
478 13
478 14
478 22
478 112
478 118
478 143
478 188
478 217
478 258
478 318
478 372
478 418
478 458
478 469
478 472
478 473
479 28
479 80
479 111
479 215
479 226
479 305
479 316
479 379
479 383
479 385
479 386
479 405
479 407
479 430
479 432
479 489
480 43
480 51
480 78
480 92
480 143
480 183
480 228
480 255
480 260
480 283
480 308
480 393
480 399
480 432
480 465
480 499
481 29
481 181
481 205
481 220
481 286
481 318
481 324
481 339
481 368
481 395
481 407
481 417
481 443
481 462
481 476
481 490
482 126
482 199
482 245
482 274
482 342
482 351
482 367
482 368
482 369
482 374
482 392
482 403
482 408
482 466
482 487
482 488
482 499
483 1
483 53
483 71
483 80
483 208
483 226
483 230
483 274
483 304
483 314
483 384
483 388
483 392
483 423
483 453
483 485
483 487
484 58
484 115
484 126
484 183
484 207
484 246
484 264
484 266
484 311
484 325
484 412
484 422
484 435
484 459
484 464
484 496
484 499
485 63
485 71
485 84
485 185
485 186
485 210
485 282
485 298
485 362
485 384
485 429
485 439
485 452
485 464
485 483
485 499
485 500
486 7
486 48
486 132
486 145
486 216
486 223
486 265
486 276
486 317
486 323
486 327
486 346
486 373
486 387
486 400
486 406
486 452
487 27
487 29
487 64
487 67
487 72
487 82
487 130
487 141
487 171
487 362
487 401
487 416
487 464
487 482
487 483
487 492
487 496
488 29
488 48
488 114
488 187
488 236
488 243
488 278
488 308
488 376
488 389
488 398
488 428
488 434
488 474
488 477
488 482
488 495
489 8
489 34
489 78
489 138
489 182
489 196
489 201
489 236
489 328
489 346
489 355
489 361
489 366
489 419
489 473
489 479
489 500
490 47
490 57
490 63
490 123
490 175
490 180
490 233
490 244
490 262
490 264
490 290
490 387
490 416
490 467
490 469
490 477
490 481
490 495
490 500
491 75
491 82
491 120
491 159
491 175
491 201
491 254
491 278
491 282
491 330
491 355
491 407
491 420
491 431
491 454
491 468
491 469
491 496
492 106
492 119
492 186
492 195
492 203
492 204
492 233
492 257
492 308
492 381
492 389
492 390
492 463
492 475
492 477
492 487
492 493
492 500
493 5
493 56
493 67
493 69
493 109
493 112
493 118
493 123
493 133
493 171
493 173
493 225
493 287
493 330
493 370
493 455
493 460
493 492
494 27
494 30
494 54
494 84
494 105
494 136
494 137
494 187
494 190
494 269
494 284
494 294
494 348
494 355
494 358
494 361
494 362
494 363
494 385
494 469
495 17
495 56
495 69
495 91
495 203
495 218
495 225
495 282
495 292
495 322
495 351
495 378
495 407
495 410
495 428
495 488
495 490
495 497
495 498
496 12
496 61
496 67
496 101
496 103
496 180
496 188
496 284
496 285
496 316
496 325
496 340
496 351
496 372
496 377
496 442
496 475
496 484
496 487
496 491
497 5
497 19
497 59
497 129
497 154
497 164
497 210
497 244
497 299
497 321
497 350
497 372
497 386
497 398
497 405
497 434
497 446
497 447
497 462
497 495
498 21
498 34
498 60
498 135
498 139
498 189
498 246
498 252
498 259
498 270
498 306
498 319
498 339
498 342
498 345
498 380
498 386
498 392
498 460
498 495
499 21
499 36
499 38
499 39
499 133
499 192
499 199
499 253
499 255
499 261
499 312
499 341
499 359
499 371
499 386
499 408
499 441
499 480
499 482
499 484
499 485
500 60
500 64
500 76
500 87
500 187
500 216
500 234
500 280
500 281
500 306
500 318
500 403
500 423
500 446
500 447
500 460
500 485
500 489
500 490
500 492
