1 7
2 18
3 3
4 6
5 40
6 21
7 7
8 25
9 36
10 6
11 17
12 12
13 31
14 10
15 11
16 11
17 33
18 24
19 34
20 32
21 36
22 10
23 9
24 15
25 24
26 5
27 21
28 16
29 25
30 8
31 4
32 12
33 25
34 33
35 24
36 16
37 31
38 38
39 24
40 15
41 32
42 21
43 25
44 4
45 43
46 20
47 16
48 2
49 1
50 37
51 31
52 31
53 18
54 26
55 28
56 3
57 31
58 32
59 16
60 17
61 28
62 28
63 7
64 9
65 25
66 41
67 24
68 34
69 9
70 40
71 30
72 4
73 22
74 32
75 31
76 22
77 34
78 35
79 5
80 24
81 13
82 43
83 16
84 39
85 4
86 25
87 22
88 38
89 40
90 12
91 13
92 25
93 10
94 19
95 20
96 7
97 37
98 17
99 25
100 27
101 39
102 41
103 8
104 36
105 17
106 3
107 13
108 24
109 30
110 44
111 21
112 11
113 37
114 29
115 34
116 4
117 9
118 40
119 15
120 44
121 1
122 23
123 16
124 31
125 16
126 2
127 19
128 36
129 34
130 16
131 26
132 26
133 4
134 3
135 4
136 36
137 11
138 9
139 28
140 24
141 13
142 24
143 43
144 17
145 4
146 40
147 27
148 16
149 36
150 43
151 19
152 40
153 33
154 12
155 40
156 34
157 29
158 24
159 42
160 9
161 38
162 27
163 3
164 2
165 34
166 22
167 11
168 8
169 42
170 16
171 1
172 22
173 29
174 5
175 32
176 10
177 36
178 25
179 9
180 14
181 22
182 22
183 25
184 30
185 23
186 24
187 1
188 14
189 7
190 1
191 14
192 3
193 43
194 12
195 15
196 29
197 3
198 34
199 42
200 15
201 9
202 20
203 5
204 3
205 17
206 32
207 1
208 15
209 41
210 31
211 34
212 22
213 30
214 36
215 13
216 34
217 14
218 15
219 43
220 36
221 40
222 41
223 1
224 25
225 10
226 33
227 14
228 41
229 25
230 35
231 9
232 7
233 1
234 8
235 26
236 21
237 28
238 25
239 7
240 44
241 14
242 19
243 19
244 4
245 8
246 22
247 41
248 27
249 18
250 31
251 36
252 13
253 4
254 4
255 20
256 23
257 32
258 29
259 4
260 24
261 33
262 35
263 41
264 33
265 44
266 35
267 35
268 30
269 36
270 31
271 40
272 36
273 18
274 20
275 14
276 42
277 42
278 28
279 31
280 25
281 24
282 40
283 38
284 25
285 6
286 43
287 18
288 3
289 7
290 27
291 34
292 32
293 23
294 24
295 16
296 32
297 4
298 2
299 12
300 42
301 4
302 26
303 23
304 41
305 6
306 1
307 22
308 30
309 12
310 15
311 5
312 32
313 24
314 7
315 15
316 30
317 30
318 17
319 5
320 38
321 30
322 29
323 8
324 24
325 24
326 3
327 2
328 16
329 43
330 11
331 14
332 8
333 18
334 30
335 36
336 41
337 37
338 34
339 36
340 19
341 21
342 42
343 39
344 24
345 16
346 36
347 34
348 31
349 4
350 11
351 22
352 41
353 3
354 34
355 31
356 4
357 37
358 3
359 41
360 4
361 8
362 30
363 39
364 15
365 39
366 32
367 22
368 39
369 7
370 29
371 14
372 22
373 14
374 15
375 8
376 25
377 15
378 39
379 29
380 12
381 38
382 33
383 9
384 16
385 18
386 1
387 9
388 42
389 39
390 17
391 24
392 15
393 3
394 44
395 33
396 8
397 9
398 1
399 31
400 41
401 25
402 34
403 40
404 17
405 14
406 12
407 44
408 29
409 41
410 40
411 1
412 19
413 10
414 2
415 29
416 42
417 3
418 41
419 37
420 40
421 34
422 3
423 22
424 25
425 42
426 32
427 16
428 28
429 22
430 31
431 43
432 6
433 34
434 34
435 30
436 37
437 21
438 17
439 41
440 40
441 14
442 22
443 44
444 6
445 21
446 40
447 42
448 14
449 9
450 41
451 36
452 7
453 14
454 40
455 36
456 15
457 12
458 8
459 13
460 11
461 25
462 3
463 36
464 19
465 2
466 34
467 19
468 38
469 38
470 6
471 19
472 22
473 36
474 11
475 7
476 24
477 2
478 42
479 13
480 7
481 34
482 15
483 41
484 3
485 25
486 40
487 34
488 8
489 9
490 36
491 17
492 7
493 22
494 34
495 11
496 3
497 24
498 25
499 8
500 41
