1 166
1 324
1 352
1 442
1 447
2 237
2 246
2 338
2 387
2 390
3 4
3 5
3 6
3 65
3 106
4 3
4 6
4 352
4 468
4 479
5 3
5 6
5 352
5 451
5 498
6 3
6 4
6 5
6 19
6 383
7 9
7 206
7 288
7 441
7 452
8 280
8 422
8 433
8 452
8 462
9 7
9 21
9 194
9 295
9 321
10 184
10 242
10 378
10 400
10 449
11 12
11 13
11 301
11 420
11 447
12 11
12 13
12 14
12 108
12 130
13 11
13 12
13 14
13 165
13 385
14 12
14 13
14 15
14 283
14 495
15 14
15 17
15 18
15 162
15 163
16 76
16 134
16 190
16 253
16 367
17 15
17 18
17 205
17 390
17 491
18 15
18 17
18 139
18 425
18 442
19 6
19 20
19 345
19 359
19 399
20 19
20 301
20 345
20 420
20 452
21 9
21 326
21 412
21 457
21 473
22 114
22 219
22 324
22 482
22 499
23 24
23 410
23 475
23 477
23 488
24 23
24 111
24 306
24 405
24 408
25 26
25 308
25 343
25 353
25 472
26 25
26 114
26 245
26 308
26 353
27 166
27 288
27 324
27 329
27 426
28 30
28 268
28 295
28 308
28 471
29 32
29 109
29 232
29 308
29 432
30 28
30 268
30 459
30 462
30 477
31 86
31 192
31 193
31 357
31 396
32 29
32 232
32 266
32 447
32 483
33 232
33 342
33 422
33 470
33 491
34 178
34 300
34 319
34 328
34 499
35 37
35 410
35 437
35 444
35 475
36 428
36 460
36 464
36 476
36 486
37 35
37 39
37 215
37 444
37 487
38 96
38 154
38 346
38 496
38 498
39 37
39 96
39 268
39 408
39 444
40 42
40 194
40 444
40 467
40 471
41 42
41 45
41 61
41 339
41 371
42 40
42 41
42 247
42 336
42 371
43 44
43 345
43 442
43 487
43 494
44 43
44 57
44 271
44 280
44 303
45 41
45 345
45 371
45 476
45 486
46 48
46 371
46 403
46 470
46 491
47 72
47 79
47 226
47 387
47 488
48 46
48 242
48 293
48 355
48 431
49 50
49 54
49 61
49 119
49 433
50 49
50 293
50 355
50 389
50 475
51 150
51 155
51 166
51 230
51 324
52 158
52 161
52 162
52 396
52 420
53 86
53 87
53 226
53 230
53 458
54 49
54 60
54 133
54 316
54 355
55 82
55 113
55 145
55 256
55 471
56 89
56 90
56 92
56 415
56 439
57 44
57 58
57 62
57 176
57 290
57 342
58 57
58 59
58 171
58 288
58 331
58 372
58 441
58 455
59 58
59 252
59 485
59 493
59 496
60 54
60 61
60 62
60 341
60 478
61 41
61 49
61 60
61 62
61 450
62 57
62 60
62 61
62 65
62 290
63 80
63 189
63 310
63 320
63 478
64 81
64 317
64 368
64 370
64 488
65 3
65 62
65 66
65 67
65 106
66 65
66 67
66 68
66 101
66 487
67 65
67 66
67 68
67 101
67 474
68 66
68 67
68 70
68 85
68 432
69 83
69 460
69 468
69 469
69 479
70 68
70 73
70 86
70 338
70 396
71 73
71 74
71 355
71 417
71 421
72 47
72 75
72 79
72 343
72 472
73 70
73 71
73 74
73 470
73 491
74 71
74 73
74 226
74 335
74 444
75 72
75 251
75 267
75 282
75 436
76 16
76 80
76 191
76 454
76 479
77 160
77 218
77 324
77 375
77 479
78 99
78 315
78 418
78 423
78 462
79 47
79 72
79 282
79 367
79 405
80 63
80 76
80 134
80 188
80 478
81 64
81 83
81 107
81 126
81 188
82 55
82 91
82 113
82 157
82 249
83 69
83 81
83 366
83 482
83 499
84 97
84 174
84 235
84 291
84 359
85 68
85 97
85 196
85 308
85 432
86 31
86 53
86 70
86 89
86 460
87 53
87 89
87 243
87 282
87 464
88 146
88 196
88 359
88 368
88 420
89 56
89 86
89 87
89 374
89 463
90 56
90 92
90 444
90 465
90 492
91 82
91 113
91 116
91 156
91 453
92 56
92 90
92 93
92 255
92 402
93 92
93 94
93 95
93 116
93 478
94 93
94 95
94 98
94 140
94 176
95 93
95 94
95 98
95 355
95 417
96 38
96 39
96 320
96 346
96 467
97 84
97 85
97 182
97 197
97 450
98 94
98 95
98 99
98 379
98 402
99 78
99 98
99 137
99 315
99 481
100 101
100 336
100 419
100 476
100 486
101 66
101 67
101 100
101 102
101 336
102 101
102 103
102 431
102 457
102 491
103 102
103 105
103 307
103 373
103 477
104 117
104 286
104 297
104 300
104 334
105 103
105 106
105 108
105 368
105 463
106 3
106 65
106 105
106 108
106 482
107 81
107 139
107 248
107 288
107 444
108 12
108 105
108 106
108 111
108 130
109 29
109 111
109 256
109 432
109 474
110 172
110 173
110 184
110 233
110 400
111 24
111 108
111 109
111 253
111 256
112 123
112 153
112 405
112 427
112 463
113 55
113 82
113 91
113 132
113 207
114 22
114 26
114 218
114 220
114 245
115 116
115 119
115 247
115 292
115 336
116 91
116 93
116 115
116 292
116 478
117 104
117 159
117 173
117 383
117 427
118 190
118 191
118 286
118 297
118 357
119 49
119 115
119 292
119 456
119 484
120 180
120 182
120 184
120 445
120 459
121 126
121 174
121 232
121 487
121 495
122 124
122 364
122 407
122 457
122 473
123 112
123 147
123 355
123 405
123 417
124 122
124 144
124 212
124 301
124 364
125 127
125 335
125 444
125 449
125 465
126 81
126 121
126 127
126 152
126 188
127 125
127 126
127 238
127 346
127 453
128 171
128 301
128 334
128 335
128 441
129 214
129 335
129 348
129 401
129 414
130 12
130 108
130 132
130 348
130 400
131 158
131 175
131 176
131 291
131 489
132 113
132 130
132 207
132 348
132 400
133 54
133 137
133 238
133 267
133 492
134 16
134 80
134 188
134 492
134 498
135 136
135 138
135 211
135 238
135 403
136 135
136 138
136 406
136 470
136 491
137 99
137 133
137 138
137 238
137 481
138 135
138 136
138 137
138 177
138 333
139 18
139 107
139 146
139 319
139 425
140 94
140 141
140 176
140 208
140 491
141 140
141 208
141 395
141 419
141 440
142 144
142 145
142 208
142 470
142 491
143 149
143 352
143 365
143 436
143 480
144 124
144 142
144 145
144 208
144 455
145 55
145 142
145 144
145 147
145 471
146 88
146 139
146 149
146 301
146 420
147 123
147 145
147 265
147 405
147 480
148 151
148 153
148 154
148 344
148 360
149 143
149 146
149 293
149 493
149 494
150 51
150 199
150 228
150 328
150 423
151 148
151 154
151 268
151 405
151 494
152 126
152 222
152 327
152 365
152 425
153 112
153 148
153 154
153 180
153 220
154 38
154 148
154 151
154 153
154 498
155 51
155 166
155 258
155 347
155 446
156 91
156 219
156 220
156 231
156 453
157 82
157 189
157 249
157 342
158 52
158 131
158 162
158 396
158 489
159 117
159 161
159 163
159 391
159 396
160 77
160 218
160 324
160 418
160 423
161 52
161 159
161 163
161 384
161 437
162 15
162 52
162 158
162 163
162 404
163 15
163 159
163 161
163 162
163 181
164 167
164 181
164 327
164 331
164 489
165 13
165 289
165 295
165 299
165 440
166 1
166 27
166 51
166 155
166 222
167 164
167 247
167 325
167 336
167 463
168 169
168 171
168 177
168 282
168 444
169 168
169 171
169 275
169 325
169 416
170 199
170 211
170 265
170 403
170 498
171 58
171 128
171 168
171 169
171 233
172 110
172 195
172 233
172 291
172 414
173 110
173 117
173 291
173 359
173 391
173 435
174 84
174 121
174 235
174 291
174 378
174 448
175 131
175 177
175 179
175 291
175 378
175 433
176 57
176 94
176 131
176 140
176 177
176 455
177 138
177 168
177 175
177 176
177 260
177 498
178 34
178 194
178 363
178 412
178 433
178 484
179 175
179 184
179 239
179 240
179 322
179 435
180 120
180 153
180 352
180 459
180 466
180 472
181 163
181 164
181 325
181 331
181 421
181 484
182 97
182 120
182 184
182 339
182 448
182 490
183 212
183 313
183 351
183 360
183 463
183 498
184 10
184 110
184 120
184 179
184 182
184 185
185 184
185 186
185 199
185 213
185 340
185 488
186 185
186 187
186 190
186 213
186 265
186 401
187 186
187 188
187 213
187 375
187 424
187 468
188 80
188 81
188 126
188 134
188 187
188 425
189 63
189 157
189 222
189 254
189 327
189 357
190 16
190 118
190 186
190 191
190 204
190 466
191 76
191 118
191 190
191 217
191 298
191 377
192 31
192 195
192 357
192 398
192 496
192 497
193 31
193 195
193 375
193 392
193 454
193 469
194 9
194 40
194 178
194 203
194 214
194 363
195 172
195 192
195 193
195 202
195 346
195 414
196 85
196 88
196 342
196 359
196 496
196 497
197 97
197 201
197 204
197 292
197 311
197 486
198 258
198 259
198 261
198 262
198 421
198 484
199 150
199 170
199 185
199 265
199 281
199 419
200 281
200 393
200 437
200 461
200 480
200 499
201 197
201 202
201 204
201 254
201 385
201 440
202 195
202 201
202 204
202 255
202 379
202 402
203 194
203 214
203 241
203 319
203 347
203 363
204 190
204 197
204 201
204 202
204 436
204 480
205 17
205 206
205 209
205 210
205 332
205 390
206 7
206 205
206 209
206 210
206 331
206 455
207 113
207 132
207 273
207 281
207 384
207 403
208 140
208 141
208 142
208 144
208 257
208 336
209 205
209 206
209 210
209 460
209 486
210 205
210 206
210 209
210 335
210 444
210 465
211 135
211 170
211 215
211 302
211 316
211 400
212 124
212 183
212 347
212 351
212 372
212 463
213 185
213 186
213 187
213 443
213 477
213 499
214 129
214 194
214 203
214 241
214 363
214 480
215 37
215 211
215 217
215 232
215 287
215 302
216 223
216 224
216 231
216 332
216 338
216 390
217 191
217 215
217 302
217 377
217 450
217 484
218 77
218 114
218 160
218 304
218 327
218 489
219 22
219 156
219 220
219 460
219 476
219 486
220 114
220 153
220 156
220 219
220 436
220 466
221 331
221 372
221 407
221 421
221 436
221 437
222 152
222 166
222 189
222 319
222 327
222 365
223 216
223 231
223 306
223 397
223 415
223 439
224 216
224 227
224 228
224 361
224 464
224 490
225 235
225 291
225 361
225 375
225 376
225 380
226 47
226 53
226 74
226 282
226 384
226 437
227 224
227 228
227 231
227 273
227 304
227 489
228 150
228 224
228 227
228 235
228 263
228 281
229 235
229 322
229 450
229 485
229 493
229 494
230 51
230 53
230 242
230 359
230 391
230 458
231 156
231 216
231 223
231 227
231 445
231 459
232 29
232 32
232 33
232 121
232 215
232 257
233 110
233 171
233 172
233 296
233 331
233 416
234 317
234 321
234 358
234 410
234 454
234 479
235 84
235 174
235 225
235 228
235 229
235 322
236 240
236 258
236 322
236 347
236 385
236 413
237 2
237 246
237 313
237 329
237 476
237 486
238 127
238 133
238 135
238 137
238 346
238 400
239 179
239 240
239 273
239 327
239 396
239 489
240 179
240 236
240 239
240 461
240 482
240 499
241 203
241 214
241 263
241 343
241 363
241 472
242 10
242 48
242 230
242 250
242 457
242 473
243 87
243 271
243 272
243 449
243 483
243 490
244 340
244 356
244 362
244 480
244 484
244 492
245 26
245 114
245 246
245 403
245 415
245 439
246 2
246 237
246 245
246 256
246 344
246 467
247 42
247 115
247 167
247 288
247 313
247 329
248 107
248 270
248 288
248 313
248 472
249 82
249 157
249 250
249 313
249 342
249 379
250 242
250 249
250 252
250 326
250 379
250 473
251 75
251 328
251 334
251 403
251 406
251 477
252 59
252 250
252 254
252 379
252 485
252 494
253 16
253 111
253 254
253 255
253 372
253 405
254 189
254 201
254 252
254 253
254 255
254 446
255 92
255 202
255 253
255 254
255 257
255 379
256 55
256 109
256 111
256 246
256 408
256 500
257 208
257 232
257 255
257 405
257 487
257 500
258 155
258 198
258 236
258 259
258 446
258 459
259 198
259 258
259 395
259 406
259 417
259 419
260 177
260 262
260 282
260 333
260 394
260 490
261 198
261 262
261 289
261 423
261 475
262 198
262 260
262 261
262 272
263 228
263 241
263 269
263 270
263 281
263 449
264 318
264 321
264 323
264 360
264 401
264 408
265 147
265 170
265 186
265 199
265 266
265 401
266 32
266 265
266 267
266 277
266 447
266 483
267 75
267 133
267 266
267 277
267 280
267 316
268 28
268 30
268 39
268 151
268 440
268 494
269 263
269 270
269 397
269 421
269 449
269 484
270 248
270 263
270 269
270 397
270 449
270 472
271 44
271 243
271 272
271 274
271 280
271 303
271 397
272 243
272 262
272 271
272 274
272 276
273 207
273 227
273 239
273 281
273 393
273 437
273 489
274 271
274 272
274 276
274 348
274 381
274 393
274 397
275 169
275 296
275 392
275 416
275 418
275 420
275 450
276 272
276 274
276 279
276 283
276 454
276 469
276 479
277 266
277 267
277 280
277 409
277 411
277 496
277 497
278 279
278 283
278 287
278 392
278 409
278 462
278 497
279 276
279 278
279 283
279 287
279 349
279 485
279 493
280 8
280 44
280 267
280 271
280 277
280 303
280 482
281 199
281 200
281 207
281 228
281 263
281 273
281 393
282 75
282 79
282 87
282 168
282 226
282 260
282 333
283 14
283 276
283 278
283 279
283 290
283 495
283 500
284 285
284 287
284 354
284 370
284 474
284 487
284 500
285 284
285 340
285 354
285 360
285 366
285 371
285 462
286 104
286 118
286 334
286 383
286 406
286 407
286 414
287 215
287 278
287 279
287 284
287 290
287 296
287 500
288 7
288 27
288 58
288 107
288 247
288 248
288 441
289 165
289 261
289 295
289 299
289 325
289 418
290 57
290 62
290 283
290 287
290 294
290 296
290 342
291 84
291 131
291 172
291 173
291 174
291 175
291 225
292 115
292 116
292 119
292 197
292 311
292 364
292 490
293 48
293 50
293 149
293 355
293 456
293 493
293 494
294 290
294 296
294 297
294 398
294 399
294 411
294 432
295 9
295 28
295 165
295 289
295 299
295 321
295 471
296 233
296 275
296 287
296 290
296 294
296 297
296 416
297 104
297 118
297 294
297 296
297 334
297 432
297 435
298 191
298 304
298 309
298 367
298 377
298 429
298 435
299 165
299 289
299 295
299 394
299 445
299 459
300 34
300 104
300 319
300 368
300 487
300 495
300 500
301 11
301 20
301 124
301 128
301 146
301 364
301 408
302 211
302 215
302 217
302 324
302 394
302 445
302 459
303 44
303 271
303 280
303 381
303 403
303 424
303 440
304 218
304 227
304 298
304 309
304 327
304 432
304 435
305 322
305 326
305 330
305 401
305 457
305 495
305 500
306 24
306 223
306 308
306 345
306 399
306 408
306 497
307 103
307 309
307 312
307 314
307 367
307 381
307 393
308 25
308 26
308 28
308 29
308 85
308 306
308 432
309 298
309 304
309 307
309 367
309 413
309 448
309 474
310 63
310 320
310 346
310 386
310 400
310 426
310 428
311 197
311 292
311 341
311 343
311 353
311 377
311 423
312 307
312 314
312 358
312 363
312 367
312 415
312 439
313 183
313 237
313 247
313 248
313 249
313 474
313 498
314 307
314 312
314 358
314 365
314 410
314 434
314 448
315 78
315 99
315 336
315 407
315 419
315 435
315 449
316 54
316 211
316 267
316 328
316 334
316 414
316 477
317 64
317 234
317 318
317 358
317 370
317 410
317 452
318 264
318 317
318 321
318 410
318 454
318 468
318 469
319 34
319 139
319 203
319 222
319 300
319 365
319 446
320 63
320 96
320 310
320 369
320 380
320 388
320 475
321 9
321 234
321 264
321 295
321 318
321 323
321 471
322 179
322 229
322 235
322 236
322 305
322 495
322 500
323 264
323 321
323 326
323 330
323 356
323 363
323 397
324 1
324 22
324 27
324 51
324 77
324 160
324 302
325 167
325 169
325 181
325 289
325 331
325 418
325 423
326 21
326 250
326 305
326 323
326 330
326 401
326 473
327 152
327 164
327 189
327 218
327 222
327 239
327 304
328 34
328 150
328 251
328 316
328 334
328 452
328 455
329 27
329 237
329 247
329 337
329 384
329 437
329 488
330 305
330 323
330 326
330 401
330 460
330 476
330 486
331 58
331 164
331 181
331 206
331 221
331 233
331 325
332 205
332 216
332 333
332 338
332 385
332 398
332 457
333 138
333 260
333 282
333 332
333 339
333 385
333 398
334 104
334 128
334 251
334 286
334 297
334 316
334 328
334 477
335 74
335 125
335 128
335 129
335 210
335 348
335 400
335 465
336 42
336 100
336 101
336 115
336 167
336 208
336 315
336 419
337 329
337 338
337 350
337 384
337 387
337 408
337 437
337 451
338 2
338 70
338 216
338 332
338 337
338 411
338 466
338 498
339 41
339 182
339 333
339 344
339 347
339 463
339 464
339 490
340 185
340 244
340 285
340 356
340 362
340 369
340 382
340 452
341 60
341 311
341 343
341 376
341 378
341 380
341 393
341 478
342 33
342 57
342 157
342 196
342 249
342 290
342 359
342 368
343 25
343 72
343 241
343 311
343 341
343 378
343 423
343 472
344 148
344 246
344 339
344 347
344 360
344 385
344 398
344 467
345 19
345 20
345 43
345 45
345 306
345 404
345 442
345 494
346 38
346 96
346 127
346 195
346 238
346 310
346 348
346 404
347 155
347 203
347 212
347 236
347 339
347 344
347 440
347 463
348 129
348 130
348 132
348 274
348 335
348 346
348 373
348 381
349 279
349 422
349 433
349 439
349 461
349 462
349 481
349 493
350 337
350 354
350 381
350 382
350 404
350 411
350 459
350 499
351 183
351 212
351 354
351 360
351 395
351 406
351 419
352 1
352 4
352 5
352 143
352 180
352 429
352 436
352 466
353 25
353 26
353 311
353 361
353 408
353 450
353 463
353 464
354 284
354 285
354 350
354 351
354 358
354 360
354 438
354 482
355 48
355 50
355 54
355 71
355 95
355 123
355 293
355 417
356 244
356 323
356 340
356 362
356 363
356 369
356 382
356 397
357 31
357 118
357 189
357 192
357 380
357 410
357 451
357 475
358 234
358 312
358 314
358 317
358 354
358 382
358 410
358 430
359 19
359 84
359 88
359 173
359 196
359 230
359 342
359 458
360 148
360 183
360 264
360 285
360 344
360 351
360 354
360 467
361 224
361 225
361 353
361 366
361 370
361 375
361 380
361 490
362 244
362 340
362 356
362 369
362 382
362 394
362 445
362 459
363 178
363 194
363 203
363 214
363 241
363 312
363 323
363 356
364 122
364 124
364 292
364 301
364 365
364 413
364 474
364 492
365 143
365 152
365 222
365 314
365 319
365 364
365 434
365 492
366 83
366 285
366 361
366 370
366 375
366 438
366 443
366 461
367 16
367 79
367 298
367 307
367 309
367 312
367 405
367 435
368 64
368 88
368 105
368 300
368 342
368 427
368 447
368 483
369 320
369 340
369 356
369 362
369 382
369 389
369 390
369 410
370 64
370 284
370 317
370 361
370 366
370 371
370 375
370 477
371 41
371 42
371 45
371 46
371 285
371 370
371 412
371 477
372 58
372 212
372 221
372 253
372 394
372 413
372 415
372 417
373 103
373 348
373 393
373 394
373 412
373 417
373 427
373 428
374 89
374 376
374 384
374 424
374 437
374 440
374 447
374 483
375 77
375 187
375 193
375 225
375 361
375 366
375 370
375 424
376 225
376 341
376 374
376 380
376 427
376 447
376 467
376 483
377 191
377 217
377 298
377 311
377 378
377 389
377 423
377 429
378 10
378 174
378 175
378 341
378 343
378 377
378 389
378 435
379 98
379 202
379 249
379 250
379 252
379 255
379 402
379 447
380 225
380 320
380 341
380 357
380 361
380 376
380 388
380 389
381 274
381 303
381 307
381 348
381 350
381 459
381 478
381 491
382 340
382 350
382 356
382 358
382 362
382 369
382 390
382 482
383 6
383 117
383 286
383 406
383 414
383 436
383 458
383 477
384 161
384 207
384 226
384 329
384 337
384 374
384 393
384 424
385 13
385 201
385 236
385 332
385 333
385 344
385 398
385 457
386 310
386 391
386 395
386 426
386 456
386 466
386 470
386 487
387 2
387 47
387 337
387 399
387 404
387 442
387 451
387 477
388 320
388 380
388 389
388 426
388 434
388 438
388 458
388 475
388 476
389 50
389 369
389 377
389 378
389 380
389 388
389 423
389 427
389 428
390 2
390 17
390 205
390 216
390 369
390 382
390 391
390 395
390 470
391 159
391 173
391 230
391 386
391 390
391 395
391 458
391 466
391 470
392 193
392 275
392 278
392 399
392 411
392 418
392 420
392 448
392 496
393 200
393 273
393 274
393 281
393 307
393 341
393 373
393 384
393 403
394 260
394 299
394 302
394 362
394 372
394 373
394 412
394 415
395 141
395 259
395 351
395 386
395 390
395 391
395 419
395 466
395 470
396 31
396 52
396 70
396 158
396 159
396 239
396 442
396 469
396 485
397 223
397 269
397 270
397 271
397 274
397 323
397 356
397 415
397 449
398 192
398 294
398 332
398 333
398 344
398 385
398 457
398 496
398 497
399 19
399 294
399 306
399 387
399 392
399 442
399 451
399 476
399 497
400 10
400 110
400 130
400 132
400 211
400 238
400 310
400 335
400 407
401 129
401 186
401 264
401 265
401 305
401 326
401 330
401 443
401 480
402 92
402 98
402 202
402 379
402 409
402 430
402 445
402 466
402 487
403 46
403 135
403 170
403 207
403 245
403 251
403 303
403 393
403 440
404 162
404 345
404 346
404 350
404 387
404 411
404 414
404 453
404 492
405 24
405 79
405 112
405 123
405 147
405 151
405 253
405 257
405 367
406 136
406 251
406 259
406 286
406 351
406 383
406 414
406 419
407 122
407 221
407 286
407 315
407 400
407 421
407 433
407 449
407 457
408 24
408 39
408 256
408 264
408 301
408 306
408 337
408 353
408 467
409 277
409 278
409 402
409 430
409 445
409 458
409 487
409 496
409 497
410 23
410 35
410 234
410 314
410 317
410 318
410 357
410 358
410 369
411 277
411 294
411 338
411 350
411 392
411 404
411 431
411 459
411 496
412 21
412 178
412 371
412 373
412 394
412 427
412 428
412 462
412 488
413 236
413 309
413 364
413 372
413 415
413 417
413 450
413 492
413 498
414 129
414 172
414 195
414 286
414 316
414 383
414 404
414 406
414 453
415 56
415 223
415 245
415 312
415 372
415 394
415 397
415 413
415 417
415 439
416 169
416 233
416 275
416 296
416 425
416 478
416 481
416 483
416 486
416 493
417 71
417 95
417 123
417 259
417 355
417 372
417 373
417 413
417 415
417 450
418 78
418 160
418 275
418 289
418 325
418 392
418 420
418 423
418 450
418 461
419 100
419 141
419 199
419 259
419 315
419 336
419 351
419 395
419 406
419 476
420 11
420 20
420 52
420 88
420 146
420 275
420 392
420 418
420 448
420 455
421 71
421 181
421 198
421 221
421 269
421 407
421 429
421 436
421 437
421 484
422 8
422 33
422 349
422 432
422 433
422 439
422 462
422 491
423 78
423 150
423 160
423 261
423 311
423 325
423 343
423 377
423 389
423 418
424 187
424 303
424 374
424 375
424 384
424 440
424 447
424 459
424 468
424 469
425 18
425 139
425 152
425 188
425 416
425 441
425 446
425 453
425 454
425 471
426 27
426 310
426 386
426 388
426 428
426 429
426 433
426 434
426 438
426 476
427 112
427 117
427 368
427 373
427 376
427 389
427 412
427 428
427 463
427 483
428 36
428 310
428 373
428 389
428 412
428 426
428 427
428 435
428 449
428 456
429 298
429 352
429 377
429 421
429 426
429 431
429 456
429 460
429 467
429 484
430 358
430 402
430 409
430 438
430 443
430 445
430 458
430 461
430 466
430 476
431 48
431 102
431 411
431 429
431 443
431 456
431 457
431 460
431 467
431 473
432 29
432 68
432 85
432 109
432 294
432 297
432 304
432 308
432 422
432 435
433 8
433 49
433 175
433 178
433 349
433 407
433 422
433 426
433 456
433 462
434 314
434 365
434 388
434 426
434 438
434 451
434 456
434 460
434 492
434 498
435 173
435 179
435 297
435 298
435 304
435 315
435 367
435 378
435 428
435 432
436 75
436 143
436 204
436 220
436 221
436 352
436 383
436 421
436 480
436 493
437 35
437 161
437 200
437 221
437 226
437 273
437 329
437 337
437 374
437 421
438 354
438 366
438 388
438 426
438 430
438 434
438 456
438 476
438 482
438 499
439 56
439 223
439 245
439 312
439 349
439 415
439 422
439 452
439 461
439 462
440 141
440 165
440 201
440 268
440 303
440 347
440 374
440 403
440 424
440 446
441 7
441 58
441 128
441 288
441 425
441 446
441 453
441 454
441 468
441 471
442 1
442 18
442 43
442 345
442 387
442 396
442 399
442 447
442 481
442 493
443 213
443 366
443 401
443 430
443 431
443 452
443 461
443 464
443 467
443 474
443 499
444 35
444 37
444 39
444 40
444 74
444 90
444 107
444 125
444 168
444 210
444 465
445 120
445 231
445 299
445 302
445 362
445 402
445 409
445 430
445 458
445 487
445 492
446 155
446 254
446 258
446 319
446 425
446 440
446 441
446 453
446 454
446 468
446 471
447 1
447 11
447 32
447 266
447 368
447 374
447 376
447 379
447 424
447 442
447 451
448 174
448 182
448 309
448 314
448 392
448 420
448 451
448 455
448 467
448 474
448 498
449 10
449 125
449 243
449 263
449 269
449 270
449 315
449 397
449 407
449 428
449 456
450 61
450 97
450 217
450 229
450 275
450 353
450 413
450 417
450 418
450 464
450 490
451 5
451 337
451 357
451 387
451 399
451 434
451 447
451 448
451 474
451 480
451 492
452 7
452 8
452 20
452 317
452 328
452 340
452 439
452 443
452 461
452 464
452 488
453 91
453 127
453 156
453 404
453 414
453 425
453 441
453 446
453 454
453 468
453 471
454 76
454 193
454 234
454 276
454 318
454 425
454 441
454 446
454 453
454 471
454 472
455 58
455 144
455 176
455 206
455 328
455 420
455 448
455 477
456 119
456 293
456 386
456 428
456 429
456 431
456 433
456 434
456 438
456 449
456 460
457 21
457 102
457 122
457 242
457 305
457 332
457 385
457 398
457 407
457 431
457 486
458 53
458 230
458 359
458 383
458 388
458 391
458 409
458 430
458 445
458 460
458 487
459 30
459 120
459 180
459 231
459 258
459 299
459 302
459 350
459 362
459 381
459 411
459 424
460 36
460 69
460 86
460 209
460 219
460 330
460 429
460 431
460 434
460 456
460 458
461 200
461 240
461 349
461 366
461 418
461 430
461 439
461 443
461 452
461 464
461 474
461 499
462 8
462 30
462 78
462 278
462 285
462 349
462 412
462 422
462 433
462 439
462 477
462 488
463 89
463 105
463 112
463 167
463 183
463 212
463 339
463 347
463 353
463 427
463 464
463 483
464 36
464 87
464 224
464 339
464 353
464 443
464 450
464 452
464 461
464 463
464 467
464 474
465 90
465 125
465 210
465 335
465 444
465 473
465 475
465 479
465 481
465 489
465 496
465 498
466 180
466 190
466 220
466 338
466 352
466 386
466 391
466 395
466 402
466 430
466 470
466 480
467 40
467 96
467 246
467 344
467 360
467 376
467 408
467 429
467 431
467 443
467 448
467 464
467 474
468 4
468 69
468 187
468 318
468 424
468 441
468 446
468 453
468 469
468 471
468 472
468 484
468 490
469 69
469 193
469 276
469 318
469 396
469 424
469 468
469 472
469 480
469 484
469 490
469 491
469 492
470 33
470 46
470 73
470 136
470 142
470 386
470 390
470 391
470 395
470 466
470 476
470 487
470 491
471 28
471 40
471 55
471 145
471 295
471 321
471 425
471 441
471 446
471 453
471 454
471 468
471 472
472 25
472 72
472 180
472 241
472 248
472 270
472 343
472 454
472 468
472 469
472 471
472 490
472 491
473 21
473 122
473 242
473 250
473 326
473 431
473 465
473 475
473 479
473 481
473 489
473 496
473 498
474 67
474 109
474 284
474 309
474 313
474 364
474 443
474 448
474 451
474 461
474 464
474 467
474 487
474 492
475 23
475 35
475 50
475 261
475 320
475 357
475 388
475 465
475 473
475 479
475 481
475 482
475 488
475 489
476 36
476 45
476 100
476 219
476 237
476 330
476 388
476 399
476 419
476 426
476 430
476 438
476 470
476 478
477 23
477 30
477 103
477 213
477 251
477 316
477 334
477 370
477 371
477 383
477 387
477 455
477 462
477 488
478 60
478 63
478 80
478 93
478 116
478 341
478 381
478 416
478 476
478 482
478 483
478 486
478 488
478 493
478 495
479 4
479 69
479 76
479 77
479 234
479 276
479 465
479 473
479 475
479 484
479 489
479 495
479 496
479 497
479 498
480 143
480 147
480 200
480 204
480 214
480 244
480 401
480 436
480 451
480 466
480 469
480 484
480 490
480 491
480 492
481 99
481 137
481 349
481 416
481 442
481 465
481 473
481 475
481 482
481 485
481 486
481 488
481 492
481 493
481 494
482 22
482 83
482 106
482 240
482 280
482 354
482 382
482 438
482 475
482 478
482 481
482 483
482 486
482 488
482 493
483 32
483 243
483 266
483 368
483 374
483 376
483 416
483 427
483 463
483 478
483 482
483 486
483 488
483 493
483 497
484 119
484 178
484 181
484 198
484 217
484 244
484 269
484 421
484 429
484 468
484 469
484 479
484 480
484 490
484 491
485 59
485 229
485 252
485 279
485 396
485 481
485 495
485 497
485 499
485 500
486 36
486 45
486 100
486 197
486 209
486 219
486 237
486 330
486 416
486 457
486 478
486 481
486 482
486 483
486 488
486 493
487 37
487 43
487 66
487 121
487 257
487 284
487 300
487 386
487 402
487 409
487 445
487 458
487 470
487 474
487 495
487 500
488 23
488 47
488 64
488 185
488 329
488 412
488 452
488 462
488 475
488 477
488 478
488 481
488 482
488 483
488 486
488 493
489 131
489 158
489 164
489 218
489 227
489 239
489 273
489 465
489 473
489 475
489 479
489 493
489 496
489 497
489 498
489 500
490 182
490 224
490 243
490 260
490 292
490 339
490 361
490 450
490 468
490 469
490 472
490 480
490 484
490 491
490 492
490 493
491 17
491 33
491 46
491 73
491 102
491 136
491 140
491 142
491 381
491 422
491 469
491 470
491 472
491 480
491 484
491 490
491 492
492 90
492 133
492 134
492 244
492 364
492 365
492 404
492 413
492 434
492 445
492 451
492 469
492 474
492 480
492 481
492 490
492 491
493 59
493 149
493 229
493 279
493 293
493 349
493 416
493 436
493 442
493 478
493 481
493 482
493 483
493 486
493 488
493 489
493 490
494 43
494 149
494 151
494 229
494 252
494 268
494 293
494 345
494 481
494 495
494 496
494 497
494 499
494 500
495 14
495 121
495 283
495 300
495 305
495 322
495 478
495 479
495 485
495 487
495 494
495 496
495 497
495 498
495 499
495 500
496 38
496 59
496 192
496 196
496 277
496 392
496 398
496 409
496 411
496 465
496 473
496 479
496 489
496 494
496 495
496 497
496 498
496 500
497 192
497 196
497 277
497 278
497 306
497 398
497 399
497 409
497 479
497 483
497 485
497 489
497 494
497 495
497 496
497 498
497 499
497 500
498 5
498 38
498 134
498 154
498 170
498 177
498 183
498 313
498 338
498 413
498 434
498 448
498 465
498 473
498 479
498 489
498 495
498 496
498 497
498 500
499 22
499 34
499 83
499 200
499 213
499 240
499 350
499 438
499 443
499 461
499 485
499 494
499 495
499 497
499 500
500 256
500 257
500 283
500 284
500 287
500 300
500 305
500 322
500 485
500 487
500 489
500 494
500 495
500 496
500 497
500 498
500 499
