1 91
1 184
1 347
1 401
1 496
2 131
2 303
2 364
2 389
2 454
3 4
3 367
3 405
3 440
3 444
4 3
4 133
4 348
4 371
4 499
5 71
5 100
5 347
5 418
5 476
6 81
6 122
6 154
6 458
6 487
7 376
7 399
7 406
7 459
7 464
8 170
8 185
8 201
8 285
8 500
9 150
9 236
9 324
9 421
9 482
10 140
10 295
10 356
10 397
10 446
11 113
11 196
11 205
11 369
11 442
12 74
12 227
12 252
12 465
12 490
13 160
13 177
13 396
13 425
13 473
14 34
14 232
14 327
14 366
14 462
15 128
15 198
15 392
15 472
15 477
16 26
16 76
16 348
16 429
16 455
17 157
17 299
17 314
17 352
17 497
18 43
18 195
18 219
18 408
18 430
19 172
19 258
19 288
19 418
19 464
20 33
20 148
20 297
20 378
20 494
21 29
21 197
21 227
21 244
21 427
22 131
22 308
22 335
22 386
22 495
23 179
23 255
23 324
23 393
23 464
24 434
24 451
24 485
24 494
24 495
25 91
25 251
25 346
25 349
25 493
26 16
26 187
26 331
26 448
26 472
27 245
27 346
27 359
27 394
27 462
28 58
28 248
28 450
28 459
28 478
29 21
29 324
29 372
29 374
29 500
30 231
30 316
30 318
30 379
30 468
31 104
31 350
31 441
31 475
31 487
32 69
32 167
32 454
32 481
32 483
33 20
33 68
33 233
33 357
33 454
34 14
34 201
34 217
34 267
34 367
35 272
35 368
35 382
35 449
35 493
36 209
36 235
36 315
36 353
36 396
37 60
37 369
37 402
37 430
37 458
38 290
38 338
38 419
38 496
38 497
39 43
39 89
39 373
39 383
39 415
40 57
40 60
40 107
40 351
40 466
41 52
41 194
41 383
41 439
41 480
42 76
42 95
42 214
42 289
42 398
43 18
43 39
43 153
43 446
43 454
44 104
44 366
44 456
44 459
44 499
45 55
45 119
45 227
45 317
45 373
46 269
46 338
46 410
46 417
46 485
47 183
47 252
47 271
47 352
47 462
48 224
48 346
48 376
48 460
48 462
49 60
49 127
49 321
49 489
49 500
50 379
50 389
50 438
50 468
50 486
51 226
51 312
51 314
51 364
51 484
52 41
52 259
52 413
52 441
52 481
53 270
53 374
53 381
53 389
53 487
54 169
54 243
54 384
54 386
54 474
55 45
55 453
55 491
55 494
55 499
56 93
56 374
56 447
56 449
56 453
57 40
57 284
57 307
57 356
57 426
58 28
58 155
58 213
58 260
58 469
59 145
59 244
59 435
59 444
59 495
60 37
60 40
60 49
60 158
60 370
61 84
61 210
61 241
61 257
61 445
62 122
62 197
62 350
62 373
62 429
63 390
63 391
63 403
63 425
63 441
64 260
64 328
64 458
64 480
64 497
65 126
65 216
65 251
65 486
65 497
66 69
66 371
66 475
66 482
66 487
67 212
67 270
67 382
67 443
67 496
68 33
68 138
68 446
68 477
68 480
69 32
69 66
69 387
69 491
69 499
70 228
70 280
70 332
70 356
70 492
71 5
71 108
71 438
71 448
71 491
72 103
72 263
72 385
72 397
72 433
73 131
73 165
73 413
73 474
73 490
74 12
74 192
74 290
74 450
74 470
75 157
75 179
75 401
75 455
75 479
76 16
76 42
76 338
76 358
76 485
77 319
77 388
77 467
77 483
77 496
78 180
78 292
78 377
78 440
78 460
79 276
79 354
79 404
79 447
79 489
80 222
80 268
80 319
80 451
80 459
81 6
81 82
81 164
81 463
81 488
82 81
82 94
82 429
82 433
82 445
83 141
83 184
83 191
83 279
83 330
84 61
84 291
84 320
84 333
84 437
85 298
85 377
85 397
85 417
85 452
86 230
86 261
86 293
86 345
86 468
87 184
87 395
87 407
87 433
87 450
88 223
88 286
88 306
88 468
88 491
89 39
89 120
89 438
89 458
89 463
90 121
90 442
90 447
90 486
90 491
91 1
91 25
91 413
91 452
91 494
92 246
92 273
92 369
92 397
92 439
93 56
93 270
93 288
93 463
93 472
94 82
94 310
94 447
94 456
94 495
95 42
95 316
95 366
95 412
95 466
96 181
96 186
96 275
96 348
96 455
97 253
97 353
97 356
97 425
97 426
98 156
98 164
98 330
98 337
98 468
99 325
99 428
99 454
99 460
99 471
100 5
100 196
100 243
100 491
100 499
101 125
101 397
101 478
101 484
101 487
102 189
102 295
102 298
102 380
102 496
103 72
103 433
103 455
103 481
103 499
104 31
104 44
104 316
104 321
104 426
105 117
105 176
105 338
105 442
105 458
106 212
106 284
106 445
106 495
106 497
107 40
107 182
107 202
107 308
107 482
108 71
108 462
108 493
108 495
108 499
109 110
109 148
109 206
109 273
109 484
110 109
110 282
110 286
110 370
110 444
111 309
111 381
111 396
111 418
111 487
112 315
112 405
112 430
112 472
112 492
113 11
113 395
113 402
113 409
113 411
114 199
114 214
114 260
114 334
114 379
115 238
115 261
115 299
115 454
115 468
116 119
116 261
116 291
116 483
116 484
117 105
117 442
117 450
117 467
117 488
118 198
118 274
118 321
118 470
118 495
119 45
119 116
119 163
119 407
119 442
120 89
120 386
120 425
120 448
120 481
121 90
121 132
121 212
121 376
121 464
122 6
122 62
122 417
122 465
122 477
123 230
123 231
123 437
123 456
123 480
124 134
124 233
124 248
124 320
124 416
125 101
125 353
125 383
125 391
125 489
126 65
126 283
126 332
126 383
126 384
127 49
127 129
127 175
127 432
127 450
128 15
128 359
128 401
128 428
128 472
129 127
129 228
129 256
129 362
129 462
130 162
130 203
130 277
130 296
130 478
131 2
131 22
131 73
131 139
131 370
132 121
132 297
132 332
132 337
132 360
133 4
133 179
133 422
133 467
133 489
134 124
134 293
134 380
134 479
134 485
135 191
135 281
135 371
135 374
135 454
136 193
136 365
136 424
136 436
136 498
137 264
137 274
137 294
137 372
137 487
138 68
138 266
138 277
138 429
138 435
139 131
139 211
139 306
139 347
139 394
140 10
140 207
140 341
140 461
140 470
141 83
141 221
141 339
141 392
141 465
142 175
142 190
142 295
142 380
142 454
143 189
143 196
143 311
143 405
143 408
144 208
144 336
144 421
144 443
144 474
145 59
145 319
145 374
145 435
145 440
146 210
146 233
146 240
146 302
146 429
147 150
147 316
147 345
147 417
147 436
148 20
148 109
148 191
148 242
148 436
149 233
149 423
149 443
149 475
149 488
150 9
150 147
150 249
150 338
150 436
151 343
151 444
151 458
151 471
151 499
152 203
152 242
152 388
152 422
152 479
153 43
153 403
153 481
153 494
153 497
154 6
154 274
154 360
154 400
154 432
155 58
155 180
155 305
155 424
155 495
156 98
156 261
156 310
156 461
156 490
157 17
157 75
157 438
157 479
157 488
158 60
158 171
158 181
158 365
158 430
159 371
159 397
159 405
159 436
159 498
160 13
160 205
160 243
160 410
160 496
161 190
161 294
161 390
161 402
161 473
162 130
162 376
162 389
162 390
162 402
163 119
163 195
163 289
163 358
163 497
164 81
164 98
164 193
164 209
164 463
165 73
165 220
165 351
165 411
165 498
166 222
166 343
166 346
166 362
166 477
167 32
167 172
167 186
167 384
167 402
168 237
168 319
168 364
168 411
168 490
169 54
169 406
169 407
169 417
169 423
170 8
170 336
170 405
170 481
170 484
171 158
171 215
171 278
171 492
171 499
172 19
172 167
172 265
172 330
172 466
173 386
173 421
173 423
173 427
173 453
174 211
174 214
174 333
174 392
174 484
175 127
175 142
175 304
175 410
175 489
176 105
176 352
176 442
176 489
176 500
177 13
177 179
177 337
177 393
177 451
178 265
178 402
178 435
178 461
178 488
179 23
179 75
179 133
179 177
179 325
179 381
180 78
180 155
180 189
180 300
180 443
180 466
181 96
181 158
181 252
181 326
181 423
181 480
182 107
182 211
182 259
182 275
182 484
182 494
183 47
183 241
183 387
183 420
183 460
183 473
184 1
184 83
184 87
184 279
184 374
184 412
185 8
185 366
185 442
185 456
185 460
185 478
186 96
186 167
186 350
186 391
186 397
186 484
187 26
187 238
187 340
187 341
187 387
187 500
188 322
188 457
188 458
188 472
188 475
188 486
189 102
189 143
189 180
189 258
189 368
189 485
190 142
190 161
190 385
190 473
190 483
190 495
191 83
191 135
191 148
191 371
191 474
191 493
192 74
192 239
192 437
192 441
192 466
192 485
193 136
193 164
193 213
193 307
193 315
193 344
194 41
194 214
194 255
194 373
194 453
194 470
195 18
195 163
195 230
195 375
195 410
195 480
196 11
196 100
196 143
196 283
196 361
196 476
197 21
197 62
197 236
197 248
197 346
197 396
198 15
198 118
198 291
198 312
198 343
198 477
199 114
199 265
199 272
199 419
199 420
199 463
200 255
200 310
200 355
200 388
200 423
200 443
201 8
201 34
201 215
201 296
201 333
201 340
202 107
202 295
202 368
202 380
202 385
202 439
203 130
203 152
203 292
203 402
203 407
203 480
204 245
204 327
204 433
204 450
204 455
204 500
205 11
205 160
205 213
205 373
205 457
205 490
206 109
206 251
206 254
206 276
206 430
206 495
207 140
207 302
207 303
207 323
207 327
207 478
208 144
208 242
208 329
208 360
208 443
208 469
209 36
209 164
209 357
209 401
209 421
209 497
210 61
210 146
210 229
210 361
210 451
210 464
211 139
211 174
211 182
211 276
211 498
211 499
212 67
212 106
212 121
212 213
212 443
212 475
213 58
213 193
213 205
213 212
213 486
213 490
214 42
214 114
214 174
214 194
214 278
214 380
215 171
215 201
215 216
215 422
215 479
215 493
216 65
216 215
216 269
216 367
216 409
216 480
217 34
217 311
217 312
217 330
217 361
217 475
218 309
218 332
218 342
218 433
218 440
218 484
219 18
219 283
219 306
219 407
219 410
219 445
220 165
220 276
220 328
220 427
220 481
220 498
221 141
221 226
221 306
221 467
221 486
221 496
222 80
222 166
222 324
222 344
222 392
222 445
223 88
223 302
223 344
223 347
223 365
223 476
224 48
224 289
224 297
224 398
224 456
224 469
225 253
225 335
225 389
225 429
225 438
225 448
226 51
226 221
226 300
226 326
226 478
226 484
227 12
227 21
227 45
227 245
227 282
227 388
228 70
228 129
228 329
228 358
228 397
228 484
229 210
229 449
229 453
229 481
229 483
229 500
230 86
230 123
230 195
230 366
230 428
230 480
231 30
231 123
231 362
231 366
231 488
231 498
232 14
232 276
232 359
232 442
232 448
232 500
233 33
233 124
233 146
233 149
233 365
233 468
234 237
234 258
234 272
234 328
234 458
234 478
235 36
235 287
235 304
235 412
235 462
235 489
236 9
236 197
236 294
236 388
236 409
236 494
237 168
237 234
237 326
237 419
237 441
237 481
238 115
238 187
238 312
238 442
238 455
238 477
239 192
239 288
239 295
239 422
239 430
239 500
240 146
240 394
240 450
240 454
240 477
240 494
241 61
241 183
241 330
241 409
241 439
241 457
242 148
242 152
242 208
242 380
242 413
242 443
243 54
243 100
243 160
243 458
243 461
243 488
244 21
244 59
244 315
244 341
244 435
244 475
245 27
245 204
245 227
245 345
245 387
245 411
246 92
246 283
246 303
246 418
246 449
246 451
247 248
247 275
247 298
247 380
247 490
247 497
248 28
248 124
248 197
248 247
248 398
248 447
249 150
249 304
249 309
249 310
249 334
249 423
250 279
250 376
250 474
250 485
250 492
250 497
251 25
251 65
251 206
251 386
251 432
251 464
252 12
252 47
252 181
252 389
252 390
252 459
253 97
253 225
253 280
253 449
253 455
253 457
254 206
254 320
254 326
254 430
254 484
254 485
255 23
255 194
255 200
255 376
255 408
255 444
256 129
256 351
256 382
256 462
256 463
256 478
257 61
257 325
257 329
257 378
257 428
257 444
258 19
258 189
258 234
258 342
258 413
258 425
259 52
259 182
259 291
259 318
259 487
259 492
260 58
260 64
260 114
260 339
260 446
260 451
261 86
261 115
261 116
261 156
261 465
261 474
262 283
262 370
262 448
262 468
262 473
262 486
263 72
263 274
263 275
263 334
263 428
263 459
264 137
264 364
264 419
264 432
264 459
264 498
265 172
265 178
265 199
265 409
265 456
265 494
266 138
266 295
266 322
266 449
266 479
266 492
267 34
267 395
267 399
267 400
267 453
267 469
268 80
268 270
268 281
268 364
268 470
268 495
269 46
269 216
269 297
269 462
269 470
269 480
270 53
270 67
270 93
270 268
270 342
270 485
271 47
271 314
271 336
271 340
271 396
271 422
272 35
272 199
272 234
272 288
272 463
272 479
273 92
273 109
273 303
273 306
273 483
273 490
274 118
274 137
274 154
274 263
274 419
274 496
275 96
275 182
275 247
275 263
275 314
275 326
275 484
276 79
276 206
276 211
276 220
276 232
276 367
276 498
277 130
277 138
277 302
277 408
277 479
277 496
277 500
278 171
278 214
278 411
278 412
278 420
278 429
278 464
279 83
279 184
279 250
279 354
279 357
279 445
279 454
280 70
280 253
280 342
280 365
280 426
280 491
280 492
281 135
281 268
281 299
281 355
281 389
281 431
281 455
282 110
282 227
282 356
282 402
282 436
282 452
282 486
283 126
283 196
283 219
283 246
283 262
283 427
283 452
284 57
284 106
284 297
284 330
284 382
284 467
284 499
285 8
285 331
285 369
285 384
285 460
285 466
285 496
286 88
286 110
286 300
286 333
286 339
286 444
286 491
287 235
287 292
287 296
287 414
287 416
287 447
287 473
288 19
288 93
288 239
288 272
288 386
288 412
288 463
289 42
289 163
289 224
289 421
289 450
289 451
289 456
290 38
290 74
290 322
290 325
290 356
290 420
290 470
291 84
291 116
291 198
291 259
291 316
291 377
291 409
292 78
292 203
292 287
292 368
292 376
292 415
292 490
293 86
293 134
293 352
293 367
293 372
293 414
293 479
294 137
294 161
294 236
294 305
294 355
294 360
294 488
295 10
295 102
295 142
295 202
295 239
295 266
295 380
296 130
296 201
296 287
296 385
296 392
296 426
296 498
297 20
297 132
297 224
297 269
297 284
297 330
297 341
298 85
298 102
298 247
298 331
298 364
298 369
298 490
299 17
299 115
299 281
299 381
299 395
299 401
299 415
300 180
300 226
300 286
300 317
300 355
300 444
300 474
301 364
301 378
301 395
301 410
301 428
301 459
301 494
302 146
302 207
302 223
302 277
302 399
302 476
302 486
303 2
303 207
303 246
303 273
303 311
303 349
303 496
304 175
304 235
304 249
304 383
304 389
304 432
304 455
305 155
305 294
305 307
305 313
305 359
305 458
305 464
306 88
306 139
306 219
306 221
306 273
306 345
306 468
307 57
307 193
307 305
307 347
307 409
307 413
307 480
308 22
308 107
308 315
308 351
308 397
308 446
308 475
309 111
309 218
309 249
309 332
309 352
309 396
309 432
310 94
310 156
310 200
310 249
310 347
310 416
310 423
311 143
311 217
311 303
311 314
311 436
311 446
311 475
312 51
312 198
312 217
312 238
312 391
312 464
312 489
313 305
313 335
313 361
313 367
313 375
313 447
313 466
314 17
314 51
314 271
314 275
314 311
314 340
314 449
315 36
315 112
315 193
315 244
315 308
315 365
315 429
316 30
316 95
316 104
316 147
316 291
316 385
316 423
317 45
317 300
317 363
317 367
317 424
317 467
317 484
318 30
318 259
318 400
318 407
318 413
318 465
318 499
319 77
319 80
319 145
319 168
319 474
319 483
319 498
320 84
320 124
320 254
320 325
320 346
320 384
320 462
321 49
321 104
321 118
321 336
321 424
321 440
321 489
322 188
322 266
322 290
322 381
322 463
322 469
322 470
323 207
323 372
323 414
323 422
323 445
323 466
323 495
324 9
324 23
324 29
324 222
324 425
324 433
324 482
324 483
325 99
325 179
325 257
325 290
325 320
325 434
325 460
325 482
326 181
326 226
326 237
326 254
326 275
326 353
326 477
326 482
327 14
327 204
327 207
327 333
327 374
327 398
327 457
327 486
328 64
328 220
328 234
328 329
328 446
328 471
328 478
328 493
329 208
329 228
329 257
329 328
329 356
329 421
329 453
329 469
330 83
330 98
330 172
330 217
330 241
330 284
330 297
330 465
331 26
331 285
331 298
331 443
331 452
331 466
331 468
331 499
332 70
332 126
332 132
332 218
332 309
332 335
332 396
332 432
333 84
333 174
333 201
333 286
333 327
333 368
333 378
333 443
334 114
334 249
334 263
334 378
334 415
334 447
334 459
334 492
335 22
335 225
335 313
335 332
335 405
335 438
335 448
335 465
336 144
336 170
336 271
336 321
336 354
336 386
336 451
336 465
337 98
337 132
337 177
337 348
337 388
337 472
337 482
337 485
338 38
338 46
338 76
338 105
338 150
338 367
338 418
338 460
339 141
339 260
339 286
339 362
339 461
339 488
339 498
339 500
340 187
340 201
340 271
340 314
340 352
340 371
340 393
340 489
341 140
341 187
341 244
341 297
341 363
341 430
341 435
341 493
342 218
342 258
342 270
342 280
342 345
342 372
342 407
342 435
343 151
343 166
343 198
343 345
343 403
343 404
343 463
343 493
344 193
344 222
344 223
344 352
344 365
344 447
344 468
344 497
345 86
345 147
345 245
345 306
345 342
345 343
345 434
345 468
346 25
346 27
346 48
346 166
346 197
346 320
346 368
346 394
347 1
347 5
347 139
347 223
347 307
347 310
347 413
347 414
348 4
348 16
348 96
348 337
348 403
348 407
348 410
348 419
349 25
349 303
349 351
349 436
349 452
349 479
349 492
349 498
350 31
350 62
350 186
350 362
350 377
350 383
350 399
350 494
351 40
351 165
351 256
351 308
351 349
351 407
351 435
351 494
352 17
352 47
352 176
352 293
352 309
352 340
352 344
352 484
353 36
353 97
353 125
353 326
353 357
353 401
353 415
353 418
354 79
354 279
354 336
354 440
354 465
354 467
354 485
354 489
355 200
355 281
355 294
355 300
355 441
355 460
355 475
355 487
356 10
356 57
356 70
356 97
356 282
356 290
356 329
356 373
357 33
357 209
357 279
357 353
357 365
357 401
357 404
357 465
358 76
358 163
358 228
358 400
358 437
358 440
358 441
358 500
359 27
359 128
359 232
359 305
359 425
359 444
359 467
359 480
360 132
360 154
360 208
360 294
360 362
360 375
360 406
360 495
361 196
361 210
361 217
361 313
361 375
361 404
361 447
361 500
362 129
362 166
362 231
362 339
362 350
362 360
362 488
362 492
363 317
363 341
363 467
363 470
363 482
363 485
363 486
363 496
364 2
364 51
364 168
364 264
364 268
364 298
364 301
364 404
364 456
365 136
365 158
365 223
365 233
365 280
365 315
365 344
365 357
365 462
366 14
366 44
366 95
366 185
366 230
366 231
366 376
366 456
366 481
367 3
367 34
367 216
367 276
367 293
367 313
367 317
367 338
367 414
368 35
368 189
368 202
368 292
368 333
368 346
368 382
368 474
368 482
369 11
369 37
369 92
369 285
369 298
369 372
369 430
369 490
369 497
370 60
370 110
370 131
370 262
370 394
370 461
370 490
370 496
370 498
371 4
371 66
371 135
371 159
371 191
371 340
371 375
371 390
371 411
372 29
372 137
372 293
372 323
372 342
372 369
372 375
372 381
372 483
373 39
373 45
373 62
373 194
373 205
373 356
373 383
373 483
373 495
374 29
374 53
374 56
374 135
374 145
374 184
374 327
374 486
374 496
375 195
375 313
375 360
375 361
375 371
375 372
375 394
375 463
375 495
376 7
376 48
376 121
376 162
376 250
376 255
376 292
376 366
376 402
377 78
377 85
377 291
377 350
377 420
377 448
377 456
377 473
377 497
378 20
378 257
378 301
378 333
378 334
378 403
378 449
378 459
378 466
379 30
379 50
379 114
379 392
379 394
379 406
379 476
379 478
379 487
380 102
380 134
380 142
380 202
380 214
380 242
380 247
380 295
380 417
381 53
381 111
381 179
381 299
381 322
381 372
381 424
381 446
381 470
382 35
382 67
382 256
382 284
382 368
382 408
382 415
382 433
382 475
383 39
383 41
383 125
383 126
383 304
383 350
383 373
383 411
383 499
384 54
384 126
384 167
384 285
384 320
384 465
384 478
384 483
384 500
385 72
385 190
385 202
385 296
385 316
385 409
385 412
385 451
385 479
386 22
386 54
386 120
386 173
386 251
386 288
386 336
386 415
386 486
387 69
387 183
387 187
387 245
387 395
387 425
387 469
387 472
387 474
388 77
388 152
388 200
388 227
388 236
388 337
388 437
388 448
388 488
389 2
389 50
389 53
389 162
389 225
389 252
389 281
389 304
389 463
390 63
390 161
390 162
390 252
390 371
390 453
390 462
390 482
390 491
391 63
391 125
391 186
391 312
391 421
391 449
391 452
391 489
391 494
392 15
392 141
392 174
392 222
392 296
392 379
392 404
392 412
392 492
393 23
393 177
393 340
393 399
393 413
393 434
393 451
393 461
393 471
394 27
394 139
394 240
394 346
394 370
394 375
394 379
394 422
394 423
395 87
395 113
395 267
395 299
395 301
395 387
395 447
395 469
395 495
396 13
396 36
396 111
396 197
396 271
396 309
396 332
396 421
396 460
397 10
397 72
397 85
397 92
397 101
397 159
397 186
397 228
397 308
398 42
398 224
398 248
398 327
398 419
398 455
398 456
398 470
398 500
399 7
399 267
399 302
399 350
399 393
399 431
399 433
399 476
399 492
400 154
400 267
400 318
400 358
400 416
400 432
400 450
400 474
400 498
401 1
401 75
401 128
401 209
401 299
401 353
401 357
401 470
401 480
402 37
402 113
402 161
402 162
402 167
402 178
402 203
402 282
402 376
402 482
403 63
403 153
403 343
403 348
403 378
403 429
403 430
403 477
403 484
403 496
404 79
404 343
404 357
404 361
404 364
404 392
404 414
404 453
404 469
404 472
405 3
405 112
405 143
405 159
405 170
405 335
405 406
405 469
405 472
405 482
406 7
406 169
406 360
406 379
406 405
406 413
406 440
406 469
406 472
406 485
407 87
407 119
407 169
407 203
407 219
407 318
407 342
407 348
407 351
407 452
408 18
408 143
408 255
408 277
408 382
408 415
408 464
408 466
408 491
408 498
409 113
409 216
409 236
409 241
409 265
409 291
409 307
409 385
409 482
409 497
410 46
410 160
410 175
410 195
410 219
410 301
410 348
410 454
410 483
410 499
411 113
411 165
411 168
411 245
411 278
411 371
411 383
411 482
411 483
411 500
412 95
412 184
412 235
412 278
412 288
412 385
412 392
412 465
412 483
412 488
413 52
413 73
413 91
413 242
413 258
413 307
413 318
413 347
413 393
413 406
414 287
414 293
414 323
414 347
414 367
414 404
414 422
414 460
414 466
414 480
415 39
415 292
415 299
415 334
415 353
415 382
415 386
415 408
415 464
415 466
416 124
416 287
416 310
416 400
416 420
416 437
416 439
416 473
416 490
416 498
417 46
417 85
417 122
417 147
417 169
417 380
417 427
417 437
417 481
417 491
418 5
418 19
418 111
418 246
418 338
418 353
418 435
418 470
418 476
418 492
419 38
419 199
419 237
419 264
419 274
419 348
419 398
419 426
419 431
419 494
420 183
420 199
420 278
420 290
420 377
420 416
420 439
420 457
420 473
420 479
421 9
421 144
421 173
421 209
421 289
421 329
421 391
421 396
421 447
421 479
422 133
422 152
422 215
422 239
422 271
422 323
422 394
422 414
422 453
422 500
423 149
423 169
423 173
423 181
423 200
423 249
423 310
423 316
423 394
423 450
424 136
424 155
424 317
424 321
424 381
424 452
424 479
424 493
424 497
424 500
425 13
425 63
425 97
425 120
425 258
425 324
425 359
425 387
425 471
425 488
426 57
426 97
426 104
426 280
426 296
426 419
426 429
426 430
426 473
426 497
427 21
427 173
427 220
427 283
427 417
427 431
427 471
427 487
427 491
427 499
428 99
428 128
428 230
428 257
428 263
428 301
428 459
428 471
428 473
428 476
429 16
429 62
429 82
429 138
429 146
429 225
429 278
429 315
429 403
429 426
429 476
430 18
430 37
430 112
430 158
430 206
430 239
430 254
430 341
430 369
430 403
430 426
431 281
431 399
431 419
431 427
431 457
431 471
431 488
431 491
431 497
431 499
432 127
432 154
432 251
432 264
432 304
432 309
432 332
432 400
432 445
432 450
432 474
433 72
433 82
433 87
433 103
433 204
433 218
433 324
433 382
433 399
433 462
433 492
434 24
434 325
434 345
434 393
434 438
434 439
434 451
434 464
434 478
434 479
434 486
435 59
435 138
435 145
435 178
435 244
435 341
435 342
435 351
435 418
435 470
435 499
436 136
436 147
436 148
436 150
436 159
436 282
436 311
436 349
436 437
436 472
436 493
437 84
437 123
437 192
437 358
437 388
437 416
437 417
437 436
437 445
437 478
437 485
438 50
438 71
438 89
438 157
438 225
438 335
438 434
438 440
438 441
438 442
438 492
439 41
439 92
439 202
439 241
439 416
439 420
439 434
439 441
439 473
439 477
439 482
440 3
440 78
440 145
440 218
440 321
440 354
440 358
440 406
440 438
440 481
440 489
441 31
441 52
441 63
441 192
441 237
441 355
441 358
441 438
441 439
441 481
441 496
442 11
442 90
442 105
442 117
442 119
442 176
442 185
442 232
442 238
442 438
442 487
443 67
443 144
443 149
443 180
443 200
443 208
443 212
443 242
443 331
443 333
443 476
444 3
444 59
444 110
444 151
444 255
444 257
444 286
444 300
444 359
444 472
444 477
445 61
445 82
445 106
445 219
445 222
445 279
445 323
445 432
445 437
445 461
445 495
446 10
446 43
446 68
446 260
446 308
446 311
446 328
446 381
446 469
446 478
446 490
447 56
447 79
447 90
447 94
447 248
447 287
447 313
447 334
447 344
447 361
447 395
447 421
448 26
448 71
448 120
448 225
448 232
448 262
448 335
448 377
448 388
448 459
448 467
448 486
449 35
449 56
449 229
449 246
449 253
449 266
449 314
449 378
449 391
449 457
449 475
449 493
450 28
450 74
450 87
450 117
450 127
450 204
450 240
450 289
450 400
450 423
450 432
450 474
451 24
451 80
451 177
451 210
451 246
451 260
451 289
451 336
451 385
451 393
451 434
451 490
452 85
452 91
452 282
452 283
452 331
452 349
452 391
452 407
452 424
452 457
452 493
452 497
453 55
453 56
453 173
453 194
453 229
453 267
453 329
453 390
453 404
453 422
453 458
453 470
454 2
454 32
454 33
454 43
454 99
454 115
454 135
454 142
454 240
454 279
454 410
454 495
455 16
455 75
455 96
455 103
455 204
455 238
455 253
455 281
455 304
455 398
455 496
455 500
456 44
456 94
456 123
456 185
456 224
456 265
456 289
456 364
456 366
456 377
456 398
456 461
456 481
457 188
457 205
457 241
457 253
457 327
457 420
457 431
457 449
457 452
457 461
457 481
457 485
457 493
458 6
458 37
458 64
458 89
458 105
458 151
458 188
458 234
458 243
458 305
458 453
458 475
458 487
459 7
459 28
459 44
459 80
459 252
459 263
459 264
459 301
459 334
459 378
459 428
459 448
459 469
460 48
460 78
460 99
460 183
460 185
460 285
460 325
460 338
460 355
460 396
460 414
460 465
460 490
461 140
461 156
461 178
461 243
461 339
461 370
461 393
461 445
461 456
461 457
461 466
461 471
461 488
462 14
462 27
462 47
462 48
462 108
462 129
462 235
462 256
462 269
462 320
462 365
462 390
462 433
463 81
463 89
463 93
463 164
463 199
463 256
463 272
463 288
463 322
463 343
463 375
463 389
463 491
464 7
464 19
464 23
464 121
464 210
464 251
464 278
464 305
464 312
464 408
464 415
464 434
464 475
465 12
465 122
465 141
465 261
465 318
465 330
465 335
465 336
465 354
465 357
465 384
465 412
465 460
466 40
466 95
466 172
466 180
466 192
466 285
466 313
466 323
466 331
466 378
466 408
466 414
466 415
466 461
467 77
467 117
467 133
467 221
467 284
467 317
467 354
467 359
467 363
467 448
467 471
467 480
467 486
467 487
468 30
468 50
468 86
468 88
468 98
468 115
468 233
468 262
468 306
468 331
468 344
468 345
468 477
468 493
469 58
469 208
469 224
469 267
469 322
469 329
469 387
469 395
469 404
469 405
469 406
469 446
469 459
469 472
470 74
470 118
470 140
470 194
470 268
470 269
470 290
470 322
470 363
470 381
470 398
470 401
470 418
470 435
470 453
471 99
471 151
471 328
471 393
471 425
471 427
471 428
471 431
471 461
471 467
471 487
471 488
471 491
471 499
472 15
472 26
472 93
472 112
472 128
472 188
472 337
472 387
472 404
472 405
472 406
472 436
472 444
472 469
472 480
473 13
473 161
473 183
473 190
473 262
473 287
473 377
473 416
473 420
473 426
473 428
473 439
473 476
473 495
473 496
474 54
474 73
474 144
474 191
474 250
474 261
474 300
474 319
474 368
474 387
474 400
474 432
474 450
474 489
474 490
474 493
475 31
475 66
475 149
475 188
475 212
475 217
475 244
475 308
475 311
475 355
475 382
475 449
475 458
475 464
475 477
475 487
476 5
476 196
476 223
476 302
476 379
476 399
476 418
476 428
476 429
476 443
476 473
476 479
476 485
476 491
476 492
476 493
477 15
477 68
477 122
477 166
477 198
477 238
477 240
477 326
477 403
477 439
477 444
477 468
477 475
477 489
477 492
477 494
478 28
478 101
478 130
478 185
478 207
478 226
478 234
478 256
478 328
478 379
478 384
478 434
478 437
478 446
478 483
478 497
479 75
479 134
479 152
479 157
479 215
479 266
479 272
479 277
479 293
479 349
479 385
479 420
479 421
479 424
479 434
479 476
480 41
480 64
480 68
480 123
480 181
480 195
480 203
480 216
480 230
480 269
480 307
480 359
480 401
480 414
480 467
480 472
481 32
481 52
481 103
481 120
481 153
481 170
481 220
481 229
481 237
481 366
481 417
481 440
481 441
481 456
481 457
481 489
481 498
482 9
482 66
482 107
482 324
482 325
482 326
482 337
482 363
482 368
482 390
482 402
482 405
482 409
482 411
482 439
482 483
482 489
483 32
483 77
483 116
483 190
483 229
483 273
483 319
483 324
483 372
483 373
483 384
483 410
483 411
483 412
483 478
483 482
483 498
484 51
484 101
484 109
484 116
484 170
484 174
484 182
484 186
484 218
484 226
484 228
484 254
484 275
484 317
484 352
484 403
484 493
485 24
485 46
485 76
485 134
485 189
485 192
485 250
485 254
485 270
485 337
485 354
485 363
485 406
485 437
485 457
485 476
485 496
486 50
486 65
486 90
486 188
486 213
486 221
486 262
486 282
486 302
486 327
486 363
486 374
486 386
486 434
486 448
486 467
486 494
487 6
487 31
487 53
487 66
487 101
487 111
487 137
487 259
487 355
487 379
487 427
487 442
487 458
487 467
487 471
487 475
487 494
488 81
488 117
488 149
488 157
488 178
488 231
488 243
488 294
488 339
488 362
488 388
488 412
488 425
488 431
488 461
488 471
488 491
488 494
489 49
489 79
489 125
489 133
489 175
489 176
489 235
489 312
489 321
489 340
489 354
489 391
489 440
489 474
489 477
489 481
489 482
489 493
490 12
490 73
490 156
490 168
490 205
490 213
490 247
490 273
490 292
490 298
490 369
490 370
490 416
490 446
490 451
490 460
490 474
490 498
491 55
491 69
491 71
491 88
491 90
491 100
491 280
491 286
491 390
491 408
491 417
491 427
491 431
491 463
491 471
491 476
491 488
491 499
492 70
492 112
492 171
492 250
492 259
492 266
492 280
492 334
492 349
492 362
492 392
492 399
492 418
492 433
492 438
492 476
492 477
492 500
493 25
493 35
493 108
493 191
493 215
493 328
493 341
493 343
493 424
493 436
493 449
493 452
493 457
493 468
493 474
493 476
493 484
493 489
494 20
494 24
494 55
494 91
494 153
494 182
494 236
494 240
494 265
494 301
494 350
494 351
494 391
494 419
494 477
494 486
494 487
494 488
494 497
495 22
495 24
495 59
495 94
495 106
495 108
495 118
495 155
495 190
495 206
495 268
495 323
495 360
495 373
495 375
495 395
495 445
495 454
495 473
496 1
496 38
496 67
496 77
496 102
496 160
496 221
496 274
496 277
496 285
496 303
496 363
496 370
496 374
496 403
496 441
496 455
496 473
496 485
496 500
497 17
497 38
497 64
497 65
497 106
497 153
497 163
497 209
497 247
497 250
497 344
497 369
497 377
497 409
497 424
497 426
497 431
497 452
497 478
497 494
498 136
498 159
498 165
498 211
498 220
498 231
498 264
498 276
498 296
498 319
498 339
498 349
498 370
498 400
498 408
498 416
498 481
498 483
498 490
498 499
499 4
499 44
499 55
499 69
499 100
499 103
499 108
499 151
499 171
499 211
499 284
499 318
499 331
499 383
499 410
499 427
499 431
499 435
499 471
499 491
499 498
500 8
500 29
500 49
500 176
500 187
500 204
500 229
500 232
500 239
500 277
500 339
500 358
500 361
500 384
500 398
500 411
500 422
500 424
500 455
500 492
500 496
