1 180
1 269
1 343
1 344
1 364
2 104
2 191
2 413
2 448
2 457
3 74
3 193
3 208
3 228
3 448
4 91
4 92
4 395
4 454
4 499
5 161
5 187
5 263
5 364
5 465
6 174
6 311
6 354
6 467
6 497
7 57
7 206
7 209
7 267
7 432
8 71
8 133
8 401
8 478
8 479
9 166
9 358
9 406
9 441
9 479
10 185
10 190
10 192
10 300
10 396
11 69
11 127
11 324
11 442
11 495
12 158
12 280
12 324
12 440
12 457
13 14
13 110
13 123
13 286
13 324
14 13
14 135
14 209
14 294
14 459
15 127
15 363
15 410
15 425
15 459
16 42
16 151
16 183
16 301
16 392
17 61
17 146
17 394
17 495
17 500
18 31
18 39
18 235
18 425
18 478
19 76
19 125
19 211
19 382
19 389
20 59
20 153
20 421
20 448
20 497
21 236
21 302
21 473
21 493
21 497
22 25
22 34
22 287
22 293
22 435
23 128
23 192
23 222
23 332
23 439
24 95
24 134
24 417
24 454
24 473
25 22
25 32
25 343
25 385
25 466
26 55
26 85
26 90
26 159
26 430
27 317
27 462
27 476
27 494
27 496
28 194
28 302
28 393
28 470
28 486
29 69
29 124
29 264
29 267
29 355
30 157
30 184
30 205
30 369
30 473
31 18
31 48
31 119
31 188
31 463
32 25
32 154
32 226
32 300
32 424
33 121
33 174
33 299
33 475
33 499
34 22
34 117
34 183
34 307
34 435
35 108
35 426
35 455
35 470
35 499
36 176
36 303
36 401
36 466
36 491
37 178
37 228
37 253
37 264
37 376
38 48
38 286
38 358
38 466
38 481
39 18
39 162
39 306
39 327
39 400
40 91
40 140
40 222
40 271
40 356
41 169
41 285
41 339
41 403
41 413
42 16
42 365
42 393
42 407
42 419
43 192
43 220
43 230
43 443
43 491
44 89
44 367
44 371
44 416
44 435
45 46
45 161
45 199
45 257
45 284
46 45
46 82
46 108
46 132
46 263
47 61
47 65
47 75
47 112
47 255
48 31
48 38
48 379
48 433
48 458
49 270
49 274
49 425
49 432
49 445
50 310
50 399
50 413
50 431
50 496
51 163
51 218
51 276
51 344
51 429
52 92
52 247
52 376
52 400
52 450
53 56
53 147
53 351
53 413
53 452
54 417
54 441
54 442
54 468
54 497
55 26
55 68
55 288
55 463
55 491
56 53
56 242
56 382
56 411
56 475
57 7
57 227
57 301
57 341
57 491
58 129
58 171
58 184
58 339
58 474
59 20
59 153
59 407
59 412
59 424
60 101
60 173
60 223
60 490
60 500
61 17
61 47
61 288
61 445
61 483
62 294
62 297
62 440
62 481
62 483
63 211
63 356
63 433
63 438
63 497
64 109
64 303
64 376
64 458
64 484
65 47
65 229
65 372
65 406
65 464
66 258
66 353
66 415
66 435
66 448
67 271
67 273
67 415
67 418
67 464
68 55
68 197
68 311
68 339
68 468
69 11
69 29
69 286
69 419
69 472
70 97
70 154
70 374
70 471
70 494
71 8
71 382
71 397
71 442
71 449
72 73
72 107
72 170
72 326
72 480
73 72
73 110
73 148
73 197
73 290
74 3
74 103
74 450
74 484
74 499
75 47
75 115
75 175
75 495
75 500
76 19
76 191
76 410
76 448
76 493
77 132
77 166
77 338
77 425
77 458
78 213
78 256
78 314
78 350
78 469
79 215
79 224
79 424
79 451
79 466
80 236
80 404
80 425
80 467
80 498
81 110
81 318
81 329
81 447
81 471
82 46
82 84
82 228
82 268
82 305
83 84
83 118
83 312
83 419
83 420
84 82
84 83
84 98
84 209
84 493
85 26
85 98
85 284
85 460
85 492
86 196
86 202
86 278
86 395
86 439
87 262
87 356
87 438
87 456
87 499
88 233
88 244
88 296
88 440
88 452
89 44
89 164
89 212
89 322
89 411
90 26
90 383
90 457
90 481
90 483
91 4
91 40
91 216
91 327
91 462
92 4
92 52
92 258
92 334
92 386
93 210
93 272
93 440
93 449
93 486
94 130
94 215
94 255
94 350
94 483
95 24
95 189
95 248
95 279
95 394
96 172
96 214
96 261
96 334
96 414
97 70
97 421
97 446
97 458
97 494
98 84
98 85
98 175
98 386
98 478
99 310
99 337
99 350
99 382
99 453
100 203
100 356
100 471
100 480
100 496
101 60
101 183
101 281
101 472
101 477
102 221
102 418
102 469
102 480
102 496
103 74
103 107
103 140
103 207
103 363
104 2
104 234
104 359
104 422
104 439
105 204
105 272
105 374
105 490
105 495
106 119
106 120
106 183
106 393
106 477
107 72
107 103
107 355
107 385
107 442
108 35
108 46
108 169
108 495
108 500
109 64
109 137
109 179
109 209
109 455
110 13
110 73
110 81
110 329
110 442
111 170
111 357
111 442
111 449
111 472
112 47
112 167
112 288
112 332
112 404
113 358
113 388
113 398
113 489
113 493
114 186
114 287
114 409
114 459
114 494
115 75
115 267
115 274
115 415
115 457
116 130
116 156
116 294
116 299
116 436
117 34
117 138
117 346
117 414
117 422
118 83
118 227
118 327
118 405
118 496
119 31
119 106
119 308
119 397
119 476
120 106
120 396
120 444
120 488
120 499
121 33
121 322
121 473
121 477
121 488
122 275
122 279
122 394
122 424
122 434
123 13
123 167
123 181
123 422
123 463
124 29
124 139
124 166
124 280
124 348
125 19
125 419
125 441
125 470
125 493
126 175
126 451
126 452
126 460
126 479
127 11
127 15
127 217
127 420
127 482
128 23
128 262
128 286
128 358
128 403
129 58
129 357
129 441
129 479
129 496
130 94
130 116
130 317
130 342
130 343
131 149
131 157
131 220
131 368
131 435
132 46
132 77
132 189
132 295
132 476
133 8
133 368
133 403
133 471
133 495
134 24
134 218
134 275
134 494
134 500
135 14
135 428
135 429
135 481
135 496
136 155
136 268
136 408
136 428
136 464
137 109
137 238
137 388
137 468
137 485
138 117
138 161
138 338
138 368
138 454
139 124
139 227
139 474
139 475
139 499
140 40
140 103
140 213
140 305
140 480
141 149
141 163
141 315
141 357
141 500
142 251
142 361
142 430
142 446
142 456
143 273
143 292
143 334
143 416
143 452
144 203
144 286
144 349
144 363
144 448
145 203
145 274
145 327
145 418
145 499
146 17
146 193
146 307
146 344
146 418
147 53
147 319
147 388
147 484
147 485
148 73
148 284
148 403
148 444
148 454
149 131
149 141
149 189
149 263
149 343
150 232
150 391
150 472
150 481
150 495
151 16
151 386
151 398
151 468
151 497
152 170
152 226
152 318
152 326
152 458
153 20
153 59
153 165
153 203
153 438
154 32
154 70
154 261
154 343
154 495
155 136
155 292
155 359
155 425
155 446
156 116
156 361
156 386
156 414
156 427
157 30
157 131
157 199
157 278
157 493
158 12
158 196
158 205
158 395
158 489
158 492
159 26
159 303
159 310
159 392
159 426
159 493
160 166
160 223
160 430
160 458
160 464
160 498
161 5
161 45
161 138
161 245
161 451
161 482
162 39
162 240
162 354
162 446
162 458
162 470
163 51
163 141
163 266
163 333
163 460
163 492
164 89
164 209
164 273
164 294
164 359
164 384
165 153
165 181
165 370
165 402
165 447
165 499
166 9
166 77
166 124
166 160
166 338
166 411
167 112
167 123
167 218
167 346
167 356
167 462
168 297
168 325
168 453
168 456
168 466
168 488
169 41
169 108
169 201
169 296
169 405
169 443
170 72
170 111
170 152
170 226
170 393
170 465
171 58
171 306
171 314
171 340
171 437
171 470
172 96
172 267
172 273
172 292
172 345
172 489
173 60
173 301
173 308
173 320
173 459
173 493
174 6
174 33
174 185
174 259
174 315
174 423
175 75
175 98
175 126
175 218
175 268
175 404
176 36
176 304
176 389
176 406
176 449
176 475
177 247
177 337
177 408
177 445
177 450
177 475
178 37
178 286
178 336
178 358
178 455
178 476
179 109
179 313
179 318
179 484
179 489
179 492
180 1
180 374
180 417
180 475
180 488
180 489
181 123
181 165
181 240
181 371
181 409
181 417
182 246
182 278
182 309
182 447
182 486
182 487
183 16
183 34
183 101
183 106
183 255
183 391
184 30
184 58
184 234
184 256
184 412
184 413
185 10
185 174
185 311
185 328
185 331
185 462
186 114
186 269
186 305
186 335
186 430
186 460
187 5
187 224
187 349
187 357
187 417
187 484
188 31
188 192
188 269
188 345
188 422
188 423
189 95
189 132
189 149
189 341
189 407
189 420
190 10
190 308
190 416
190 423
190 460
190 480
191 2
191 76
191 428
191 448
191 487
191 497
192 10
192 23
192 43
192 188
192 407
192 493
193 3
193 146
193 281
193 319
193 354
193 393
194 28
194 206
194 279
194 467
194 485
194 497
195 249
195 305
195 392
195 460
195 473
195 482
196 86
196 158
196 285
196 355
196 404
196 487
197 68
197 73
197 203
197 320
197 329
197 380
198 264
198 352
198 360
198 425
198 457
198 462
199 45
199 157
199 260
199 395
199 439
199 484
200 242
200 266
200 286
200 406
200 455
200 465
201 169
201 255
201 372
201 375
201 416
201 474
202 86
202 312
202 343
202 381
202 473
202 485
203 100
203 144
203 145
203 153
203 197
203 448
204 105
204 405
204 411
204 490
204 494
204 496
205 30
205 158
205 316
205 397
205 399
205 491
206 7
206 194
206 234
206 367
206 432
206 500
207 103
207 253
207 289
207 340
207 378
207 429
208 3
208 291
208 440
208 451
208 463
208 469
209 7
209 14
209 84
209 109
209 164
209 446
210 93
210 282
210 396
210 432
210 444
210 486
211 19
211 63
211 221
211 345
211 440
211 459
212 89
212 244
212 399
212 439
212 445
212 470
213 78
213 140
213 241
213 353
213 412
213 488
214 96
214 243
214 260
214 385
214 485
214 488
215 79
215 94
215 342
215 362
215 481
215 500
216 91
216 279
216 366
216 443
216 486
216 487
217 127
217 397
217 418
217 424
217 492
217 499
218 51
218 134
218 167
218 175
218 392
218 472
219 231
219 288
219 348
219 423
219 469
219 480
220 43
220 131
220 277
220 310
220 485
220 491
221 102
221 211
221 241
221 250
221 272
221 432
222 23
222 40
222 230
222 251
222 293
222 385
223 60
223 160
223 298
223 479
223 485
223 493
224 79
224 187
224 298
224 327
224 378
224 406
225 337
225 348
225 401
225 431
225 443
225 474
226 32
226 152
226 170
226 264
226 364
226 373
227 57
227 118
227 139
227 248
227 363
227 372
228 3
228 37
228 82
228 241
228 392
228 449
229 65
229 283
229 350
229 441
229 450
229 479
230 43
230 222
230 246
230 300
230 370
230 385
231 219
231 337
231 427
231 469
231 475
231 495
232 150
232 293
232 409
232 410
232 453
232 497
233 88
233 259
233 280
233 298
233 401
233 425
234 104
234 184
234 206
234 466
234 485
234 498
235 18
235 237
235 335
235 345
235 379
235 420
236 21
236 80
236 242
236 416
236 463
236 493
237 235
237 260
237 280
237 354
237 451
237 453
238 137
238 320
238 381
238 477
238 484
238 488
239 268
239 298
239 409
239 440
239 493
239 497
240 162
240 181
240 291
240 408
240 426
240 499
241 213
241 221
241 228
241 254
241 334
241 467
242 56
242 200
242 236
242 310
242 413
242 496
243 214
243 405
243 428
243 463
243 481
243 498
244 88
244 212
244 322
244 326
244 454
244 493
245 161
245 285
245 297
245 403
245 415
245 448
246 182
246 230
246 319
246 366
246 488
246 489
247 52
247 177
247 258
247 450
247 476
247 500
248 95
248 227
248 249
248 299
248 417
248 443
249 195
249 248
249 275
249 391
249 405
249 468
250 221
250 300
250 366
250 417
250 441
250 498
251 142
251 222
251 293
251 355
251 442
251 489
252 372
252 437
252 439
252 454
252 494
252 496
253 37
253 207
253 315
253 368
253 490
253 498
254 241
254 255
254 306
254 316
254 358
254 455
255 47
255 94
255 183
255 201
255 254
255 347
256 78
256 184
256 337
256 412
256 453
256 486
257 45
257 262
257 295
257 450
257 458
257 472
258 66
258 92
258 247
258 353
258 365
258 427
259 174
259 233
259 260
259 406
259 421
259 452
260 199
260 214
260 237
260 259
260 432
260 500
261 96
261 154
261 313
261 367
261 480
261 498
262 87
262 128
262 257
262 340
262 369
262 389
263 5
263 46
263 149
263 378
263 390
263 484
264 29
264 37
264 198
264 226
264 323
264 420
265 352
265 419
265 421
265 451
265 461
265 470
266 163
266 200
266 325
266 413
266 438
266 445
266 466
267 7
267 29
267 115
267 172
267 275
267 397
267 417
268 82
268 136
268 175
268 239
268 296
268 423
268 462
269 1
269 186
269 188
269 275
269 335
269 377
269 459
270 49
270 445
270 446
270 450
270 479
270 486
270 494
271 40
271 67
271 274
271 281
271 412
271 455
271 479
272 93
272 105
272 221
272 278
272 342
272 465
272 486
273 67
273 143
273 164
273 172
273 292
273 330
273 373
274 49
274 115
274 145
274 271
274 374
274 449
274 464
275 122
275 134
275 249
275 267
275 269
275 314
275 378
276 51
276 354
276 370
276 432
276 438
276 461
276 490
277 220
277 351
277 402
277 453
277 461
277 462
277 478
278 86
278 157
278 182
278 272
278 363
278 394
278 498
279 95
279 122
279 194
279 216
279 319
279 471
279 487
280 12
280 124
280 233
280 237
280 337
280 361
280 390
281 101
281 193
281 271
281 330
281 447
281 473
281 490
282 210
282 346
282 353
282 364
282 369
282 428
282 457
283 229
283 300
283 306
283 338
283 467
283 479
283 490
284 45
284 85
284 148
284 355
284 396
284 437
284 477
285 41
285 196
285 245
285 345
285 372
285 403
285 462
286 13
286 38
286 69
286 128
286 144
286 178
286 200
287 22
287 114
287 295
287 323
287 365
287 401
287 411
288 55
288 61
288 112
288 219
288 332
288 389
288 453
289 207
289 290
289 317
289 378
289 399
289 427
289 451
290 73
290 289
290 331
290 414
290 462
290 467
290 498
291 208
291 240
291 433
291 453
291 473
291 475
291 494
292 143
292 155
292 172
292 273
292 455
292 483
292 486
293 22
293 222
293 232
293 251
293 417
293 478
293 495
294 14
294 62
294 116
294 164
294 295
294 413
294 470
295 132
295 257
295 287
295 294
295 354
295 450
295 461
296 88
296 169
296 268
296 422
296 434
296 466
296 476
297 62
297 168
297 245
297 403
297 478
297 484
297 485
298 223
298 224
298 233
298 239
298 384
298 426
298 455
299 33
299 116
299 248
299 326
299 328
299 492
299 497
300 10
300 32
300 230
300 250
300 283
300 347
300 460
301 16
301 57
301 173
301 350
301 367
301 401
301 438
302 21
302 28
302 361
302 363
302 468
302 497
302 500
303 36
303 64
303 159
303 365
303 431
303 436
303 451
304 176
304 347
304 379
304 462
304 468
304 472
304 495
305 82
305 140
305 186
305 195
305 318
305 433
305 482
306 39
306 171
306 254
306 283
306 464
306 482
306 484
307 34
307 146
307 435
307 473
307 487
307 499
307 500
308 119
308 173
308 190
308 323
308 414
308 456
308 478
309 182
309 312
309 321
309 394
309 434
309 465
309 492
310 50
310 99
310 159
310 220
310 242
310 430
310 494
311 6
311 68
311 185
311 426
311 436
311 489
311 499
312 83
312 202
312 309
312 358
312 359
312 421
312 487
313 179
313 261
313 395
313 414
313 475
313 494
313 498
314 78
314 171
314 275
314 367
314 397
314 438
314 443
315 141
315 174
315 253
315 323
315 361
315 386
315 488
316 205
316 254
316 375
316 457
316 489
316 491
316 496
317 27
317 130
317 289
317 397
317 434
317 449
317 482
318 81
318 152
318 179
318 305
318 373
318 482
318 483
319 147
319 193
319 246
319 279
319 351
319 486
319 487
320 173
320 197
320 238
320 382
320 404
320 431
320 481
321 309
321 354
321 390
321 399
321 421
321 447
321 490
322 89
322 121
322 244
322 354
322 451
322 453
322 460
323 264
323 287
323 308
323 315
323 361
323 375
323 478
324 11
324 12
324 13
324 383
324 398
324 464
324 489
325 168
325 266
325 405
325 411
325 455
325 459
325 463
326 72
326 152
326 244
326 299
326 336
326 365
326 445
327 39
327 91
327 118
327 145
327 224
327 363
327 407
328 185
328 299
328 333
328 359
328 362
328 420
328 487
329 81
329 110
329 197
329 364
329 381
329 463
329 497
330 273
330 281
330 345
330 487
330 494
330 495
330 496
331 185
331 290
331 347
331 415
331 457
331 467
331 481
332 23
332 112
332 288
332 338
332 398
332 418
332 480
333 163
333 328
333 359
333 420
333 436
333 474
333 476
334 92
334 96
334 143
334 241
334 430
334 432
334 440
335 186
335 235
335 269
335 348
335 388
335 404
335 485
335 500
336 178
336 326
336 341
336 433
336 449
336 474
336 490
336 498
337 99
337 177
337 225
337 231
337 256
337 280
337 465
337 486
338 77
338 138
338 166
338 283
338 332
338 412
338 414
338 444
339 41
339 58
339 68
339 400
339 427
339 431
339 461
339 466
340 171
340 207
340 262
340 356
340 389
340 392
340 415
340 462
341 57
341 189
341 336
341 342
341 376
341 377
341 481
341 483
342 130
342 215
342 272
342 341
342 384
342 424
342 440
342 494
343 1
343 25
343 130
343 149
343 154
343 202
343 364
343 436
344 1
344 51
344 146
344 347
344 367
344 375
344 445
344 472
345 172
345 188
345 211
345 235
345 285
345 330
345 391
345 442
346 117
346 167
346 282
346 351
346 359
346 422
346 475
346 496
347 255
347 300
347 304
347 331
347 344
347 369
347 376
347 500
348 124
348 219
348 225
348 335
348 404
348 456
348 478
348 497
349 144
349 187
349 400
349 427
349 441
349 469
349 483
349 486
350 78
350 94
350 99
350 229
350 301
350 369
350 387
350 459
351 53
351 277
351 319
351 346
351 356
351 420
351 458
351 462
352 198
352 265
352 380
352 381
352 413
352 423
352 464
352 469
353 66
353 213
353 258
353 282
353 402
353 416
353 436
353 500
354 6
354 162
354 193
354 237
354 276
354 295
354 321
354 322
355 29
355 107
355 196
355 251
355 284
355 371
355 467
355 496
356 40
356 63
356 87
356 100
356 167
356 340
356 351
356 368
357 111
357 129
357 141
357 187
357 376
357 454
357 457
357 476
358 9
358 38
358 113
358 128
358 178
358 254
358 312
358 455
359 104
359 155
359 164
359 312
359 328
359 333
359 346
359 479
360 198
360 362
360 371
360 372
360 374
360 404
360 456
360 478
361 142
361 156
361 280
361 302
361 315
361 323
361 395
361 437
362 215
362 328
362 360
362 391
362 436
362 440
362 470
362 495
363 15
363 103
363 144
363 227
363 278
363 302
363 327
363 477
364 1
364 5
364 226
364 282
364 329
364 343
364 461
364 492
365 42
365 258
365 287
365 303
365 326
365 436
365 494
365 499
366 216
366 246
366 250
366 410
366 429
366 461
366 481
366 483
367 44
367 206
367 261
367 301
367 314
367 344
367 371
367 380
368 131
368 133
368 138
368 253
368 356
368 379
368 424
368 443
369 30
369 262
369 282
369 347
369 350
369 473
369 480
369 490
370 165
370 230
370 276
370 374
370 398
370 476
370 481
370 489
371 44
371 181
371 355
371 360
371 367
371 429
371 446
371 476
372 65
372 201
372 227
372 252
372 285
372 360
372 418
372 480
373 226
373 273
373 318
373 374
373 453
373 454
373 482
373 492
374 70
374 105
374 180
374 274
374 360
374 370
374 373
374 398
375 201
375 316
375 323
375 344
375 379
375 399
375 452
375 491
376 37
376 52
376 64
376 341
376 347
376 357
376 385
376 482
377 269
377 341
377 380
377 381
377 429
377 446
377 476
377 499
378 207
378 224
378 263
378 275
378 289
378 385
378 421
378 451
379 48
379 235
379 304
379 368
379 375
379 394
379 461
379 468
379 497
380 197
380 352
380 367
380 377
380 386
380 410
380 414
380 439
380 499
381 202
381 238
381 329
381 352
381 377
381 423
381 446
381 469
381 494
382 19
382 56
382 71
382 99
382 320
382 384
382 389
382 433
382 493
383 90
383 324
383 388
383 390
383 398
383 444
383 477
383 488
383 498
384 164
384 298
384 342
384 382
384 419
384 457
384 470
384 487
384 490
385 25
385 107
385 214
385 222
385 230
385 376
385 378
385 391
385 427
386 92
386 98
386 151
386 156
386 315
386 380
386 390
386 477
386 485
387 350
387 391
387 392
387 408
387 430
387 438
387 446
387 458
387 471
388 113
388 137
388 147
388 335
388 383
388 426
388 485
388 495
388 498
389 19
389 176
389 262
389 288
389 340
389 382
389 444
389 474
389 483
390 263
390 280
390 321
390 383
390 386
390 428
390 447
390 473
390 490
391 150
391 183
391 249
391 345
391 362
391 385
391 387
391 431
391 460
392 16
392 159
392 195
392 218
392 228
392 340
392 387
392 394
392 462
393 28
393 42
393 106
393 170
393 193
393 407
393 427
393 452
393 457
394 17
394 95
394 122
394 278
394 309
394 379
394 392
394 471
394 492
395 4
395 86
395 158
395 199
395 313
395 361
395 442
395 494
395 499
396 10
396 120
396 210
396 284
396 400
396 428
396 444
396 472
396 490
397 71
397 119
397 205
397 217
397 267
397 314
397 317
397 402
397 454
398 113
398 151
398 324
398 332
398 370
398 374
398 383
398 415
398 492
399 50
399 205
399 212
399 289
399 321
399 375
399 484
399 487
399 491
400 39
400 52
400 339
400 349
400 396
400 412
400 443
400 454
400 484
401 8
401 36
401 225
401 233
401 287
401 301
401 466
401 486
401 498
402 165
402 277
402 353
402 397
402 405
402 411
402 419
402 441
402 499
403 41
403 128
403 133
403 148
403 245
403 285
403 297
403 434
403 471
404 80
404 112
404 175
404 196
404 320
404 335
404 348
404 360
404 423
405 118
405 169
405 204
405 243
405 249
405 325
405 402
405 411
405 493
406 9
406 65
406 176
406 200
406 224
406 259
406 449
406 478
406 492
407 42
407 59
407 189
407 192
407 327
407 393
407 429
407 461
407 482
408 136
408 177
408 240
408 387
408 417
408 437
408 464
408 480
408 483
409 114
409 181
409 232
409 239
409 428
409 463
409 473
409 489
409 493
410 15
410 76
410 232
410 366
410 380
410 427
410 437
410 465
410 475
411 56
411 89
411 166
411 204
411 287
411 325
411 402
411 405
411 416
411 466
412 59
412 184
412 213
412 256
412 271
412 338
412 400
412 418
412 464
412 490
413 2
413 41
413 50
413 53
413 184
413 242
413 266
413 294
413 352
413 485
414 96
414 117
414 156
414 290
414 308
414 313
414 338
414 380
414 482
414 498
415 66
415 67
415 115
415 245
415 331
415 340
415 398
415 457
415 471
415 494
416 44
416 143
416 190
416 201
416 236
416 353
416 411
416 424
416 466
416 481
417 24
417 54
417 180
417 181
417 187
417 248
417 250
417 267
417 293
417 408
418 67
418 102
418 145
418 146
418 217
418 332
418 372
418 412
418 474
418 480
419 42
419 69
419 83
419 125
419 265
419 384
419 402
419 434
419 478
419 500
420 83
420 127
420 189
420 235
420 264
420 328
420 333
420 351
420 487
420 498
421 20
421 97
421 259
421 265
421 312
421 321
421 378
421 431
421 465
421 470
422 104
422 117
422 123
422 188
422 296
422 346
422 434
422 439
422 468
422 481
423 174
423 188
423 190
423 219
423 268
423 352
423 381
423 404
423 461
423 469
424 32
424 59
424 79
424 122
424 217
424 342
424 368
424 416
424 443
424 497
425 15
425 18
425 49
425 77
425 80
425 155
425 198
425 233
425 467
425 491
426 35
426 159
426 240
426 298
426 311
426 388
426 429
426 452
426 486
426 491
427 156
427 231
427 258
427 289
427 339
427 349
427 385
427 393
427 410
427 484
428 135
428 136
428 191
428 243
428 282
428 390
428 396
428 409
428 444
428 489
429 51
429 135
429 207
429 366
429 371
429 377
429 407
429 426
429 431
429 483
430 26
430 142
430 160
430 186
430 310
430 334
430 387
430 436
430 458
430 460
431 50
431 225
431 303
431 320
431 339
431 391
431 421
431 429
431 459
431 474
432 7
432 49
432 206
432 210
432 221
432 260
432 276
432 334
432 467
432 471
433 48
433 63
433 291
433 305
433 336
433 382
433 450
433 456
433 474
433 479
434 122
434 296
434 309
434 317
434 403
434 419
434 422
434 442
434 451
434 484
434 492
435 22
435 34
435 44
435 66
435 131
435 307
435 439
435 455
435 487
435 496
435 497
436 116
436 303
436 311
436 333
436 343
436 353
436 362
436 365
436 430
436 469
436 470
437 171
437 252
437 284
437 361
437 408
437 410
437 439
437 440
437 465
437 475
437 488
438 63
438 87
438 153
438 266
438 276
438 301
438 314
438 387
438 476
438 479
438 493
439 23
439 86
439 104
439 199
439 212
439 252
439 380
439 422
439 435
439 437
439 465
440 12
440 62
440 88
440 93
440 208
440 211
440 239
440 334
440 342
440 362
440 437
441 9
441 54
441 125
441 129
441 229
441 250
441 349
441 402
441 469
441 479
441 500
442 11
442 54
442 71
442 107
442 110
442 111
442 251
442 345
442 395
442 434
442 453
443 43
443 169
443 216
443 225
443 248
443 314
443 368
443 400
443 424
443 468
443 497
444 120
444 148
444 210
444 338
444 383
444 389
444 396
444 428
444 466
444 468
444 486
445 49
445 61
445 177
445 212
445 266
445 270
445 326
445 344
445 450
445 478
445 495
446 97
446 142
446 155
446 162
446 209
446 270
446 371
446 377
446 381
446 387
446 464
447 81
447 165
447 182
447 281
447 321
447 390
447 459
447 468
447 473
447 477
447 490
448 2
448 3
448 20
448 66
448 76
448 144
448 191
448 203
448 245
448 477
448 489
449 71
449 93
449 111
449 176
449 228
449 274
449 317
449 336
449 406
449 452
449 492
450 52
450 74
450 177
450 229
450 247
450 257
450 270
450 295
450 433
450 445
450 478
450 488
451 79
451 126
451 161
451 208
451 237
451 265
451 289
451 303
451 322
451 378
451 434
451 470
452 53
452 88
452 126
452 143
452 259
452 375
452 393
452 426
452 449
452 477
452 486
452 487
453 99
453 168
453 232
453 237
453 256
453 277
453 288
453 291
453 322
453 373
453 442
453 490
454 4
454 24
454 138
454 148
454 244
454 252
454 357
454 373
454 397
454 400
454 463
454 489
455 35
455 109
455 178
455 200
455 254
455 271
455 292
455 298
455 325
455 358
455 435
455 473
456 87
456 142
456 168
456 308
456 348
456 360
456 433
456 465
456 478
456 484
456 491
456 496
457 2
457 12
457 90
457 115
457 198
457 282
457 316
457 331
457 357
457 384
457 393
457 415
458 48
458 64
458 77
458 97
458 152
458 160
458 162
458 257
458 351
458 387
458 430
458 487
459 14
459 15
459 114
459 173
459 211
459 269
459 325
459 350
459 431
459 447
459 469
459 498
460 85
460 126
460 163
460 186
460 190
460 195
460 300
460 322
460 391
460 430
460 463
460 482
461 265
461 276
461 277
461 295
461 339
461 364
461 366
461 379
461 407
461 423
461 465
461 477
461 490
462 27
462 91
462 167
462 185
462 198
462 268
462 277
462 285
462 290
462 304
462 340
462 351
462 392
463 31
463 55
463 123
463 208
463 236
463 243
463 325
463 329
463 409
463 454
463 460
463 474
463 476
464 65
464 67
464 136
464 160
464 274
464 306
464 324
464 352
464 408
464 412
464 446
464 480
464 491
465 5
465 170
465 200
465 272
465 309
465 337
465 410
465 421
465 437
465 439
465 456
465 461
465 475
466 25
466 36
466 38
466 79
466 168
466 234
466 266
466 296
466 339
466 401
466 411
466 416
466 444
467 6
467 80
467 194
467 241
467 283
467 290
467 331
467 355
467 425
467 432
467 480
467 485
467 498
468 54
468 68
468 137
468 151
468 249
468 302
468 304
468 379
468 422
468 443
468 444
468 447
468 481
469 78
469 102
469 208
469 219
469 231
469 349
469 352
469 381
469 423
469 436
469 441
469 459
469 479
470 28
470 35
470 125
470 162
470 171
470 212
470 265
470 294
470 362
470 384
470 421
470 436
470 451
470 480
471 70
471 81
471 100
471 133
471 279
471 387
471 394
471 403
471 415
471 432
471 472
471 494
471 496
471 500
472 69
472 101
472 111
472 150
472 218
472 257
472 304
472 344
472 396
472 471
472 485
472 491
472 495
472 500
473 21
473 24
473 30
473 121
473 195
473 202
473 281
473 291
473 307
473 369
473 390
473 409
473 447
473 455
474 58
474 139
474 201
474 225
474 333
474 336
474 389
474 418
474 431
474 433
474 463
474 482
474 483
474 487
475 33
475 56
475 139
475 176
475 177
475 180
475 231
475 291
475 313
475 346
475 410
475 437
475 465
475 480
475 482
476 27
476 119
476 132
476 178
476 247
476 296
476 333
476 357
476 370
476 371
476 377
476 438
476 463
476 481
476 499
477 101
477 106
477 121
477 238
477 284
477 363
477 383
477 386
477 447
477 448
477 452
477 461
477 479
477 488
477 497
478 8
478 18
478 98
478 277
478 293
478 297
478 308
478 323
478 348
478 360
478 406
478 419
478 445
478 450
478 456
479 8
479 9
479 126
479 129
479 223
479 229
479 270
479 271
479 283
479 359
479 433
479 438
479 441
479 469
479 477
480 72
480 100
480 102
480 140
480 190
480 219
480 261
480 332
480 369
480 372
480 408
480 418
480 464
480 467
480 470
480 475
481 38
481 62
481 90
481 135
481 150
481 215
481 243
481 320
481 331
481 341
481 366
481 370
481 416
481 422
481 468
481 476
482 127
482 161
482 195
482 305
482 306
482 317
482 318
482 373
482 376
482 407
482 414
482 460
482 474
482 475
482 484
482 498
483 61
483 62
483 90
483 94
483 292
483 318
483 341
483 349
483 366
483 389
483 408
483 429
483 474
483 488
483 491
483 500
484 64
484 74
484 147
484 179
484 187
484 199
484 238
484 263
484 297
484 306
484 399
484 400
484 427
484 434
484 456
484 482
484 492
485 137
485 147
485 194
485 202
485 214
485 220
485 223
485 234
485 297
485 335
485 386
485 388
485 413
485 467
485 472
485 496
485 498
486 28
486 93
486 182
486 210
486 216
486 256
486 270
486 272
486 292
486 319
486 337
486 349
486 401
486 426
486 444
486 452
486 488
487 182
487 191
487 196
487 216
487 279
487 307
487 312
487 319
487 328
487 330
487 384
487 399
487 420
487 435
487 452
487 458
487 474
488 120
488 121
488 168
488 180
488 213
488 214
488 238
488 246
488 315
488 383
488 437
488 450
488 477
488 483
488 486
488 489
488 491
489 113
489 158
489 172
489 179
489 180
489 246
489 251
489 311
489 316
489 324
489 370
489 409
489 428
489 448
489 454
489 488
489 499
490 60
490 105
490 204
490 253
490 276
490 281
490 283
490 321
490 336
490 369
490 384
490 390
490 396
490 412
490 447
490 453
490 461
491 36
491 43
491 55
491 57
491 205
491 220
491 316
491 375
491 399
491 425
491 426
491 456
491 464
491 472
491 483
491 488
491 492
491 499
492 85
492 158
492 163
492 179
492 217
492 299
492 309
492 364
492 373
492 394
492 398
492 406
492 434
492 449
492 484
492 491
492 493
492 495
493 21
493 76
493 84
493 113
493 125
493 157
493 159
493 173
493 192
493 223
493 236
493 239
493 244
493 382
493 405
493 409
493 438
493 492
494 27
494 70
494 97
494 114
494 134
494 204
494 252
494 270
494 291
494 310
494 313
494 330
494 342
494 365
494 381
494 395
494 415
494 471
495 11
495 17
495 75
495 105
495 108
495 133
495 150
495 154
495 231
495 293
495 304
495 330
495 362
495 388
495 445
495 472
495 492
495 500
496 27
496 50
496 100
496 102
496 118
496 129
496 135
496 204
496 242
496 252
496 316
496 330
496 346
496 355
496 435
496 456
496 471
496 485
497 6
497 20
497 21
497 54
497 63
497 151
497 191
497 194
497 232
497 239
497 299
497 302
497 329
497 348
497 379
497 424
497 435
497 443
497 477
498 80
498 160
498 234
498 243
498 250
498 253
498 261
498 278
498 290
498 313
498 336
498 383
498 388
498 401
498 414
498 420
498 459
498 467
498 482
498 485
499 4
499 33
499 35
499 74
499 87
499 120
499 139
499 145
499 165
499 217
499 240
499 307
499 311
499 365
499 377
499 380
499 395
499 402
499 476
499 489
499 491
500 17
500 60
500 75
500 108
500 134
500 141
500 206
500 215
500 247
500 260
500 302
500 307
500 335
500 347
500 353
500 419
500 441
500 471
500 472
500 483
500 495
