1 9
1 33
1 332
1 453
1 489
2 24
2 204
2 255
2 257
2 277
3 9
3 128
3 179
3 216
3 433
4 97
4 100
4 101
4 233
4 257
5 49
5 51
5 52
5 92
5 97
6 26
6 30
6 145
6 387
6 489
7 220
7 222
7 223
7 308
7 499
8 44
8 47
8 436
8 446
8 482
9 1
9 3
9 179
9 421
9 494
10 155
10 159
10 171
10 425
10 431
11 12
11 15
11 90
11 193
11 493
12 11
12 14
12 15
12 294
12 449
13 78
13 79
13 84
13 251
13 405
14 12
14 15
14 22
14 193
14 376
15 11
15 12
15 14
15 139
15 494
16 217
16 236
16 271
16 275
16 442
17 352
17 386
17 418
17 482
17 491
18 20
18 35
18 209
18 274
18 480
19 22
19 201
19 248
19 279
19 492
20 18
20 68
20 168
20 209
20 412
21 56
21 206
21 208
21 213
21 453
22 14
22 19
22 127
22 209
22 248
23 83
23 177
23 316
23 318
23 462
24 2
24 148
24 277
24 284
24 495
25 32
25 34
25 39
25 132
25 207
26 6
26 30
26 373
26 436
26 477
27 36
27 64
27 95
27 96
27 97
28 106
28 107
28 111
28 218
28 474
29 31
29 177
29 207
29 221
29 437
30 6
30 26
30 309
30 373
30 436
31 29
31 176
31 207
31 406
31 430
32 25
32 34
32 83
32 111
32 258
33 1
33 212
33 253
33 254
33 258
34 25
34 32
34 414
34 481
34 488
35 18
35 40
35 62
35 325
35 498
36 27
36 40
36 202
36 398
36 412
37 38
37 41
37 221
37 295
37 423
38 37
38 41
38 338
38 488
38 499
39 25
39 78
39 138
39 139
39 405
40 35
40 36
40 41
40 96
40 492
41 37
41 38
41 40
41 311
41 375
42 43
42 46
42 48
42 400
42 472
43 42
43 46
43 48
43 59
43 349
44 8
44 47
44 113
44 436
44 446
45 54
45 59
45 62
45 233
45 486
46 42
46 43
46 48
46 75
46 124
47 8
47 44
47 213
47 373
47 446
48 42
48 43
48 46
48 440
48 490
49 5
49 51
49 52
49 239
49 336
50 57
50 74
50 336
50 446
50 489
51 5
51 49
51 52
51 461
51 493
52 5
52 49
52 51
52 290
52 472
53 56
53 58
53 411
53 421
53 494
54 45
54 72
54 73
54 392
54 465
55 130
55 226
55 331
55 371
55 446
56 21
56 53
56 58
56 59
56 394
57 50
57 60
57 74
57 360
57 446
58 53
58 56
58 59
58 378
58 407
59 43
59 45
59 56
59 58
59 349
60 57
60 74
60 80
60 214
60 451
61 131
61 134
61 143
61 147
61 149
62 35
62 45
62 150
62 233
62 255
63 126
63 127
63 128
63 151
63 444
64 27
64 65
64 202
64 233
64 305
65 64
65 66
65 125
65 166
65 255
66 65
66 67
66 116
66 255
66 473
67 66
67 68
67 69
67 120
67 468
68 20
68 67
68 69
68 103
68 487
69 67
69 68
69 70
69 160
69 444
70 69
70 71
70 72
70 485
70 495
71 70
71 72
71 309
71 390
71 478
72 54
72 70
72 71
72 209
72 213
73 54
73 76
73 222
73 441
73 497
74 50
74 57
74 60
74 80
74 334
75 46
75 76
75 403
75 449
75 499
76 73
76 75
76 77
76 158
76 159
77 76
77 78
77 79
77 127
77 192
78 13
78 39
78 77
78 79
78 132
79 13
79 77
79 78
79 475
79 479
80 60
80 74
80 82
80 326
80 487
81 84
81 85
81 204
81 470
81 479
82 80
82 170
82 416
82 435
82 480
83 23
83 32
83 207
83 248
83 492
84 13
84 81
84 85
84 271
84 488
85 81
85 84
85 86
85 169
85 492
86 85
86 153
86 189
86 333
86 496
87 88
87 189
87 197
87 292
87 315
88 87
88 256
88 315
88 474
88 478
89 90
89 92
89 256
89 482
89 491
90 11
90 89
90 92
90 256
90 493
91 94
91 110
91 315
91 430
91 435
92 5
92 89
92 90
92 93
92 410
93 92
93 96
93 209
93 264
93 399
94 91
94 110
94 412
94 435
94 453
95 27
95 96
95 380
95 461
95 493
96 27
96 40
96 93
96 95
96 492
97 4
97 5
97 27
97 101
97 109
98 165
98 344
98 346
98 452
98 481
99 100
99 102
99 391
99 403
99 481
100 4
100 99
100 102
100 338
100 499
101 4
101 97
101 102
101 365
101 428
102 99
102 100
102 101
102 124
102 200
103 68
103 104
103 105
103 207
103 448
104 103
104 105
104 416
104 482
104 491
105 103
105 104
105 269
105 340
105 387
106 28
106 107
106 205
106 224
106 476
107 28
107 106
107 310
107 381
107 428
108 135
108 153
108 173
108 243
108 291
109 97
109 111
109 112
109 254
109 404
110 91
110 94
110 146
110 430
110 459
111 28
111 32
111 109
111 112
111 258
112 109
112 111
112 141
112 182
112 236
113 44
113 130
113 356
113 406
113 480
114 116
114 180
114 236
114 449
114 476
115 210
115 221
115 226
115 227
115 445
116 66
116 114
116 117
116 120
116 236
117 116
117 118
117 253
117 280
117 373
118 117
118 119
118 280
118 341
118 452
119 118
119 120
119 280
119 342
119 404
120 67
120 116
120 119
120 121
120 122
121 120
121 122
121 275
121 467
121 485
122 120
122 121
122 123
122 217
122 453
123 122
123 125
123 196
123 278
123 286
124 46
124 102
124 144
124 149
124 374
125 65
125 123
125 188
125 278
125 458
126 63
126 127
126 214
126 278
126 437
127 22
127 63
127 77
127 126
127 278
128 3
128 63
128 129
128 196
128 500
129 128
129 132
129 235
129 335
129 433
130 55
130 113
130 331
130 356
130 371
130 494
131 61
131 259
131 260
131 294
131 478
132 25
132 78
132 129
132 135
132 136
133 310
133 342
133 381
133 407
133 451
134 61
134 147
134 167
134 181
134 197
135 108
135 132
135 136
135 208
135 458
136 132
136 135
136 307
136 448
136 476
137 138
137 154
137 306
137 449
137 497
138 39
138 137
138 139
138 474
138 478
139 15
139 39
139 138
139 145
139 494
140 141
140 145
140 215
140 466
140 467
141 112
141 140
141 145
141 197
141 352
142 147
142 149
142 184
142 434
142 499
143 61
143 147
143 149
143 185
143 289
144 124
144 204
144 279
144 323
144 375
145 6
145 139
145 140
145 141
145 197
146 110
146 155
146 430
146 467
146 478
147 61
147 134
147 142
147 143
147 452
148 24
148 257
148 284
148 346
148 476
149 61
149 124
149 142
149 143
149 369
150 62
150 151
150 261
150 284
150 414
151 63
151 150
151 261
151 444
151 450
152 154
152 156
152 347
152 412
152 456
153 86
153 108
153 175
153 399
153 443
154 137
154 152
154 156
154 157
154 261
155 10
155 146
155 159
155 171
155 188
156 152
156 154
156 247
156 428
156 450
157 154
157 158
157 190
157 431
157 471
158 76
158 157
158 160
158 328
158 424
159 10
159 76
159 155
159 171
159 430
160 69
160 158
160 162
160 328
160 444
161 273
161 296
161 316
161 390
161 402
162 160
162 163
162 328
162 485
162 495
163 162
163 346
163 419
163 456
163 476
164 166
164 169
164 397
164 439
164 484
165 98
165 174
165 310
165 344
165 413
166 65
166 164
166 169
166 270
166 296
167 134
167 168
167 170
167 181
167 411
168 20
168 167
168 169
168 170
168 207
169 85
169 164
169 166
169 168
169 492
170 82
170 167
170 168
170 486
170 492
171 10
171 155
171 159
171 417
171 476
172 175
172 176
172 291
172 455
172 490
173 108
173 440
173 462
173 474
173 490
174 165
174 183
174 372
174 417
174 494
175 153
175 172
175 291
175 363
175 406
176 31
176 172
176 177
176 363
176 488
177 23
177 29
177 176
177 199
177 214
178 200
178 281
178 386
178 420
178 457
178 473
179 3
179 9
179 193
179 445
179 460
179 469
180 114
180 246
180 263
180 265
180 266
180 303
181 134
181 167
181 299
181 306
181 329
181 433
182 112
182 289
182 290
182 295
182 352
182 367
183 174
183 184
183 356
183 372
183 389
183 417
184 142
184 183
184 185
184 365
184 372
184 499
185 143
185 184
185 297
185 365
185 417
185 477
186 237
186 285
186 287
186 443
186 445
186 500
187 191
187 313
187 330
187 365
187 430
187 482
188 125
188 155
188 191
188 195
188 451
188 498
189 86
189 87
189 193
189 199
189 333
189 455
190 157
190 244
190 245
190 380
190 411
190 481
191 187
191 188
191 195
191 233
191 313
191 436
192 77
192 247
192 312
192 380
192 385
192 399
193 11
193 14
193 179
193 189
193 199
193 332
194 195
194 196
194 324
194 477
194 489
194 500
195 188
195 191
195 194
195 196
195 420
195 470
196 123
196 128
196 194
196 195
196 324
196 386
197 87
197 134
197 141
197 145
197 413
197 471
198 200
198 262
198 386
198 420
198 440
198 496
199 177
199 189
199 193
199 214
199 291
199 418
200 102
200 178
200 198
200 386
200 403
200 420
201 19
201 202
201 203
201 205
201 323
201 432
202 36
202 64
202 201
202 203
202 451
202 457
203 201
203 202
203 205
203 206
203 394
203 431
204 2
204 81
204 144
204 257
204 288
204 479
205 106
205 201
205 203
205 206
205 380
205 420
206 21
206 203
206 205
206 208
206 238
206 385
207 25
207 29
207 31
207 83
207 103
207 168
208 21
208 135
208 206
208 211
208 217
208 219
209 18
209 20
209 22
209 72
209 93
209 326
210 115
210 226
210 227
210 243
210 287
210 401
211 208
211 213
211 217
211 218
211 485
211 495
212 33
212 253
212 258
212 296
212 401
212 418
213 21
213 47
213 72
213 211
213 217
213 218
214 60
214 126
214 177
214 199
214 269
214 437
215 140
215 337
215 348
215 390
215 466
215 472
216 3
216 273
216 347
216 374
216 477
216 499
217 16
217 122
217 208
217 211
217 213
217 219
218 28
218 211
218 213
218 219
218 220
218 462
219 208
219 217
219 218
219 220
219 287
219 308
220 7
220 218
220 219
220 308
220 391
220 488
221 29
221 37
221 115
221 227
221 228
221 354
222 7
222 73
222 223
222 224
222 369
222 498
223 7
223 222
223 224
223 315
223 384
223 500
224 106
224 222
224 223
224 306
224 308
224 331
225 229
225 230
225 232
225 238
225 331
225 484
226 55
226 115
226 210
226 357
226 401
226 421
227 115
227 210
227 221
227 354
227 427
227 489
228 221
228 229
228 321
228 333
228 354
228 500
229 225
229 228
229 230
229 238
229 299
229 312
230 225
230 229
230 347
230 354
230 401
230 412
231 232
231 242
231 335
231 455
231 483
231 484
232 225
232 231
232 242
232 247
232 260
232 455
233 4
233 45
233 62
233 64
233 191
233 255
234 292
234 293
234 349
234 350
234 413
234 451
235 129
235 240
235 285
235 388
235 417
235 433
236 16
236 112
236 114
236 116
236 453
236 483
237 186
237 285
237 444
237 445
237 446
237 474
238 206
238 225
238 229
238 242
238 270
238 425
239 49
239 241
239 243
239 383
239 409
239 484
240 235
240 264
240 269
240 291
240 314
240 500
241 239
241 243
241 248
241 458
241 461
241 464
242 231
242 232
242 238
242 243
242 328
242 442
243 108
243 210
243 239
243 241
243 242
243 411
244 190
244 245
244 252
244 464
244 485
244 495
245 190
245 244
245 246
245 411
245 461
245 493
246 180
246 245
246 249
246 252
246 419
246 437
247 156
247 192
247 232
247 305
247 399
247 405
248 19
248 22
248 83
248 241
248 458
248 459
249 246
249 252
249 372
249 378
249 437
249 438
250 251
250 276
250 340
250 352
250 432
250 499
251 13
251 250
251 282
251 318
251 340
251 358
252 244
252 246
252 249
252 305
252 437
252 445
253 33
253 117
253 212
253 259
253 437
253 443
254 33
254 109
254 258
254 259
254 442
254 447
255 2
255 62
255 65
255 66
255 233
255 403
256 88
256 89
256 90
256 341
256 446
256 452
257 2
257 4
257 148
257 204
257 277
257 436
258 32
258 33
258 111
258 212
258 254
258 259
259 131
259 253
259 254
259 258
259 413
259 483
260 131
260 232
260 263
260 265
260 362
260 500
261 150
261 151
261 154
261 266
261 284
261 448
262 198
262 273
262 296
262 316
262 440
262 465
263 180
263 260
263 265
263 294
263 356
263 387
264 93
264 240
264 267
264 269
264 278
264 316
265 180
265 260
265 263
265 294
265 361
265 429
266 180
266 261
266 303
266 448
266 477
266 500
267 264
267 275
267 422
267 458
267 469
268 270
268 276
268 279
268 303
268 349
268 466
269 105
269 214
269 240
269 264
269 400
269 439
270 166
270 238
270 268
270 276
270 279
270 436
271 16
271 84
271 275
271 480
271 481
271 488
272 336
272 341
272 342
272 381
272 482
272 491
273 161
273 216
273 262
273 296
273 388
273 420
274 18
274 318
274 352
274 412
274 465
274 468
275 16
275 121
275 267
275 271
275 324
275 467
276 250
276 268
276 270
276 279
276 384
276 499
277 2
277 24
277 257
277 288
277 292
277 322
278 123
278 125
278 126
278 127
278 264
278 316
279 19
279 144
279 268
279 270
279 276
279 384
280 117
280 118
280 119
280 391
280 424
280 481
280 488
281 178
281 283
281 384
281 401
281 457
281 481
281 498
282 251
282 298
282 301
282 304
282 320
282 323
282 345
283 281
283 289
283 290
283 302
283 384
283 461
283 493
284 24
284 148
284 150
284 261
284 382
284 399
284 435
285 186
285 235
285 237
285 433
285 443
285 445
285 474
286 123
286 368
286 409
286 422
286 429
286 442
286 468
287 186
287 210
287 219
287 298
287 304
287 443
287 445
288 204
288 277
288 292
288 322
288 427
288 436
288 475
289 143
289 182
289 283
289 290
289 297
289 384
289 424
290 52
290 182
290 283
290 289
290 367
290 400
290 415
291 108
291 172
291 175
291 199
291 240
291 473
291 500
292 87
292 234
292 277
292 288
292 349
292 350
292 471
293 234
293 295
293 297
293 329
293 368
293 415
293 451
294 12
294 131
294 263
294 265
294 303
294 393
294 419
295 37
295 182
295 293
295 297
295 367
295 442
295 453
296 161
296 166
296 212
296 262
296 273
296 403
296 418
297 185
297 289
297 293
297 295
297 299
297 329
297 424
298 282
298 287
298 301
298 304
298 440
298 443
298 490
299 181
299 229
299 297
299 306
299 358
299 459
299 499
300 345
300 362
300 366
300 378
300 421
300 460
300 469
301 282
301 298
301 304
301 320
301 322
301 423
301 475
302 283
302 306
302 321
302 330
302 436
302 461
302 493
303 180
303 266
303 268
303 294
303 398
303 408
303 496
304 282
304 287
304 298
304 301
304 320
304 432
304 468
305 64
305 247
305 252
305 309
305 385
305 401
305 403
306 137
306 181
306 224
306 299
306 302
306 321
306 380
307 136
307 319
307 418
307 429
307 442
307 448
307 466
308 7
308 219
308 220
308 224
308 371
308 474
308 478
309 30
309 71
309 305
309 399
309 403
309 405
309 466
310 107
310 133
310 165
310 359
310 390
310 446
310 469
311 41
311 375
311 414
311 424
311 444
311 456
311 482
312 192
312 229
312 314
312 335
312 374
312 459
312 461
313 187
313 191
313 351
313 365
313 457
313 459
313 494
314 240
314 312
314 380
314 385
314 394
314 463
314 473
315 87
315 88
315 91
315 223
315 333
315 384
315 405
316 23
316 161
316 262
316 264
316 278
316 325
316 363
317 320
317 322
317 323
317 343
317 354
317 460
317 480
318 23
318 251
318 274
318 358
318 363
318 423
318 475
319 307
319 389
319 393
319 418
319 439
319 442
319 465
320 282
320 301
320 304
320 317
320 343
320 372
320 407
321 228
321 302
321 306
321 330
321 336
321 456
321 463
322 277
322 288
322 301
322 317
322 323
322 343
322 474
323 144
323 201
323 282
323 317
323 322
323 343
323 474
324 194
324 196
324 275
324 386
324 420
324 467
324 485
325 35
325 316
325 363
325 385
325 494
325 499
326 80
326 209
326 332
326 412
326 452
326 471
326 483
327 338
327 353
327 355
327 357
327 359
327 443
327 471
328 158
328 160
328 162
328 242
328 442
328 462
328 496
329 181
329 293
329 297
329 367
329 460
329 469
329 493
330 187
330 302
330 321
330 336
330 377
330 437
330 491
331 55
331 130
331 224
331 225
331 356
331 371
331 484
332 1
332 193
332 326
332 341
332 352
332 412
332 452
333 86
333 189
333 228
333 315
333 365
333 456
333 489
334 74
334 392
334 398
334 404
334 458
334 479
334 482
335 129
335 231
335 312
335 347
335 394
335 484
335 500
336 49
336 50
336 272
336 321
336 330
336 383
336 417
337 215
337 340
337 346
337 348
337 390
337 411
337 413
338 38
338 100
338 327
338 353
338 355
338 357
338 359
339 377
339 395
339 407
339 427
339 430
339 438
339 456
340 105
340 250
340 251
340 337
340 352
340 411
340 422
341 118
341 256
341 272
341 332
341 342
341 381
341 499
342 119
342 133
342 272
342 341
342 381
342 395
342 404
343 317
343 320
343 322
343 323
343 355
343 463
343 483
344 98
344 165
344 381
344 469
344 485
344 495
345 282
345 300
345 361
345 364
345 366
345 421
345 463
346 98
346 148
346 163
346 337
346 390
346 413
346 476
347 152
347 216
347 230
347 335
347 374
347 395
347 435
348 215
348 337
348 349
348 390
348 473
348 477
348 500
349 43
349 59
349 234
349 268
349 292
349 348
349 350
350 234
350 292
350 349
350 447
350 454
350 466
350 480
351 313
351 383
351 396
351 402
351 426
351 457
351 467
351 470
352 17
352 141
352 182
352 250
352 274
352 332
352 340
352 418
353 327
353 338
353 355
353 357
353 359
353 416
353 497
353 498
354 221
354 227
354 228
354 230
354 317
354 401
354 454
354 486
355 327
355 338
355 343
355 353
355 357
355 360
355 456
355 463
356 113
356 130
356 183
356 263
356 331
356 387
356 401
356 471
357 226
357 327
357 338
357 353
357 355
357 360
357 377
357 494
358 251
358 299
358 318
358 363
358 394
358 403
358 431
358 499
359 310
359 327
359 338
359 353
359 360
359 405
359 487
359 496
360 57
360 355
360 357
360 359
360 361
360 421
360 426
360 470
361 265
361 345
361 360
361 364
361 421
361 429
361 435
361 487
362 260
362 300
362 364
362 366
362 376
362 378
362 492
362 496
363 175
363 176
363 316
363 318
363 325
363 358
363 403
363 406
364 345
364 361
364 362
364 366
364 390
364 392
364 421
364 478
365 101
365 184
365 185
365 187
365 313
365 333
365 372
365 487
366 300
366 345
366 362
366 364
366 376
366 378
366 379
366 496
367 182
367 290
367 295
367 329
367 476
367 482
368 286
368 293
368 369
368 409
368 428
368 439
368 451
368 495
369 149
369 222
369 368
369 397
369 406
369 432
369 449
369 455
370 387
370 393
370 400
370 410
370 438
370 440
370 446
371 55
371 130
371 308
371 331
371 389
371 411
371 439
371 491
372 174
372 183
372 184
372 249
372 320
372 365
372 409
372 417
373 26
373 30
373 47
373 117
373 387
373 443
373 451
373 492
374 124
374 216
374 312
374 347
374 422
374 460
374 469
374 497
375 41
375 144
375 311
375 388
375 391
375 392
375 404
375 458
376 14
376 362
376 366
376 378
376 379
376 431
376 459
376 495
377 330
377 339
377 357
377 407
377 419
377 421
377 427
377 433
378 58
378 249
378 300
378 362
378 366
378 376
378 389
378 409
379 366
379 376
379 382
379 389
379 391
379 438
379 485
379 496
380 95
380 190
380 192
380 205
380 306
380 314
380 385
380 442
381 107
381 133
381 272
381 341
381 342
381 344
381 434
381 497
382 284
382 379
382 388
382 389
382 391
382 399
382 489
382 496
383 239
383 336
383 351
383 396
383 402
383 426
383 457
383 470
384 223
384 276
384 279
384 281
384 283
384 289
384 315
384 385
385 192
385 206
385 305
385 314
385 325
385 380
385 384
385 394
386 17
386 178
386 196
386 198
386 200
386 324
386 477
386 500
387 6
387 105
387 263
387 356
387 370
387 373
387 431
387 451
387 453
388 235
388 273
388 375
388 382
388 389
388 391
388 432
388 458
388 464
389 183
389 319
389 371
389 378
389 379
389 382
389 388
389 391
389 439
390 71
390 161
390 215
390 310
390 337
390 346
390 348
390 364
390 392
391 99
391 220
391 280
391 375
391 379
391 382
391 388
391 389
391 481
392 54
392 334
392 364
392 375
392 390
392 398
392 404
392 458
392 474
393 294
393 319
393 370
393 415
393 418
393 419
393 446
393 465
394 56
394 203
394 314
394 335
394 358
394 385
394 399
394 405
394 459
395 339
395 342
395 347
395 404
395 407
395 424
395 427
395 443
395 456
396 351
396 383
396 402
396 426
396 441
396 457
396 467
397 164
397 369
397 406
397 432
397 438
397 440
397 455
397 472
397 484
398 36
398 303
398 334
398 392
398 401
398 404
398 408
398 414
398 482
399 93
399 153
399 192
399 247
399 284
399 309
399 382
399 394
399 429
400 42
400 269
400 290
400 370
400 410
400 415
400 438
400 440
400 453
401 210
401 212
401 226
401 230
401 281
401 305
401 354
401 356
401 398
402 161
402 351
402 383
402 396
402 426
402 441
402 457
402 480
402 486
403 75
403 99
403 200
403 255
403 296
403 305
403 309
403 358
403 363
404 109
404 119
404 334
404 342
404 375
404 392
404 395
404 398
404 458
405 13
405 39
405 247
405 309
405 315
405 359
405 394
405 424
405 487
406 31
406 113
406 175
406 363
406 369
406 397
406 428
406 432
406 455
407 58
407 133
407 320
407 339
407 377
407 395
407 409
407 427
407 450
408 303
408 398
408 423
408 441
408 445
408 449
408 452
408 459
408 461
409 239
409 286
409 368
409 372
409 378
409 407
409 422
409 428
409 439
410 92
410 370
410 400
410 416
410 438
410 440
410 451
410 454
410 480
411 53
411 167
411 190
411 243
411 245
411 337
411 340
411 371
411 422
412 20
412 36
412 94
412 152
412 230
412 274
412 326
412 332
412 495
413 165
413 197
413 234
413 259
413 337
413 346
413 437
413 483
413 498
414 34
414 150
414 311
414 398
414 424
414 456
414 464
414 468
414 482
415 290
415 293
415 393
415 400
415 418
415 419
415 433
415 465
415 472
416 82
416 104
416 353
416 410
416 430
416 435
416 482
416 497
416 498
417 171
417 174
417 183
417 185
417 235
417 336
417 372
417 420
417 426
417 441
418 17
418 199
418 212
418 296
418 307
418 319
418 352
418 393
418 415
418 465
419 163
419 246
419 294
419 377
419 393
419 415
419 433
419 449
419 465
419 482
420 178
420 195
420 198
420 200
420 205
420 273
420 324
420 417
420 441
420 470
421 9
421 53
421 226
421 300
421 345
421 360
421 361
421 364
421 377
421 466
422 267
422 286
422 340
422 374
422 409
422 411
422 428
422 429
422 439
423 37
423 301
423 318
423 408
423 441
423 449
423 452
423 461
423 467
423 475
424 158
424 280
424 289
424 297
424 311
424 395
424 405
424 414
424 456
424 482
425 10
425 238
425 426
425 434
425 452
425 459
425 461
425 470
425 473
425 480
426 351
426 360
426 383
426 396
426 402
426 417
426 425
426 441
426 457
426 467
427 227
427 288
427 339
427 377
427 395
427 407
427 429
427 435
427 456
427 489
428 101
428 107
428 156
428 368
428 406
428 409
428 422
428 439
428 455
428 487
429 265
429 286
429 307
429 361
429 399
429 422
429 427
429 439
429 442
429 462
430 31
430 91
430 110
430 146
430 159
430 187
430 339
430 416
430 465
430 496
431 10
431 157
431 203
431 358
431 376
431 387
431 438
431 451
431 453
431 473
432 201
432 250
432 304
432 369
432 388
432 397
432 406
432 455
432 464
432 465
433 3
433 129
433 181
433 235
433 285
433 377
433 415
433 419
433 482
433 485
434 142
434 381
434 425
434 450
434 459
434 461
434 473
434 480
434 497
434 498
435 82
435 91
435 94
435 284
435 347
435 361
435 416
435 427
435 489
435 495
436 8
436 26
436 30
436 44
436 191
436 257
436 270
436 288
436 302
436 478
436 489
437 29
437 126
437 214
437 246
437 249
437 252
437 253
437 330
437 413
437 439
437 491
438 249
438 339
438 370
438 379
438 397
438 400
438 410
438 431
438 445
438 450
438 465
439 164
439 269
439 319
439 368
439 371
439 389
439 409
439 422
439 428
439 429
439 437
440 48
440 173
440 198
440 262
440 298
440 370
440 397
440 400
440 410
440 490
440 495
441 73
441 396
441 402
441 408
441 417
441 420
441 423
441 426
441 449
441 457
441 470
442 16
442 242
442 254
442 286
442 295
442 307
442 319
442 328
442 380
442 429
442 465
443 153
443 186
443 253
443 285
443 287
443 298
443 327
443 373
443 395
443 445
443 463
444 63
444 69
444 151
444 160
444 237
444 311
444 450
444 464
444 473
444 474
444 480
445 115
445 179
445 186
445 237
445 252
445 285
445 287
445 408
445 438
445 443
445 474
446 8
446 44
446 47
446 50
446 55
446 57
446 237
446 256
446 310
446 370
446 393
447 254
447 350
447 469
447 472
447 476
447 480
447 481
447 484
447 486
447 490
447 492
448 103
448 136
448 261
448 266
448 307
448 463
448 464
448 466
448 467
448 470
448 483
448 500
449 12
449 75
449 114
449 137
449 369
449 408
449 419
449 423
449 441
449 452
449 461
449 492
450 151
450 156
450 407
450 434
450 438
450 444
450 465
450 473
450 474
450 480
450 490
450 496
451 60
451 133
451 188
451 202
451 234
451 293
451 368
451 373
451 387
451 410
451 431
451 453
452 98
452 118
452 147
452 256
452 326
452 332
452 408
452 423
452 425
452 449
452 457
452 461
453 1
453 21
453 94
453 122
453 236
453 295
453 387
453 400
453 431
453 451
453 462
453 468
454 350
454 354
454 410
454 471
454 475
454 479
454 486
454 488
454 493
454 494
454 498
454 499
455 172
455 189
455 231
455 232
455 369
455 397
455 406
455 428
455 432
455 490
456 152
456 163
456 311
456 321
456 333
456 339
456 355
456 395
456 414
456 424
456 427
456 487
457 178
457 202
457 281
457 313
457 351
457 383
457 396
457 402
457 426
457 441
457 452
457 467
458 125
458 135
458 241
458 248
458 267
458 334
458 375
458 388
458 392
458 404
458 483
458 497
458 498
459 110
459 248
459 299
459 312
459 313
459 376
459 394
459 408
459 425
459 434
459 473
459 480
459 500
460 179
460 300
460 317
460 329
460 374
460 472
460 484
460 487
460 489
460 490
460 492
460 493
460 496
461 51
461 95
461 241
461 245
461 283
461 302
461 312
461 408
461 423
461 425
461 434
461 449
461 452
462 23
462 173
462 218
462 328
462 429
462 453
462 466
462 468
462 477
462 478
462 485
462 486
462 495
463 314
463 321
463 343
463 345
463 355
463 443
463 448
463 464
463 466
463 470
463 483
463 487
463 495
463 500
464 241
464 244
464 388
464 414
464 432
464 444
464 448
464 463
464 468
464 470
464 479
464 483
464 498
464 500
465 54
465 262
465 274
465 319
465 393
465 415
465 418
465 419
465 430
465 432
465 438
465 442
465 450
465 496
466 140
466 215
466 268
466 307
466 309
466 350
466 421
466 448
466 462
466 463
466 468
466 483
466 485
466 495
467 121
467 140
467 146
467 275
467 324
467 351
467 396
467 423
467 426
467 448
467 457
467 470
467 494
467 500
468 67
468 274
468 286
468 304
468 414
468 453
468 462
468 464
468 466
468 477
468 478
468 481
468 485
468 495
469 179
469 267
469 300
469 310
469 329
469 344
469 374
469 447
469 472
469 476
469 478
469 481
469 484
469 492
470 81
470 195
470 351
470 360
470 383
470 420
470 425
470 441
470 448
470 463
470 464
470 467
470 483
470 500
471 157
471 197
471 292
471 326
471 327
471 356
471 454
471 475
471 486
471 487
471 489
471 496
471 498
471 499
472 42
472 52
472 215
472 397
472 415
472 447
472 460
472 469
472 476
472 477
472 487
472 490
472 492
472 496
473 66
473 178
473 291
473 314
473 348
473 425
473 431
473 434
473 444
473 450
473 459
473 477
473 480
473 500
474 28
474 88
474 138
474 173
474 237
474 285
474 308
474 322
474 323
474 392
474 444
474 445
474 450
474 490
475 79
475 288
475 301
475 318
475 423
475 454
475 471
475 479
475 486
475 488
475 489
475 494
475 498
475 499
476 106
476 114
476 136
476 148
476 163
476 171
476 346
476 367
476 447
476 469
476 472
476 481
476 490
476 492
476 497
477 26
477 185
477 194
477 216
477 266
477 348
477 386
477 462
477 468
477 472
477 473
477 478
477 481
477 485
477 495
478 71
478 88
478 131
478 138
478 146
478 308
478 364
478 436
478 462
478 468
478 469
478 477
478 481
478 485
478 495
479 79
479 81
479 204
479 334
479 454
479 464
479 475
479 486
479 488
479 491
479 493
479 494
479 497
479 498
479 499
480 18
480 82
480 113
480 271
480 317
480 350
480 402
480 410
480 425
480 434
480 444
480 447
480 450
480 459
480 473
481 34
481 98
481 99
481 190
481 271
481 280
481 281
481 391
481 447
481 468
481 469
481 476
481 477
481 478
481 486
481 488
482 8
482 17
482 89
482 104
482 187
482 272
482 311
482 334
482 367
482 398
482 414
482 416
482 419
482 424
482 433
482 488
483 231
483 236
483 259
483 326
483 343
483 413
483 448
483 458
483 463
483 464
483 466
483 470
483 495
483 497
483 498
483 500
484 164
484 225
484 231
484 239
484 331
484 335
484 397
484 447
484 460
484 469
484 485
484 487
484 489
484 490
484 492
484 496
485 70
485 121
485 162
485 211
485 244
485 324
485 344
485 379
485 433
485 462
485 466
485 468
485 477
485 478
485 484
485 490
486 45
486 170
486 354
486 402
486 447
486 454
486 462
486 471
486 475
486 479
486 481
486 488
486 493
486 494
486 497
486 498
486 499
487 68
487 80
487 359
487 361
487 365
487 405
487 428
487 456
487 460
487 463
487 471
487 472
487 484
487 489
487 490
487 496
487 499
488 34
488 38
488 84
488 176
488 220
488 271
488 280
488 454
488 475
488 479
488 481
488 482
488 486
488 491
488 493
488 494
488 497
488 498
489 1
489 6
489 50
489 194
489 227
489 333
489 382
489 427
489 435
489 436
489 460
489 471
489 475
489 484
489 487
489 490
489 496
489 499
490 48
490 172
490 173
490 298
490 440
490 447
490 450
490 455
490 460
490 472
490 474
490 476
490 484
490 485
490 487
490 489
490 492
490 496
491 17
491 89
491 104
491 272
491 330
491 371
491 437
491 479
491 488
491 493
491 494
491 497
492 19
492 40
492 83
492 85
492 96
492 169
492 170
492 362
492 373
492 447
492 449
492 460
492 469
492 472
492 476
492 484
492 490
492 496
493 11
493 51
493 90
493 95
493 245
493 283
493 302
493 329
493 454
493 460
493 479
493 486
493 488
493 491
493 494
493 497
493 498
494 9
494 15
494 53
494 130
494 139
494 174
494 313
494 325
494 357
494 454
494 467
494 475
494 479
494 486
494 488
494 491
494 493
494 497
494 498
495 24
495 70
495 162
495 211
495 244
495 344
495 368
495 376
495 412
495 435
495 440
495 462
495 463
495 466
495 468
495 477
495 478
495 483
495 500
496 86
496 198
496 303
496 328
496 359
496 362
496 366
496 379
496 382
496 430
496 450
496 460
496 465
496 471
496 472
496 484
496 487
496 489
496 490
496 492
497 73
497 137
497 353
497 374
497 381
497 416
497 434
497 458
497 476
497 479
497 483
497 486
497 488
497 491
497 493
497 494
498 35
498 188
498 222
498 281
498 353
498 413
498 416
498 434
498 454
498 458
498 464
498 471
498 475
498 479
498 483
498 486
498 488
498 493
498 494
498 499
499 7
499 38
499 75
499 100
499 142
499 184
499 216
499 250
499 276
499 299
499 325
499 341
499 358
499 454
499 471
499 475
499 479
499 486
499 487
499 489
499 498
500 128
500 186
500 194
500 223
500 228
500 240
500 260
500 266
500 291
500 335
500 348
500 386
500 448
500 459
500 463
500 464
500 467
500 470
500 473
500 483
500 495
