1 180
1 181
1 257
1 262
1 337
2 3
2 4
2 76
2 190
2 448
3 2
3 4
3 190
3 207
3 208
4 2
4 3
4 92
4 190
4 395
5 13
5 70
5 155
5 161
5 187
6 57
6 174
6 311
6 467
6 497
7 9
7 10
7 57
7 334
7 432
8 378
8 398
8 401
8 442
8 478
9 7
9 10
9 166
9 441
9 479
10 7
10 9
10 23
10 190
10 250
11 23
11 69
11 125
11 127
11 442
12 14
12 24
12 363
12 440
12 457
13 5
13 34
13 110
13 123
13 179
14 12
14 53
14 266
14 363
14 459
15 363
15 410
15 420
15 425
15 459
16 39
16 41
16 42
16 151
16 301
17 108
17 146
17 157
17 304
17 394
18 39
18 169
18 269
18 301
18 335
19 48
19 62
19 71
19 72
19 76
20 21
20 59
20 153
20 421
20 448
21 20
21 302
21 473
21 493
21 497
22 25
22 26
22 34
22 293
22 435
23 10
23 11
23 128
23 222
23 332
24 12
24 63
24 383
24 444
24 451
25 22
25 26
25 32
25 286
25 343
26 22
26 25
26 159
26 223
26 286
27 302
27 462
27 471
27 476
27 494
28 36
28 178
28 302
28 426
28 486
29 124
29 264
29 267
29 355
29 442
30 144
30 145
30 157
30 473
30 490
31 48
31 118
31 119
31 269
31 335
32 25
32 35
32 154
32 201
32 424
33 299
33 319
33 324
33 399
33 421
34 13
34 22
34 307
34 318
34 435
35 32
35 37
35 83
35 125
35 201
36 28
36 94
36 114
36 178
36 491
37 35
37 178
37 201
37 289
37 378
38 48
38 301
38 358
38 466
38 481
39 16
39 18
39 41
39 179
39 400
40 118
40 222
40 229
40 327
40 356
41 16
41 39
41 169
41 245
41 403
42 16
42 43
42 199
42 393
42 407
43 42
43 45
43 199
43 316
43 491
44 80
44 86
44 89
44 367
44 499
45 43
45 50
45 138
45 161
45 199
46 82
46 108
46 111
46 189
46 263
47 75
47 112
47 116
47 175
47 288
48 19
48 31
48 38
48 308
48 379
49 54
49 274
49 432
49 445
49 450
50 45
50 54
50 399
50 471
50 496
51 52
51 68
51 163
51 286
51 344
52 51
52 68
52 400
52 445
52 450
53 14
53 147
53 148
53 266
53 452
54 49
54 50
54 68
54 468
54 497
55 56
55 68
55 169
55 184
55 463
56 55
56 164
56 184
56 294
56 382
57 6
57 7
57 160
57 166
57 491
58 59
58 64
58 109
58 184
58 294
59 20
59 58
59 61
59 185
59 294
60 101
60 173
60 240
60 250
60 500
61 59
61 112
61 288
61 294
61 445
62 19
62 64
62 65
62 294
62 481
63 24
63 383
63 433
63 451
63 499
64 58
64 62
64 65
64 109
64 458
65 62
65 64
65 406
65 464
65 480
66 69
66 365
66 415
66 435
66 436
67 69
67 71
67 72
67 358
67 455
68 51
68 52
68 54
68 55
68 329
69 11
69 66
69 67
69 71
69 286
70 5
70 154
70 374
70 494
70 496
71 19
71 67
71 69
71 72
71 107
72 19
72 67
72 71
72 152
72 170
73 76
73 77
73 78
73 110
73 329
74 90
74 126
74 159
74 240
74 499
75 47
75 115
75 175
75 376
75 500
76 2
76 19
76 73
76 77
76 448
77 73
77 76
77 79
77 338
77 412
78 73
78 79
78 469
79 77
79 78
79 228
79 378
79 466
80 44
80 261
80 404
80 425
80 485
81 86
81 87
81 110
81 197
81 471
82 46
82 111
82 268
82 305
82 405
83 35
83 84
83 182
83 255
83 316
84 83
84 209
84 243
84 316
84 493
85 98
85 99
85 100
85 148
85 284
86 44
86 81
86 87
86 93
86 278
87 81
87 86
87 89
87 165
87 499
88 233
88 244
88 245
88 319
88 440
89 44
89 87
89 91
89 195
89 212
90 74
90 159
90 240
90 383
90 457
91 89
91 96
91 327
91 363
91 462
92 4
92 96
92 97
92 334
92 361
93 86
93 158
93 205
93 210
93 449
94 36
94 114
94 129
94 130
94 483
95 189
95 279
95 289
95 300
95 394
96 91
96 92
96 97
96 485
96 498
97 92
97 96
97 446
97 458
97 494
98 85
98 173
98 360
98 386
98 478
99 85
99 100
99 117
99 124
99 173
100 85
100 99
100 173
100 471
100 496
101 60
101 221
101 250
101 488
101 489
102 103
102 104
102 145
102 221
102 480
103 102
103 104
103 221
103 227
103 363
104 102
104 103
104 106
104 117
104 422
105 198
105 203
105 204
105 326
105 490
106 104
106 107
106 108
106 238
106 488
107 71
107 106
107 108
107 111
107 355
108 17
108 46
108 106
108 107
108 111
109 58
109 64
109 137
109 209
109 228
110 13
110 73
110 81
110 112
110 197
111 46
111 82
111 107
111 108
111 214
112 47
112 61
112 110
112 152
112 332
113 305
113 317
113 388
113 398
113 488
114 36
114 94
114 186
114 397
114 494
115 75
115 117
115 267
115 415
115 457
116 47
116 117
116 122
116 299
116 436
117 99
117 104
117 115
117 116
117 308
118 31
118 40
118 119
118 140
118 308
119 31
119 118
119 308
119 397
119 499
120 121
120 122
120 226
120 396
120 444
121 120
121 122
121 226
121 477
121 489
122 116
122 120
122 121
122 130
122 226
123 13
123 179
123 181
123 265
123 463
124 29
124 99
124 125
124 348
124 437
125 11
125 35
125 124
125 182
125 441
126 74
126 159
126 240
126 451
126 479
127 11
127 128
127 129
127 333
127 359
128 23
128 127
128 129
128 262
128 276
129 94
129 127
129 128
129 441
129 479
130 94
130 122
130 132
130 343
130 434
131 146
131 149
131 157
131 368
131 435
132 130
132 134
132 189
132 263
132 476
133 356
133 368
133 401
133 471
133 495
134 132
134 135
134 158
134 275
134 494
135 134
135 136
135 183
135 341
135 433
136 135
136 183
136 418
136 428
136 480
137 109
137 241
137 388
137 468
137 498
138 45
138 139
138 213
138 305
138 338
139 138
139 213
139 291
139 465
139 474
140 118
140 141
140 213
140 251
140 327
141 140
141 251
141 260
141 315
141 500
142 144
142 251
142 446
142 456
142 458
143 144
143 251
143 273
143 416
143 455
144 30
144 142
144 143
144 191
144 448
145 30
145 102
145 157
145 480
145 499
146 17
146 131
146 149
146 193
146 344
147 53
147 150
147 467
147 484
147 498
148 53
148 85
148 150
148 284
148 444
149 131
149 146
149 150
150 147
150 148
150 149
150 472
150 495
151 16
151 153
151 224
151 443
151 497
152 72
152 112
152 226
152 318
152 326
153 20
153 151
153 185
153 187
153 224
154 32
154 70
154 155
154 343
154 495
155 5
155 154
155 156
155 420
155 425
156 155
156 157
156 161
156 167
156 361
157 17
157 30
157 131
157 145
157 156
158 93
158 134
158 197
158 205
158 395
158 492
159 26
159 74
159 90
159 126
159 171
159 236
160 57
160 166
160 446
160 458
160 464
160 498
161 5
161 45
161 156
161 167
161 305
161 482
162 164
162 168
162 176
162 240
162 430
162 458
163 51
163 209
163 271
163 382
163 400
163 460
164 56
164 162
164 168
164 171
164 176
164 413
165 87
165 218
165 220
165 370
165 447
165 499
166 9
166 57
166 160
166 338
166 411
166 412
167 156
167 161
167 170
167 277
167 340
167 392
168 162
168 164
168 173
168 176
168 325
168 488
169 18
169 41
169 55
169 201
169 301
169 493
170 72
170 167
170 226
170 231
170 326
170 465
171 159
171 164
171 176
171 240
171 306
171 349
172 269
172 273
172 345
172 362
172 404
172 489
173 60
173 98
173 99
173 100
173 168
173 301
174 6
174 244
174 245
174 247
174 259
174 311
175 47
175 75
175 267
175 268
175 404
175 478
176 162
176 164
176 168
176 171
176 309
176 492
177 180
177 247
177 270
177 281
177 337
177 450
178 28
178 36
178 37
178 286
178 292
178 358
179 13
179 39
179 123
179 265
179 318
179 484
180 1
180 177
180 281
180 370
180 374
180 383
181 1
181 123
181 281
181 409
181 417
181 493
182 83
182 125
182 185
182 188
182 192
182 194
183 135
183 136
183 246
183 255
183 391
183 488
184 55
184 56
184 58
184 213
184 412
184 413
185 59
185 153
185 182
185 188
185 192
185 194
186 114
186 188
186 268
186 269
186 305
186 317
187 5
187 153
187 224
187 349
187 417
187 484
188 182
188 185
188 186
188 192
188 194
188 235
189 46
189 95
189 132
189 278
189 279
189 289
190 2
190 3
190 4
190 10
190 416
190 480
191 144
191 193
191 195
191 203
191 448
191 487
192 182
192 185
192 188
192 194
192 230
192 248
193 146
193 191
193 195
193 281
193 354
193 461
194 182
194 185
194 188
194 192
194 485
194 498
195 89
195 191
195 193
195 197
195 460
195 482
196 211
196 215
196 270
196 273
196 355
196 404
197 81
197 110
197 158
197 195
197 329
197 380
198 105
198 203
198 326
198 333
198 425
198 462
199 42
199 43
199 45
199 361
199 386
199 484
200 242
200 334
200 388
200 406
200 413
200 417
201 32
201 35
201 37
201 169
201 350
201 411
202 277
202 343
202 434
202 473
202 495
202 498
203 105
203 191
203 198
203 204
203 326
203 448
204 105
204 203
204 211
204 326
204 494
204 496
205 93
205 158
205 375
205 397
205 399
205 491
206 208
206 211
206 212
206 241
206 432
206 445
207 3
207 210
207 216
207 253
207 289
207 429
208 3
208 206
208 211
208 212
208 215
208 451
209 84
209 109
209 163
209 228
209 413
209 446
210 93
210 207
210 216
210 396
210 428
210 444
211 196
211 204
211 206
211 208
211 215
211 445
212 89
212 206
212 208
212 215
212 244
212 445
213 138
213 139
213 140
213 184
213 241
213 256
214 111
214 235
214 236
214 238
214 243
214 385
215 196
215 208
215 211
215 212
215 481
215 500
216 207
216 210
216 219
216 259
216 265
216 486
217 218
217 220
217 397
217 424
217 492
217 499
218 165
218 217
218 220
218 392
218 462
218 472
219 216
219 348
219 381
219 423
219 469
219 480
220 165
220 217
220 218
220 370
220 375
220 491
221 101
221 102
221 103
221 250
221 334
221 432
222 23
222 40
222 229
222 233
222 300
222 417
223 26
223 236
223 292
223 295
223 298
223 379
224 151
224 153
224 187
224 378
224 406
224 451
225 231
225 337
225 382
225 401
225 443
225 474
226 120
226 121
226 122
226 152
226 170
226 264
227 103
227 230
227 232
227 363
227 377
227 429
228 79
228 109
228 209
228 241
228 254
228 451
229 40
229 222
229 233
229 479
230 192
230 227
230 232
230 293
230 370
230 429
231 170
231 225
231 337
231 423
231 469
231 495
232 227
232 230
232 234
232 237
232 377
232 475
233 88
233 222
233 229
233 298
233 425
233 452
234 232
234 236
234 377
234 381
234 485
234 498
235 188
235 214
235 236
235 238
235 335
235 381
236 159
236 214
236 223
236 234
236 235
236 381
237 232
237 238
237 243
237 246
237 451
237 475
238 106
238 214
238 235
238 237
238 381
238 488
239 242
239 405
239 409
239 440
239 463
239 497
240 60
240 74
240 90
240 126
240 162
240 171
241 137
241 206
241 213
241 228
241 254
241 432
242 200
242 239
242 247
242 294
242 413
242 496
243 84
243 214
243 237
243 246
243 481
243 493
244 88
244 174
244 212
244 454
244 460
244 493
245 41
245 88
245 174
245 297
245 403
245 448
246 183
246 237
246 243
246 248
246 372
246 488
247 174
247 177
247 242
247 445
247 450
247 500
248 192
248 246
248 249
248 293
248 372
248 443
249 248
249 252
249 267
249 342
249 372
249 389
250 10
250 60
250 101
250 221
250 417
250 498
251 140
251 141
251 142
251 143
251 355
251 442
252 249
252 257
252 372
252 389
252 494
252 496
253 207
253 300
253 315
253 364
253 378
253 490
254 228
254 241
254 255
254 292
254 316
254 455
255 83
255 183
255 254
255 316
255 411
255 416
256 213
256 261
256 337
256 338
256 412
256 486
257 1
257 252
257 260
257 295
257 389
257 472
258 259
258 261
258 353
258 365
258 427
258 436
259 174
259 216
259 258
259 261
259 298
259 487
260 141
260 257
260 262
260 263
260 272
260 500
261 80
261 256
261 258
261 259
261 388
261 414
262 1
262 128
262 260
262 263
262 272
262 389
263 46
263 132
263 260
263 262
263 272
263 484
264 29
264 226
264 323
264 328
264 348
264 420
265 123
265 179
265 216
265 279
265 451
265 487
266 14
266 53
266 294
266 325
266 327
266 445
266 466
267 29
267 115
267 175
267 249
267 345
267 397
267 417
268 82
268 175
268 186
268 296
268 397
268 423
268 493
269 18
269 31
269 172
269 186
269 272
269 275
269 404
270 177
270 196
270 273
270 275
270 404
270 445
270 450
271 163
271 273
271 274
271 382
271 400
271 448
271 455
272 260
272 262
272 263
272 269
272 342
272 391
272 440
273 143
273 172
273 196
273 270
273 271
273 275
273 455
274 49
274 271
274 293
274 358
274 410
274 464
274 480
275 134
275 269
275 270
275 273
275 391
275 404
275 440
276 128
276 284
276 345
276 355
276 364
276 461
276 490
277 167
277 202
277 291
277 297
277 310
277 434
277 462
278 86
278 189
278 279
278 288
278 331
278 345
278 394
279 95
279 189
279 265
279 278
279 289
279 312
279 487
280 337
280 338
280 343
280 361
280 375
280 465
280 475
281 177
281 180
281 181
281 193
281 447
281 473
281 490
282 357
282 359
282 365
282 366
282 369
282 396
282 444
283 300
283 306
283 315
283 338
283 364
283 441
283 479
284 85
284 148
284 276
284 287
284 345
284 355
284 373
285 287
285 288
285 331
285 345
285 403
286 25
286 26
286 51
286 69
286 178
286 302
286 364
287 284
287 285
287 288
287 345
287 401
287 459
287 466
288 47
288 61
288 278
288 285
288 287
288 331
288 332
289 37
289 95
289 189
289 207
289 279
289 290
289 451
290 289
290 292
290 313
290 331
290 394
290 485
290 498
291 139
291 277
291 296
291 297
291 307
291 310
291 465
292 178
292 223
292 254
292 290
292 295
292 358
292 394
293 22
293 230
293 248
293 274
293 358
293 410
293 448
294 56
294 58
294 59
294 61
294 62
294 242
294 266
295 223
295 257
295 292
295 298
295 379
295 393
295 407
296 268
296 291
296 297
296 307
296 310
296 434
296 493
297 245
297 277
297 291
297 296
297 307
297 310
297 403
298 223
298 233
298 259
298 295
298 304
298 379
298 487
299 33
299 116
299 322
299 324
299 328
299 360
299 492
300 95
300 222
300 253
300 283
300 315
300 364
300 417
301 16
301 18
301 38
301 169
301 173
301 459
301 466
302 21
302 27
302 28
302 286
302 363
302 368
302 497
303 353
303 373
303 376
303 384
303 396
303 431
303 436
304 17
304 298
304 309
304 312
304 379
304 472
304 495
305 82
305 113
305 138
305 161
305 186
305 317
305 482
306 171
306 283
306 368
306 374
306 400
306 464
306 484
307 34
307 291
307 296
307 297
307 310
307 330
307 435
308 48
308 117
308 118
308 119
308 323
308 348
308 456
309 176
309 304
309 312
309 314
309 394
309 465
309 492
310 277
310 291
310 296
310 297
310 307
310 494
310 496
311 6
311 174
311 330
311 336
311 339
311 489
311 499
312 279
312 304
312 309
312 313
312 314
312 421
312 487
313 290
313 312
313 314
313 351
313 475
313 485
313 498
314 309
314 312
314 313
314 351
314 397
314 402
314 438
315 141
315 253
315 283
315 300
315 364
315 386
315 395
316 43
316 83
316 84
316 254
316 255
316 399
316 491
317 113
317 186
317 305
317 397
317 406
317 434
317 492
318 34
318 152
318 179
318 322
318 373
318 482
318 483
319 33
319 88
319 320
319 351
319 399
319 452
319 470
320 319
320 336
320 341
320 351
320 399
320 421
320 431
321 322
321 360
321 399
321 421
321 447
321 473
321 490
322 299
322 318
322 321
322 324
322 360
322 373
322 454
323 264
323 308
323 335
323 361
323 375
323 440
323 478
324 33
324 299
324 322
324 360
324 370
324 398
324 488
325 168
325 266
325 327
325 328
325 362
325 401
325 466
326 105
326 152
326 170
326 198
326 203
326 204
326 445
327 40
327 91
327 140
327 266
327 325
327 328
327 362
328 264
328 299
328 325
328 327
328 359
328 362
328 420
329 68
329 73
329 197
329 333
329 367
329 381
329 497
330 307
330 311
330 336
330 339
330 471
330 494
330 495
331 278
331 285
331 288
331 290
331 415
331 457
331 481
332 23
332 112
332 288
332 361
332 375
332 418
332 480
333 127
333 198
333 329
333 359
333 367
333 398
333 436
334 7
334 92
334 200
334 221
334 388
334 406
334 440
335 18
335 31
335 235
335 323
335 348
335 417
335 440
335 485
336 311
336 320
336 330
336 339
336 340
336 366
336 433
336 498
337 1
337 177
337 225
337 231
337 256
337 280
337 437
337 475
338 77
338 138
338 166
338 256
338 280
338 283
338 343
338 414
339 311
339 330
339 336
339 340
339 341
339 400
339 427
339 484
340 167
340 336
340 339
340 341
340 342
340 344
340 392
340 462
341 135
341 320
341 339
341 340
341 342
341 344
341 347
341 389
342 249
342 272
342 340
342 341
342 344
342 347
342 349
342 440
343 25
343 130
343 154
343 202
343 280
343 338
343 364
343 375
344 51
344 146
344 340
344 341
344 342
344 347
344 349
344 461
345 172
345 267
345 276
345 278
345 284
345 285
345 287
345 355
346 350
346 352
346 353
346 354
346 359
346 410
346 439
346 465
347 341
347 342
347 344
347 349
347 350
347 357
347 495
347 500
348 124
348 219
348 264
348 308
348 335
348 360
348 456
348 497
349 171
349 187
349 342
349 344
349 347
349 350
349 352
349 484
350 201
350 346
350 347
350 349
350 352
350 353
350 411
350 466
351 313
351 314
351 319
351 320
351 356
351 420
351 462
352 346
352 349
352 350
352 353
352 354
352 381
352 423
352 469
353 258
353 303
353 346
353 350
353 352
353 354
353 365
353 500
354 193
354 346
354 352
354 353
354 357
354 359
354 393
354 407
355 29
355 107
355 196
355 251
355 276
355 284
355 345
355 467
356 40
356 133
356 351
356 368
356 374
356 401
356 462
357 282
357 347
357 354
357 359
357 366
357 476
357 495
357 500
358 38
358 67
358 178
358 274
358 292
358 293
358 410
358 448
359 127
359 282
359 328
359 333
359 346
359 354
359 357
359 366
360 98
360 299
360 321
360 322
360 324
360 348
360 362
360 478
361 92
361 156
361 199
361 280
361 323
361 332
361 375
361 437
362 172
362 325
362 327
362 328
362 360
362 391
362 440
362 495
363 12
363 14
363 15
363 91
363 103
363 227
363 302
363 477
364 253
364 276
364 283
364 286
364 300
364 315
364 343
364 461
365 66
365 258
365 282
365 353
365 366
365 369
365 371
365 494
366 282
366 336
366 357
366 359
366 365
366 371
366 389
366 429
367 44
367 329
367 333
367 371
367 378
367 398
367 438
367 476
368 131
368 133
368 302
368 306
368 356
368 374
368 424
368 497
369 282
369 365
369 371
369 373
369 447
369 473
369 480
369 490
370 165
370 180
370 220
370 230
370 324
370 429
370 476
370 477
371 365
371 366
371 367
371 369
371 373
371 380
371 384
371 476
372 246
372 248
372 249
372 252
372 389
372 408
372 418
372 464
373 284
373 303
373 318
373 322
373 369
373 371
373 384
373 453
374 70
374 180
374 306
374 356
374 368
374 401
374 477
374 489
375 205
375 220
375 280
375 323
375 332
375 343
375 361
375 491
376 75
376 303
376 384
376 390
376 396
376 431
376 495
376 500
377 227
377 232
377 234
377 380
377 381
377 402
377 429
377 438
378 8
378 37
378 79
378 224
378 253
378 367
378 385
378 398
379 48
379 223
379 295
379 298
379 304
379 394
379 424
379 443
379 468
380 197
380 371
380 377
380 386
380 391
380 395
380 409
380 423
380 476
381 219
381 234
381 235
381 236
381 238
381 329
381 352
381 377
381 469
382 56
382 163
382 225
382 271
382 389
382 400
382 474
382 483
382 493
383 24
383 63
383 90
383 180
383 398
383 444
383 477
383 489
383 498
384 303
384 371
384 373
384 376
384 390
384 419
384 421
384 470
384 487
385 214
385 378
385 408
385 422
385 436
385 437
385 472
385 478
385 481
386 98
386 199
386 315
386 380
386 395
386 402
386 425
386 464
386 467
387 392
387 405
387 419
387 430
387 446
387 458
387 460
387 471
387 484
388 113
388 137
388 200
388 261
388 334
388 406
388 414
388 417
388 467
389 249
389 252
389 257
389 262
389 341
389 366
389 372
389 382
389 481
390 376
390 384
390 396
390 403
390 431
390 447
390 473
390 490
391 183
391 272
391 275
391 362
391 380
391 395
391 409
391 423
391 431
392 167
392 218
392 340
392 387
392 405
392 419
392 460
392 471
392 484
393 42
393 295
393 354
393 405
393 419
393 426
393 427
393 430
393 460
394 17
394 95
394 278
394 290
394 292
394 309
394 379
394 406
394 449
395 4
395 158
395 315
395 380
395 386
395 391
395 409
395 423
395 442
396 120
396 210
396 282
396 303
396 376
396 390
396 403
396 431
396 444
397 114
397 119
397 205
397 217
397 267
397 268
397 314
397 317
397 402
398 8
398 113
398 324
398 333
398 367
398 378
398 383
398 477
398 489
399 33
399 50
399 205
399 316
399 319
399 320
399 321
399 421
399 491
400 39
400 52
400 163
400 271
400 306
400 339
400 382
400 412
400 427
401 8
401 133
401 225
401 287
401 325
401 356
401 374
401 459
401 466
402 314
402 377
402 386
402 397
402 411
402 413
402 425
402 464
402 467
403 41
403 245
403 285
403 297
403 390
403 396
403 423
403 431
403 434
404 80
404 172
404 175
404 196
404 269
404 270
404 275
404 456
404 478
405 82
405 239
405 387
405 392
405 393
405 419
405 460
405 463
405 471
406 65
406 200
406 224
406 317
406 334
406 388
406 394
406 449
406 478
407 42
407 295
407 354
407 416
407 420
407 429
407 443
407 462
407 465
408 372
408 385
408 418
408 422
408 435
408 437
408 458
408 459
408 464
409 181
409 239
409 380
409 391
409 395
409 423
409 463
409 489
409 493
410 15
410 274
410 293
410 346
410 358
410 422
410 439
410 448
410 453
411 166
411 201
411 255
411 350
411 402
411 412
411 413
411 416
411 418
411 432
412 77
412 166
412 184
412 256
412 400
412 411
412 414
412 418
412 432
412 464
413 164
413 184
413 200
413 209
413 242
413 402
413 411
413 418
413 432
413 467
414 261
414 338
414 388
414 412
414 418
414 420
414 443
414 467
414 482
414 498
415 66
415 115
415 331
415 428
415 435
415 441
415 457
415 458
415 459
415 471
416 143
416 190
416 255
416 407
416 411
416 424
416 443
416 447
416 459
416 462
417 181
417 187
417 200
417 222
417 250
417 267
417 300
417 335
417 388
417 440
418 136
418 332
418 372
418 408
418 411
418 412
418 413
418 414
418 432
418 464
419 384
419 387
419 392
419 393
419 405
419 452
419 460
419 470
419 487
419 500
420 15
420 155
420 264
420 328
420 351
420 407
420 414
420 443
420 465
420 498
421 20
421 33
421 312
421 320
421 321
421 384
421 399
421 465
421 470
421 486
422 104
422 385
422 408
422 410
422 453
422 458
422 459
422 475
422 478
422 481
423 219
423 231
423 268
423 352
423 380
423 391
423 395
423 403
423 409
423 469
424 32
424 217
424 368
424 379
424 416
424 433
424 447
424 462
424 466
424 468
425 15
425 80
425 155
425 198
425 233
425 386
425 402
425 464
425 467
425 491
426 28
426 393
426 427
426 430
426 446
426 449
426 452
426 460
426 470
426 486
427 258
427 339
427 393
427 400
427 426
427 430
427 446
427 449
427 452
427 484
428 136
428 210
428 415
428 435
428 441
428 446
428 449
428 452
429 207
429 227
429 230
429 366
429 370
429 377
429 407
429 431
429 474
429 483
430 162
430 387
430 393
430 426
430 427
430 449
430 452
430 460
431 303
431 320
431 376
431 390
431 391
431 396
431 403
431 429
431 481
431 483
432 7
432 49
432 206
432 221
432 241
432 411
432 412
432 413
432 418
432 467
433 63
433 135
433 336
433 424
433 447
433 451
433 466
433 474
433 479
433 483
434 130
434 202
434 277
434 296
434 317
434 403
434 442
434 449
434 484
434 492
434 498
435 22
435 34
435 66
435 131
435 307
435 408
435 415
435 428
435 441
435 458
435 459
436 66
436 116
436 258
436 303
436 333
436 385
436 437
436 456
436 468
436 478
436 481
437 124
437 337
437 361
437 385
437 408
437 436
437 439
437 453
437 478
437 481
437 488
438 314
438 367
438 377
438 439
438 450
438 463
438 476
438 477
438 479
438 482
438 489
439 346
439 410
439 437
439 438
439 450
439 453
439 461
439 463
439 477
439 482
439 489
440 12
440 88
440 239
440 272
440 275
440 323
440 334
440 335
440 342
440 362
440 417
441 9
441 125
441 129
441 283
441 415
441 428
441 435
441 446
441 452
441 458
441 479
442 8
442 11
442 29
442 251
442 395
442 434
442 456
442 468
442 476
442 495
442 498
443 151
443 225
443 248
443 379
443 407
443 414
443 416
443 420
443 465
443 468
443 497
444 24
444 120
444 148
444 210
444 282
444 383
444 396
444 451
444 466
444 468
444 486
445 49
445 52
445 61
445 206
445 211
445 212
445 247
445 266
445 270
445 326
445 478
446 97
446 142
446 160
446 209
446 387
446 426
446 427
446 428
446 441
446 449
446 452
447 165
447 281
447 321
447 369
447 390
447 416
447 424
447 433
447 462
447 466
448 2
448 20
448 76
448 144
448 191
448 203
448 245
448 271
448 293
448 358
448 410
449 93
449 394
449 406
449 426
449 427
449 428
449 430
449 434
449 446
449 452
449 492
450 49
450 52
450 177
450 247
450 270
450 438
450 439
450 455
450 463
450 477
450 479
450 488
451 24
451 63
451 126
451 208
451 224
451 228
451 237
451 265
451 289
451 433
451 444
451 470
452 53
452 233
452 319
452 419
452 426
452 427
452 428
452 430
452 441
452 446
452 449
452 486
453 373
453 410
453 422
453 437
453 439
453 470
453 472
453 473
453 480
453 483
453 494
453 500
454 244
454 322
454 460
454 461
454 475
454 482
454 485
454 486
454 490
454 492
454 493
454 497
455 67
455 143
455 254
455 271
455 273
455 450
455 457
455 469
455 474
455 479
455 488
455 491
456 142
456 308
456 348
456 404
456 436
456 442
456 465
456 468
456 476
456 478
456 495
456 498
457 12
457 90
457 115
457 331
457 415
457 455
457 469
457 472
457 474
457 483
457 488
457 491
458 64
458 97
458 142
458 160
458 162
458 387
458 408
458 415
458 422
458 435
458 441
458 459
459 14
459 15
459 287
459 301
459 401
459 408
459 415
459 416
459 422
459 435
459 458
459 478
460 163
460 195
460 244
460 387
460 392
460 393
460 405
460 419
460 426
460 430
460 454
460 482
461 193
461 276
461 344
461 364
461 439
461 454
461 465
461 475
461 477
461 482
461 489
461 493
461 497
462 27
462 91
462 198
462 218
462 277
462 340
462 351
462 356
462 407
462 416
462 424
462 447
462 466
463 55
463 123
463 239
463 405
463 409
463 438
463 439
463 450
463 474
463 477
463 482
463 488
463 489
464 65
464 160
464 274
464 306
464 372
464 386
464 402
464 408
464 412
464 418
464 425
464 467
464 491
465 139
465 170
465 280
465 291
465 309
465 346
465 407
465 420
465 421
465 443
465 456
465 461
465 475
466 38
466 79
466 266
466 287
466 301
466 325
466 350
466 401
466 424
466 433
466 444
466 447
466 462
467 6
467 147
467 355
467 386
467 388
467 402
467 413
467 414
467 425
467 432
467 464
467 485
467 498
468 54
468 137
468 379
468 424
468 436
468 442
468 443
468 444
468 456
468 476
468 481
468 495
468 497
469 78
469 219
469 231
469 352
469 381
469 423
469 455
469 457
469 472
469 474
469 479
469 483
469 491
470 319
470 384
470 419
470 421
470 426
470 451
470 453
470 472
470 473
470 480
470 483
470 486
470 494
470 500
471 27
471 50
471 81
471 100
471 133
471 330
471 387
471 392
471 405
471 415
471 473
471 480
471 484
471 500
472 150
472 218
472 257
472 304
472 385
472 453
472 457
472 469
472 470
472 483
472 491
472 494
472 495
472 500
473 21
473 30
473 202
473 281
473 321
473 369
473 390
473 453
473 470
473 471
473 480
473 484
473 494
473 500
474 139
474 225
474 382
474 429
474 433
474 455
474 457
474 463
474 469
474 479
474 481
474 483
474 488
474 491
475 232
475 237
475 280
475 313
475 337
475 422
475 454
475 461
475 465
475 477
475 482
475 489
475 492
475 493
475 497
476 27
476 132
476 357
476 367
476 370
476 371
476 380
476 438
476 442
476 456
476 468
476 481
476 495
476 498
476 499
477 121
477 363
477 370
477 374
477 383
477 398
477 438
477 439
477 450
477 461
477 463
477 475
477 479
477 482
477 489
478 8
478 98
478 175
478 323
478 360
478 385
478 404
478 406
478 422
478 436
478 437
478 445
478 456
478 459
478 481
479 9
479 126
479 129
479 229
479 283
479 433
479 438
479 441
479 450
479 455
479 469
479 474
479 477
479 488
479 491
480 65
480 102
480 136
480 145
480 190
480 219
480 274
480 332
480 369
480 453
480 470
480 471
480 473
480 484
480 494
480 500
481 38
481 62
481 215
481 243
481 331
481 385
481 389
481 422
481 431
481 436
481 437
481 468
481 474
481 476
481 478
481 483
482 161
482 195
482 305
482 318
482 414
482 438
482 439
482 454
482 460
482 461
482 463
482 475
482 477
482 484
482 489
482 497
483 94
483 318
483 382
483 429
483 431
483 433
483 453
483 457
483 469
483 470
483 472
483 474
483 481
483 488
483 494
483 500
484 147
484 179
484 187
484 199
484 263
484 306
484 339
484 349
484 387
484 392
484 427
484 434
484 471
484 473
484 480
484 482
484 500
485 80
485 96
485 194
485 234
485 290
485 313
485 335
485 454
485 467
485 486
485 487
485 490
485 492
485 496
485 499
486 28
486 216
486 256
486 421
486 426
486 444
486 452
486 454
486 470
486 485
486 490
486 492
486 493
486 496
486 497
486 499
487 191
487 259
487 265
487 279
487 298
487 312
487 384
487 419
487 485
487 490
487 492
487 496
487 499
488 101
488 106
488 113
488 168
488 183
488 238
488 246
488 324
488 437
488 450
488 455
488 457
488 463
488 474
488 479
488 483
488 491
489 101
489 121
489 172
489 311
489 374
489 383
489 398
489 409
489 438
489 439
489 461
489 463
489 475
489 477
489 482
489 493
489 497
490 30
490 105
490 253
490 276
490 281
490 321
490 369
490 390
490 454
490 485
490 486
490 487
490 492
490 493
490 496
490 499
491 36
491 43
491 57
491 205
491 220
491 316
491 375
491 399
491 425
491 455
491 457
491 464
491 469
491 472
491 474
491 479
491 488
491 492
492 158
492 176
492 217
492 299
492 309
492 317
492 434
492 449
492 454
492 475
492 485
492 486
492 487
492 490
492 491
492 493
492 496
492 497
493 21
493 84
493 169
493 181
493 243
493 244
493 268
493 296
493 382
493 409
493 454
493 461
493 475
493 486
493 489
493 490
493 492
493 497
494 27
494 70
494 97
494 114
494 134
494 204
494 252
494 310
494 330
494 365
494 453
494 470
494 472
494 473
494 480
494 483
494 496
494 500
495 133
495 150
495 154
495 202
495 231
495 304
495 330
495 347
495 357
495 362
495 376
495 442
495 456
495 468
495 472
495 476
495 498
495 500
496 50
496 70
496 100
496 204
496 242
496 252
496 310
496 485
496 486
496 487
496 490
496 492
496 494
496 499
497 6
497 21
497 54
497 151
497 239
497 302
497 329
497 348
497 368
497 443
497 454
497 461
497 468
497 475
497 482
497 486
497 489
497 492
497 493
498 96
498 137
498 147
498 160
498 194
498 202
498 234
498 250
498 290
498 313
498 336
498 383
498 414
498 420
498 434
498 442
498 456
498 467
498 476
498 495
499 44
499 63
499 74
499 87
499 119
499 145
499 165
499 217
499 311
499 476
499 485
499 486
499 487
499 490
499 496
500 60
500 75
500 141
500 215
500 247
500 260
500 347
500 353
500 357
500 376
500 419
500 453
500 470
500 471
500 472
500 473
500 480
500 483
500 484
500 494
500 495
