1 218
1 280
1 325
1 378
1 437
2 140
2 165
2 304
2 497
2 500
3 48
3 95
3 428
3 478
3 494
4 46
4 49
4 134
4 237
4 495
5 114
5 176
5 461
5 472
5 492
6 49
6 159
6 245
6 449
6 485
7 84
7 345
7 352
7 399
7 451
8 15
8 298
8 319
8 460
8 498
9 50
9 198
9 255
9 429
9 449
10 12
10 148
10 307
10 341
10 350
11 61
11 138
11 163
11 435
11 458
12 10
12 251
12 263
12 447
12 454
13 297
13 470
13 497
13 498
13 499
14 27
14 109
14 185
14 201
14 406
15 8
15 96
15 369
15 482
15 489
16 64
16 283
16 294
16 322
16 365
17 20
17 187
17 329
17 412
17 414
18 109
18 267
18 351
18 453
18 471
19 87
19 248
19 266
19 293
19 342
20 17
20 40
20 263
20 386
20 392
21 177
21 275
21 357
21 368
21 498
22 72
22 274
22 359
22 436
22 450
23 246
23 260
23 350
23 374
23 443
24 118
24 127
24 185
24 312
24 454
25 105
25 134
25 240
25 338
25 454
26 95
26 284
26 384
26 476
26 491
27 14
27 152
27 166
27 282
27 312
28 61
28 157
28 192
28 444
28 468
29 54
29 172
29 331
29 365
29 467
30 146
30 202
30 238
30 289
30 454
31 36
31 193
31 233
31 358
31 481
32 222
32 388
32 417
32 481
32 498
33 142
33 162
33 325
33 436
33 483
34 215
34 278
34 387
34 442
34 468
35 120
35 342
35 382
35 437
35 438
36 31
36 155
36 381
36 423
36 492
37 203
37 239
37 241
37 246
37 305
38 54
38 184
38 243
38 273
38 335
39 204
39 426
39 434
39 491
39 499
40 20
40 242
40 247
40 271
40 390
41 55
41 63
41 221
41 305
41 463
42 131
42 247
42 287
42 337
42 434
43 62
43 154
43 270
43 281
43 380
44 88
44 124
44 378
44 394
44 497
45 76
45 226
45 315
45 354
45 449
46 4
46 234
46 316
46 460
46 461
47 269
47 294
47 330
47 342
47 389
48 3
48 124
48 466
48 476
48 489
49 4
49 6
49 358
49 369
49 486
50 9
50 170
50 241
50 311
50 478
51 168
51 209
51 381
51 422
51 486
52 58
52 97
52 263
52 284
52 483
53 290
53 305
53 316
53 395
53 487
54 29
54 38
54 94
54 234
54 395
55 41
55 195
55 284
55 287
55 498
56 86
56 260
56 273
56 412
56 461
57 58
57 238
57 440
57 473
57 493
58 52
58 57
58 445
58 493
58 499
59 114
59 224
59 279
59 321
59 472
60 197
60 198
60 437
60 473
60 493
61 11
61 28
61 77
61 110
61 336
62 43
62 167
62 180
62 455
62 461
63 41
63 296
63 367
63 385
63 482
64 16
64 152
64 228
64 252
64 462
65 204
65 239
65 356
65 363
65 436
66 77
66 88
66 427
66 461
66 484
67 129
67 404
67 439
67 475
67 497
68 212
68 359
68 401
68 405
68 437
69 79
69 96
69 100
69 278
69 447
70 167
70 238
70 286
70 287
70 488
71 158
71 324
71 383
71 467
71 493
72 22
72 272
72 341
72 384
72 473
73 279
73 281
73 408
73 450
73 482
74 302
74 404
74 453
74 492
74 500
75 94
75 108
75 136
75 347
75 493
76 45
76 166
76 222
76 370
76 485
77 61
77 66
77 398
77 430
77 462
78 276
78 287
78 315
78 452
78 475
79 69
79 287
79 428
79 476
79 491
80 100
80 206
80 243
80 272
80 438
81 202
81 303
81 366
81 436
81 488
82 289
82 433
82 477
82 484
82 488
83 134
83 170
83 196
83 440
83 480
84 7
84 334
84 429
84 485
84 496
85 121
85 314
85 339
85 452
85 486
86 56
86 326
86 329
86 385
86 424
87 19
87 164
87 414
87 466
87 485
88 44
88 66
88 336
88 360
88 478
89 196
89 305
89 374
89 376
89 480
90 154
90 363
90 364
90 445
90 491
91 360
91 419
91 449
91 464
91 482
92 205
92 310
92 446
92 484
92 496
93 258
93 314
93 368
93 420
93 440
94 54
94 75
94 150
94 460
94 497
95 3
95 26
95 130
95 344
95 447
96 15
96 69
96 251
96 260
96 447
97 52
97 371
97 414
97 482
97 492
98 315
98 349
98 372
98 449
98 465
99 195
99 256
99 394
99 422
99 473
100 69
100 80
100 377
100 463
100 500
101 113
101 224
101 276
101 334
101 342
102 308
102 327
102 414
102 430
102 433
103 414
103 441
103 444
103 460
103 476
104 107
104 214
104 276
104 428
104 484
105 25
105 182
105 205
105 386
105 471
106 289
106 330
106 387
106 422
106 500
107 104
107 436
107 437
107 469
107 479
108 75
108 181
108 215
108 475
108 500
109 14
109 18
109 182
109 288
109 458
110 61
110 309
110 437
110 442
110 483
111 139
111 339
111 379
111 455
111 491
112 239
112 277
112 372
112 479
112 491
113 101
113 144
113 233
113 290
113 495
114 5
114 59
114 188
114 382
114 444
115 116
115 210
115 398
115 437
115 457
116 115
116 145
116 161
116 294
116 474
117 131
117 352
117 405
117 432
117 453
118 24
118 361
118 422
118 454
118 499
119 377
119 394
119 432
119 451
119 472
120 35
120 140
120 327
120 338
120 407
121 85
121 180
121 344
121 479
121 494
122 210
122 215
122 236
122 407
122 472
123 292
123 326
123 378
123 393
123 466
124 44
124 48
124 313
124 453
124 475
125 220
125 336
125 352
125 421
125 454
126 130
126 191
126 464
126 485
126 493
127 24
127 169
127 474
127 475
127 498
128 218
128 328
128 360
128 466
128 472
129 67
129 467
129 486
129 492
129 499
130 95
130 126
130 165
130 424
130 473
131 42
131 117
131 139
131 247
131 423
132 135
132 156
132 274
132 462
132 478
133 281
133 364
133 378
133 414
133 489
134 4
134 25
134 83
134 378
134 402
135 132
135 391
135 444
135 496
135 497
136 75
136 179
136 275
136 362
136 470
137 408
137 422
137 451
137 466
137 495
138 11
138 183
138 199
138 272
138 408
139 111
139 131
139 171
139 459
139 470
140 2
140 120
140 283
140 289
140 475
141 223
141 374
141 400
141 431
141 450
142 33
142 169
142 310
142 438
142 463
143 177
143 313
143 325
143 373
143 484
144 113
144 241
144 327
144 381
144 460
145 116
145 188
145 265
145 372
145 458
146 30
146 306
146 417
146 480
146 481
147 298
147 399
147 455
147 456
147 494
148 10
148 351
148 388
148 427
148 459
149 263
149 425
149 447
149 451
149 499
150 94
150 186
150 232
150 346
150 373
151 191
151 405
151 425
151 445
151 447
152 27
152 64
152 344
152 416
152 495
153 192
153 222
153 286
153 479
153 487
154 43
154 90
154 311
154 322
154 480
155 36
155 189
155 303
155 450
155 467
156 132
156 163
156 215
156 411
156 467
157 28
157 173
157 216
157 284
157 396
158 71
158 195
158 323
158 452
158 454
159 6
159 258
159 328
159 376
159 390
160 256
160 347
160 371
160 410
160 467
161 116
161 187
161 375
161 402
161 459
162 33
162 360
162 445
162 459
162 489
163 11
163 156
163 165
163 205
163 282
164 87
164 202
164 313
164 471
164 496
165 2
165 130
165 163
165 272
165 486
166 27
166 76
166 342
166 353
166 487
167 62
167 70
167 248
167 401
167 420
168 51
168 383
168 463
168 483
168 498
169 127
169 142
169 360
169 470
169 500
170 50
170 83
170 372
170 428
170 459
171 139
171 269
171 423
171 464
171 494
172 29
172 259
172 493
172 494
172 499
173 157
173 212
173 226
173 241
173 403
174 289
174 387
174 419
174 496
174 500
175 230
175 261
175 322
175 379
175 471
176 5
176 377
176 454
176 468
176 478
177 21
177 143
177 188
177 354
177 485
178 251
178 301
178 438
178 495
178 497
179 136
179 197
179 298
179 451
179 462
180 62
180 121
180 210
180 463
180 480
181 108
181 187
181 346
181 353
181 422
182 105
182 109
182 199
182 228
182 229
183 138
183 300
183 317
183 452
183 488
184 38
184 185
184 196
184 386
184 416
184 487
185 14
185 24
185 184
185 190
185 393
185 487
186 150
186 245
186 345
186 405
186 461
186 489
187 17
187 161
187 181
187 311
187 366
187 481
188 114
188 145
188 177
188 389
188 398
188 405
189 155
189 191
189 215
189 243
189 447
189 468
190 185
190 214
190 290
190 302
190 408
190 461
191 126
191 151
191 189
191 247
191 361
191 447
192 28
192 153
192 296
192 408
192 416
192 466
193 31
193 198
193 270
193 315
193 353
193 469
194 210
194 254
194 277
194 340
194 424
194 469
195 55
195 99
195 158
195 235
195 407
195 458
196 83
196 89
196 184
196 366
196 399
196 480
197 60
197 179
197 229
197 359
197 379
197 388
198 9
198 60
198 193
198 209
198 214
198 484
199 138
199 182
199 401
199 404
199 413
199 441
200 265
200 319
200 411
200 452
200 471
200 492
201 14
201 261
201 302
201 304
201 359
201 398
202 30
202 81
202 164
202 436
202 468
202 479
203 37
203 207
203 217
203 419
203 446
203 486
204 39
204 65
204 291
204 352
204 425
204 482
205 92
205 105
205 163
205 234
205 346
205 473
206 80
206 209
206 304
206 355
206 417
206 471
207 203
207 310
207 317
207 388
207 391
207 434
208 257
208 262
208 274
208 348
208 492
208 498
209 51
209 198
209 206
209 431
209 476
209 485
210 115
210 122
210 180
210 194
210 280
210 500
211 225
211 228
211 403
211 490
211 491
211 499
212 68
212 173
212 256
212 349
212 355
212 438
213 232
213 244
213 363
213 446
213 458
213 481
214 104
214 190
214 198
214 302
214 305
214 330
215 34
215 108
215 122
215 156
215 189
215 410
216 157
216 357
216 370
216 393
216 407
216 447
217 203
217 258
217 271
217 394
217 427
217 466
218 1
218 128
218 322
218 425
218 467
218 487
219 279
219 294
219 343
219 394
219 423
219 455
220 125
220 232
220 340
220 406
220 493
220 496
221 41
221 246
221 276
221 305
221 495
221 496
222 32
222 76
222 153
222 227
222 282
222 423
223 141
223 297
223 366
223 472
223 488
223 500
224 59
224 101
224 285
224 310
224 362
224 426
225 211
225 288
225 337
225 470
225 477
225 500
226 45
226 173
226 375
226 397
226 492
226 500
227 222
227 237
227 320
227 388
227 394
227 481
228 64
228 182
228 211
228 275
228 426
228 489
229 182
229 197
229 230
229 327
229 365
229 472
230 175
230 229
230 380
230 468
230 475
230 499
231 247
231 347
231 460
231 477
231 492
231 497
232 150
232 213
232 220
232 268
232 432
232 482
233 31
233 113
233 253
233 302
233 309
233 338
234 46
234 54
234 205
234 452
234 497
234 499
235 195
235 333
235 348
235 389
235 396
235 461
236 122
236 294
236 352
236 429
236 472
236 497
237 4
237 227
237 353
237 412
237 426
237 466
238 30
238 57
238 70
238 293
238 351
238 371
239 37
239 65
239 112
239 381
239 402
239 442
240 25
240 331
240 332
240 446
240 450
240 495
241 37
241 50
241 144
241 173
241 303
241 359
242 40
242 318
242 375
242 385
242 411
242 496
243 38
243 80
243 189
243 249
243 407
243 489
244 213
244 333
244 381
244 449
244 479
244 485
245 6
245 186
245 266
245 324
245 389
245 468
246 23
246 37
246 221
246 406
246 456
246 469
247 40
247 42
247 131
247 191
247 231
247 471
248 19
248 167
248 301
248 330
248 490
248 494
249 243
249 339
249 393
249 473
249 479
249 493
250 254
250 371
250 379
250 381
250 451
250 457
251 12
251 96
251 178
251 420
251 464
251 485
252 64
252 300
252 316
252 361
252 487
252 492
253 233
253 295
253 332
253 354
253 467
253 482
254 194
254 250
254 362
254 409
254 416
254 462
255 9
255 256
255 357
255 425
255 444
255 479
256 99
256 160
256 212
256 255
256 369
256 487
257 208
257 304
257 313
257 410
257 456
257 465
258 93
258 159
258 217
258 346
258 386
258 454
259 172
259 277
259 391
259 398
259 460
259 481
260 23
260 56
260 96
260 273
260 401
260 473
261 175
261 201
261 310
261 358
261 387
261 497
262 208
262 264
262 297
262 334
262 377
262 411
263 12
263 20
263 52
263 149
263 430
263 436
264 262
264 358
264 376
264 445
264 457
264 488
265 145
265 200
265 280
265 348
265 449
265 492
266 19
266 245
266 271
266 428
266 483
266 496
267 18
267 295
267 345
267 369
267 401
267 451
267 496
268 232
268 350
268 421
268 472
268 479
268 486
268 492
269 47
269 171
269 345
269 414
269 442
269 447
269 477
270 43
270 193
270 339
270 352
270 380
270 458
270 496
271 40
271 217
271 266
271 363
271 365
271 392
271 418
272 72
272 80
272 138
272 165
272 335
272 384
272 434
273 38
273 56
273 260
273 391
273 411
273 466
273 499
274 22
274 132
274 208
274 299
274 428
274 473
274 491
275 21
275 136
275 228
275 315
275 435
275 453
275 462
276 78
276 101
276 104
276 221
276 351
276 373
276 382
277 112
277 194
277 259
277 349
277 375
277 418
277 492
278 34
278 69
278 281
278 376
278 382
278 486
278 491
279 59
279 73
279 219
279 299
279 303
279 323
279 390
280 1
280 210
280 265
280 298
280 349
280 488
280 496
281 43
281 73
281 133
281 278
281 383
281 465
281 494
282 27
282 163
282 222
282 317
282 373
282 415
282 494
283 16
283 140
283 303
283 356
283 376
283 443
283 468
284 26
284 52
284 55
284 157
284 407
284 469
284 495
285 224
285 311
285 348
285 405
285 418
285 485
285 488
286 70
286 153
286 415
286 419
286 456
286 474
286 494
287 42
287 55
287 70
287 78
287 79
287 458
287 477
288 109
288 225
288 347
288 400
288 432
288 441
288 489
289 30
289 82
289 106
289 140
289 174
289 345
289 391
290 53
290 113
290 190
290 339
290 365
290 449
290 457
291 204
291 307
291 370
291 443
291 479
291 480
291 482
292 123
292 297
292 335
292 411
292 462
292 477
292 496
293 19
293 238
293 353
293 397
293 438
293 486
293 495
294 16
294 47
294 116
294 219
294 236
294 356
294 394
295 253
295 267
295 299
295 302
295 368
295 420
295 451
296 63
296 192
296 363
296 401
296 403
296 406
296 481
297 13
297 223
297 262
297 292
297 382
297 490
297 494
298 8
298 147
298 179
298 280
298 435
298 442
298 485
299 274
299 279
299 295
299 359
299 386
299 397
299 432
300 183
300 252
300 330
300 363
300 446
300 467
300 489
301 178
301 248
301 307
301 336
301 398
301 428
301 477
302 74
302 190
302 201
302 214
302 233
302 295
302 402
303 81
303 155
303 241
303 279
303 283
303 368
303 474
304 2
304 201
304 206
304 257
304 336
304 338
304 374
305 37
305 41
305 53
305 89
305 214
305 221
305 374
306 146
306 357
306 405
306 416
306 424
306 466
306 484
307 10
307 291
307 301
307 356
307 389
307 435
307 441
308 102
308 309
308 336
308 405
308 422
308 423
308 425
309 110
309 233
309 308
309 344
309 362
309 396
309 457
310 92
310 142
310 207
310 224
310 261
310 329
310 392
311 50
311 154
311 187
311 285
311 325
311 344
311 397
312 24
312 27
312 319
312 349
312 419
312 434
312 448
313 124
313 143
313 164
313 257
313 412
313 451
313 495
314 85
314 93
314 321
314 364
314 377
314 445
314 488
315 45
315 78
315 98
315 193
315 275
315 346
315 387
316 46
316 53
316 252
316 365
316 386
316 467
316 474
317 183
317 207
317 282
317 341
317 345
317 409
317 446
318 242
318 350
318 361
318 435
318 483
318 484
318 487
319 8
319 200
319 312
319 375
319 448
319 469
319 490
320 227
320 332
320 385
320 443
320 452
320 485
320 489
321 59
321 314
321 413
321 441
321 448
321 472
321 473
322 16
322 154
322 175
322 218
322 417
322 444
322 500
323 158
323 279
323 362
323 430
323 437
323 448
323 486
324 71
324 245
324 332
324 334
324 395
324 434
324 439
325 1
325 33
325 143
325 311
325 473
325 486
325 488
326 86
326 123
326 376
326 410
326 429
326 482
326 491
327 102
327 120
327 144
327 229
327 332
327 428
327 463
328 128
328 159
328 382
328 417
328 419
328 426
328 471
328 485
329 17
329 86
329 310
329 372
329 424
329 462
329 471
329 499
330 47
330 106
330 214
330 248
330 300
330 413
330 434
330 473
331 29
331 240
331 336
331 361
331 384
331 401
331 404
331 451
332 240
332 253
332 320
332 324
332 327
332 344
332 346
332 427
333 235
333 244
333 334
333 337
333 424
333 430
333 438
333 474
334 84
334 101
334 262
334 324
334 333
334 424
334 496
334 499
335 38
335 272
335 292
335 364
335 392
335 442
335 457
335 479
336 61
336 88
336 125
336 301
336 304
336 308
336 331
336 364
337 42
337 225
337 333
337 359
337 380
337 431
337 432
337 482
338 25
338 120
338 233
338 304
338 374
338 409
338 418
338 475
339 85
339 111
339 249
339 270
339 290
339 342
339 425
339 476
340 194
340 220
340 346
340 383
340 484
340 490
340 493
340 497
341 10
341 72
341 317
341 367
341 411
341 443
341 453
341 460
342 19
342 35
342 47
342 101
342 166
342 339
342 377
342 472
343 219
343 354
343 418
343 436
343 443
343 452
343 465
343 491
344 95
344 121
344 152
344 309
344 311
344 332
344 407
344 430
345 7
345 186
345 267
345 269
345 289
345 317
345 407
345 450
346 150
346 181
346 205
346 258
346 315
346 332
346 340
346 403
347 75
347 160
347 231
347 288
347 372
347 373
347 377
347 441
348 208
348 235
348 265
348 285
348 354
348 399
348 450
348 490
349 98
349 212
349 277
349 280
349 312
349 380
349 445
349 469
350 10
350 23
350 268
350 318
350 366
350 399
350 408
350 454
351 18
351 148
351 238
351 276
351 367
351 431
351 483
351 497
352 7
352 117
352 125
352 204
352 236
352 270
352 388
352 500
353 166
353 181
353 193
353 237
353 293
353 369
353 464
353 484
354 45
354 177
354 253
354 343
354 348
354 382
354 427
354 463
355 206
355 212
355 365
355 383
355 396
355 442
355 457
355 470
356 65
356 283
356 294
356 307
356 361
356 369
356 479
356 493
357 21
357 216
357 255
357 306
357 374
357 404
357 412
357 499
358 31
358 49
358 261
358 264
358 441
358 453
358 467
358 474
359 22
359 68
359 197
359 201
359 241
359 299
359 337
359 465
360 88
360 91
360 128
360 162
360 169
360 373
360 439
360 465
361 118
361 191
361 252
361 318
361 331
361 356
361 367
361 419
362 136
362 224
362 254
362 309
362 323
362 371
362 433
362 500
363 65
363 90
363 213
363 271
363 296
363 300
363 429
363 497
364 90
364 133
364 314
364 335
364 336
364 403
364 414
364 434
365 16
365 29
365 229
365 271
365 290
365 316
365 355
365 491
366 81
366 187
366 196
366 223
366 350
366 389
366 429
366 469
367 63
367 341
367 351
367 361
367 371
367 378
367 422
367 452
368 21
368 93
368 295
368 303
368 422
368 439
368 440
368 470
369 15
369 49
369 256
369 267
369 353
369 356
369 419
369 443
370 76
370 216
370 291
370 413
370 430
370 484
370 494
370 499
371 97
371 160
371 238
371 250
371 362
371 367
371 409
371 453
372 98
372 112
372 145
372 170
372 329
372 347
372 427
372 475
373 143
373 150
373 276
373 282
373 347
373 360
373 474
373 490
374 23
374 89
374 141
374 304
374 305
374 338
374 357
374 458
375 161
375 226
375 242
375 277
375 319
375 402
375 432
375 438
376 89
376 159
376 264
376 278
376 283
376 326
376 380
376 412
376 421
377 100
377 119
377 176
377 262
377 314
377 342
377 347
377 429
377 468
378 1
378 44
378 123
378 133
378 134
378 367
378 392
378 455
378 493
379 111
379 175
379 197
379 250
379 433
379 438
379 448
379 464
379 470
380 43
380 230
380 270
380 337
380 349
380 376
380 412
380 461
380 483
381 36
381 51
381 144
381 239
381 244
381 250
381 420
381 426
381 440
382 35
382 114
382 276
382 278
382 297
382 328
382 354
382 429
382 465
383 71
383 168
383 281
383 340
383 355
383 426
383 454
383 468
383 484
384 26
384 72
384 272
384 331
384 402
384 411
384 435
384 448
384 481
385 63
385 86
385 242
385 320
385 390
385 391
385 395
385 397
385 444
386 20
386 105
386 184
386 258
386 299
386 316
386 472
386 478
386 492
387 34
387 106
387 174
387 261
387 315
387 427
387 446
387 456
387 480
388 32
388 148
388 197
388 207
388 227
388 352
388 392
388 470
388 477
389 47
389 188
389 235
389 245
389 307
389 366
389 390
389 410
389 478
390 40
390 159
390 279
390 385
390 389
390 408
390 467
390 484
390 489
391 135
391 207
391 259
391 273
391 289
391 385
391 435
391 464
391 495
392 20
392 271
392 310
392 335
392 378
392 388
392 420
392 449
392 479
393 123
393 185
393 216
393 249
393 394
393 398
393 431
393 473
393 474
394 44
394 99
394 119
394 217
394 219
394 227
394 294
394 393
394 450
395 53
395 54
395 324
395 385
395 423
395 431
395 439
395 455
395 486
396 157
396 235
396 309
396 355
396 426
396 435
396 439
396 494
396 497
397 226
397 293
397 299
397 311
397 385
397 428
397 445
397 452
397 479
398 77
398 115
398 188
398 201
398 259
398 301
398 393
398 456
398 494
399 7
399 147
399 196
399 348
399 350
399 419
399 457
399 489
399 492
400 141
400 288
400 416
400 435
400 450
400 472
400 474
400 476
400 498
401 68
401 167
401 199
401 260
401 267
401 296
401 331
401 459
401 469
402 134
402 161
402 239
402 302
402 375
402 384
402 404
402 434
402 498
403 173
403 211
403 296
403 346
403 364
403 410
403 421
403 444
403 475
404 67
404 74
404 199
404 331
404 357
404 402
404 415
404 456
404 499
405 68
405 117
405 151
405 186
405 188
405 285
405 306
405 308
405 497
406 14
406 220
406 246
406 296
406 441
406 443
406 468
406 476
406 480
407 120
407 122
407 195
407 216
407 243
407 284
407 344
407 345
407 415
408 73
408 137
408 138
408 190
408 192
408 350
408 390
408 409
408 495
408 498
409 254
409 317
409 338
409 371
409 408
409 416
409 428
409 442
409 480
409 486
410 160
410 215
410 257
410 326
410 389
410 403
410 427
410 463
410 488
410 490
411 156
411 200
411 242
411 262
411 273
411 292
411 341
411 384
411 483
411 490
412 17
412 56
412 237
412 313
412 357
412 376
412 380
412 431
412 446
412 490
413 199
413 321
413 330
413 370
413 414
413 421
413 439
413 462
413 474
413 479
414 17
414 87
414 97
414 102
414 103
414 133
414 269
414 364
414 413
414 498
415 282
415 286
415 404
415 407
415 416
415 421
415 446
415 455
415 460
415 494
416 152
416 184
416 192
416 254
416 306
416 400
416 409
416 415
416 445
416 459
417 32
417 146
417 206
417 322
417 328
417 431
417 434
417 460
417 469
417 480
418 271
418 277
418 285
418 338
418 343
418 425
418 440
418 442
418 480
418 490
419 91
419 174
419 203
419 286
419 312
419 328
419 361
419 369
419 399
419 433
420 93
420 167
420 251
420 295
420 381
420 392
420 436
420 461
420 489
420 490
421 125
421 268
421 376
421 403
421 413
421 415
421 464
421 466
421 488
421 498
422 51
422 99
422 106
422 118
422 137
422 181
422 308
422 367
422 368
422 424
423 36
423 131
423 171
423 219
423 222
423 308
423 395
423 434
423 458
423 465
424 86
424 130
424 194
424 306
424 329
424 333
424 334
424 422
424 429
424 477
425 149
425 151
425 204
425 218
425 255
425 308
425 339
425 418
425 481
425 486
426 39
426 224
426 228
426 237
426 328
426 381
426 383
426 396
426 445
426 450
427 66
427 148
427 217
427 332
427 354
427 372
427 387
427 410
427 443
427 470
428 3
428 79
428 104
428 170
428 266
428 274
428 301
428 327
428 397
428 409
428 482
429 9
429 84
429 236
429 326
429 363
429 366
429 377
429 382
429 424
429 491
429 495
430 77
430 102
430 263
430 323
430 333
430 344
430 370
430 431
430 443
430 475
430 500
431 141
431 209
431 337
431 351
431 393
431 395
431 412
431 417
431 430
431 448
431 469
432 117
432 119
432 232
432 288
432 299
432 337
432 375
432 448
432 470
432 471
432 495
433 82
433 102
433 362
433 379
433 419
433 452
433 456
433 459
433 476
433 484
433 496
434 39
434 42
434 207
434 272
434 312
434 324
434 330
434 364
434 402
434 417
434 423
435 11
435 275
435 298
435 307
435 318
435 384
435 391
435 396
435 400
435 487
435 499
436 22
436 33
436 65
436 81
436 107
436 202
436 263
436 343
436 420
436 455
436 481
437 1
437 35
437 60
437 68
437 107
437 110
437 115
437 323
437 445
437 460
437 488
438 35
438 80
438 142
438 178
438 212
438 293
438 333
438 375
438 379
438 457
438 477
439 67
439 324
439 360
439 368
439 395
439 396
439 413
439 456
439 463
439 482
439 485
440 57
440 83
440 93
440 368
440 381
440 418
440 450
440 453
440 463
440 492
440 498
441 103
441 199
441 288
441 307
441 321
441 347
441 358
441 406
441 443
441 453
441 467
442 34
442 110
442 239
442 269
442 298
442 335
442 355
442 409
442 418
442 459
442 486
443 23
443 283
443 291
443 320
443 341
443 343
443 369
443 406
443 427
443 430
443 441
444 28
444 103
444 114
444 135
444 255
444 322
444 385
444 403
444 445
444 453
444 483
444 499
445 58
445 90
445 151
445 162
445 264
445 314
445 349
445 397
445 416
445 426
445 437
445 444
446 92
446 203
446 213
446 240
446 300
446 317
446 387
446 412
446 415
446 451
446 477
446 497
447 12
447 69
447 95
447 96
447 149
447 151
447 189
447 191
447 216
447 269
447 461
447 494
448 312
448 319
448 321
448 323
448 379
448 384
448 431
448 432
448 470
448 478
448 482
448 490
449 6
449 9
449 45
449 91
449 98
449 244
449 265
449 290
449 392
449 471
449 478
449 494
450 22
450 73
450 141
450 155
450 240
450 345
450 348
450 394
450 400
450 426
450 440
450 487
451 7
451 119
451 137
451 149
451 179
451 250
451 267
451 295
451 313
451 331
451 446
451 455
452 78
452 85
452 158
452 183
452 200
452 234
452 320
452 343
452 367
452 397
452 433
452 462
453 18
453 74
453 117
453 124
453 275
453 341
453 358
453 371
453 440
453 441
453 444
453 473
454 12
454 24
454 25
454 30
454 118
454 125
454 158
454 176
454 258
454 350
454 383
454 455
455 62
455 111
455 147
455 219
455 378
455 395
455 415
455 436
455 451
455 454
455 475
455 489
456 147
456 246
456 257
456 286
456 387
456 398
456 404
456 433
456 439
456 460
456 498
456 499
457 115
457 250
457 264
457 290
457 309
457 335
457 355
457 399
457 438
457 465
457 471
457 477
458 11
458 109
458 145
458 195
458 213
458 270
458 287
458 374
458 423
458 468
458 470
458 474
458 478
459 139
459 148
459 161
459 162
459 170
459 401
459 416
459 433
459 442
459 465
459 475
459 476
459 478
460 8
460 46
460 94
460 103
460 144
460 231
460 259
460 341
460 415
460 417
460 437
460 456
460 465
461 5
461 46
461 56
461 62
461 66
461 186
461 190
461 235
461 380
461 420
461 447
461 470
461 493
462 64
462 77
462 132
462 179
462 254
462 275
462 292
462 329
462 413
462 452
462 463
462 469
462 487
463 41
463 100
463 142
463 168
463 180
463 327
463 354
463 410
463 439
463 440
463 462
463 489
463 498
464 91
464 126
464 171
464 251
464 353
464 379
464 391
464 421
464 469
464 484
464 494
464 495
464 497
465 98
465 257
465 281
465 343
465 359
465 360
465 382
465 423
465 457
465 459
465 460
465 483
465 499
466 48
466 87
466 123
466 128
466 137
466 192
466 217
466 237
466 273
466 306
466 421
466 487
466 490
467 29
467 71
467 129
467 155
467 156
467 160
467 218
467 253
467 300
467 316
467 358
467 390
467 441
467 480
468 28
468 34
468 176
468 189
468 202
468 230
468 245
468 283
468 377
468 383
468 406
468 458
468 479
468 487
469 107
469 193
469 194
469 246
469 284
469 319
469 349
469 366
469 401
469 417
469 431
469 462
469 464
469 480
470 13
470 136
470 139
470 169
470 225
470 355
470 368
470 379
470 388
470 427
470 432
470 448
470 458
470 461
471 18
471 105
471 164
471 175
471 200
471 206
471 247
471 328
471 329
471 432
471 449
471 457
471 489
471 492
472 5
472 59
472 119
472 122
472 128
472 223
472 229
472 236
472 268
472 321
472 342
472 386
472 400
472 477
472 498
473 57
473 60
473 72
473 99
473 130
473 205
473 249
473 260
473 274
473 321
473 325
473 330
473 393
473 453
473 494
474 116
474 127
474 286
474 303
474 316
474 333
474 358
474 373
474 393
474 400
474 413
474 458
474 483
474 487
474 495
475 67
475 78
475 108
475 124
475 127
475 140
475 230
475 338
475 372
475 403
475 430
475 455
475 459
475 481
475 487
476 26
476 48
476 79
476 103
476 209
476 339
476 400
476 406
476 433
476 459
476 480
476 483
476 487
476 490
476 492
477 82
477 225
477 231
477 269
477 287
477 292
477 301
477 388
477 424
477 438
477 446
477 457
477 472
477 478
477 496
478 3
478 50
478 88
478 132
478 176
478 386
478 389
478 448
478 449
478 458
478 459
478 477
478 484
478 491
478 498
478 500
479 107
479 112
479 121
479 153
479 202
479 244
479 249
479 255
479 268
479 291
479 335
479 356
479 392
479 397
479 413
479 468
480 83
480 89
480 146
480 154
480 180
480 196
480 291
480 387
480 406
480 409
480 417
480 418
480 467
480 469
480 476
480 486
481 31
481 32
481 146
481 187
481 213
481 227
481 259
481 296
481 384
481 425
481 436
481 475
481 483
481 495
481 496
481 500
482 15
482 63
482 73
482 91
482 97
482 204
482 232
482 253
482 291
482 326
482 337
482 428
482 439
482 448
482 488
482 490
482 500
483 33
483 52
483 110
483 168
483 266
483 318
483 351
483 380
483 411
483 444
483 465
483 474
483 476
483 481
483 488
483 490
483 500
484 66
484 82
484 92
484 104
484 143
484 198
484 306
484 318
484 340
484 353
484 370
484 383
484 390
484 433
484 464
484 478
484 488
485 6
485 76
485 84
485 87
485 126
485 177
485 209
485 244
485 251
485 285
485 298
485 320
485 328
485 439
485 491
485 493
485 500
486 49
486 51
486 85
486 129
486 165
486 203
486 268
486 278
486 293
486 323
486 325
486 395
486 409
486 425
486 442
486 480
486 496
487 53
487 153
487 166
487 184
487 185
487 218
487 252
487 256
487 318
487 435
487 450
487 462
487 466
487 468
487 474
487 475
487 476
488 70
488 81
488 82
488 183
488 223
488 264
488 280
488 285
488 314
488 325
488 410
488 421
488 437
488 482
488 483
488 484
488 492
489 15
489 48
489 133
489 162
489 186
489 228
489 243
489 288
489 300
489 320
489 390
489 399
489 420
489 455
489 463
489 471
489 490
489 497
490 211
490 248
490 297
490 319
490 340
490 348
490 373
490 410
490 411
490 412
490 418
490 420
490 448
490 466
490 476
490 482
490 483
490 489
491 26
491 39
491 79
491 90
491 111
491 112
491 211
491 274
491 278
491 326
491 343
491 365
491 429
491 478
491 485
491 493
491 495
491 499
492 5
492 36
492 74
492 97
492 129
492 200
492 208
492 226
492 231
492 252
492 265
492 268
492 277
492 386
492 399
492 440
492 471
492 476
492 488
493 57
493 58
493 60
493 71
493 75
493 126
493 172
493 220
493 249
493 340
493 356
493 378
493 461
493 485
493 491
493 494
493 495
493 498
493 500
494 3
494 121
494 147
494 171
494 172
494 248
494 281
494 282
494 286
494 297
494 370
494 396
494 398
494 415
494 447
494 449
494 464
494 473
494 493
495 4
495 113
495 137
495 152
495 178
495 221
495 240
495 284
495 293
495 313
495 391
495 408
495 429
495 432
495 464
495 474
495 481
495 491
495 493
496 84
496 92
496 135
496 164
496 174
496 220
496 221
496 242
496 266
496 267
496 270
496 280
496 292
496 334
496 433
496 477
496 481
496 486
496 498
497 2
497 13
497 44
497 67
497 94
497 135
497 178
497 231
497 234
497 236
497 261
497 340
497 351
497 363
497 396
497 405
497 446
497 464
497 489
498 8
498 13
498 21
498 32
498 55
498 127
498 168
498 208
498 400
498 402
498 408
498 414
498 421
498 440
498 456
498 463
498 472
498 478
498 493
498 496
499 13
499 39
499 58
499 118
499 129
499 149
499 172
499 211
499 230
499 234
499 273
499 329
499 334
499 357
499 370
499 404
499 435
499 444
499 456
499 465
499 491
500 2
500 74
500 100
500 106
500 108
500 169
500 174
500 210
500 223
500 225
500 226
500 322
500 352
500 362
500 430
500 478
500 481
500 482
500 483
500 485
500 493
