1 24
1 25
1 26
1 38
1 222
2 5
2 388
2 405
2 434
2 457
3 122
3 124
3 126
3 128
4 172
4 267
4 280
4 426
4 433
5 2
5 358
5 388
5 434
5 457
6 226
6 229
6 230
6 336
6 428
7 18
7 21
7 312
7 388
7 440
8 106
8 129
8 254
8 279
8 345
9 17
9 19
9 153
9 264
9 485
10 248
10 250
10 287
10 322
10 486
11 12
11 212
11 254
11 449
12 11
12 29
12 212
12 254
12 495
13 15
13 214
13 256
13 344
13 458
14 206
14 207
14 208
14 335
14 365
15 13
15 28
15 264
15 429
15 477
16 17
16 19
16 150
16 235
16 378
17 9
17 16
17 162
17 235
17 470
18 7
18 21
18 136
18 312
18 426
18 479
19 9
19 16
19 52
19 153
19 235
20 22
20 23
20 199
20 306
20 336
21 7
21 18
21 27
21 312
21 482
22 20
22 23
22 249
22 306
23 20
23 22
23 24
23 37
23 249
24 1
24 23
24 25
24 109
24 171
25 1
25 24
25 115
25 249
25 433
26 1
26 28
26 37
26 222
26 465
27 21
27 34
27 35
27 302
27 312
28 15
28 26
28 222
28 293
28 315
29 12
29 30
29 31
29 37
29 484
30 29
30 31
30 172
30 222
30 474
31 29
31 30
31 37
31 60
31 221
32 56
32 135
32 269
32 304
32 313
33 137
33 158
33 160
33 161
33 164
34 27
34 35
34 302
34 312
34 439
35 27
35 34
35 41
35 302
35 484
36 169
36 170
36 175
36 322
36 411
37 23
37 26
37 29
37 31
37 221
38 1
38 39
38 44
38 199
38 465
39 38
39 44
39 199
39 281
39 499
40 71
40 74
40 77
40 342
40 415
41 35
41 49
41 302
41 320
41 434
42 252
42 253
42 256
42 356
42 382
43 106
43 185
43 279
43 361
43 484
44 38
44 39
44 199
44 221
44 285
45 47
45 48
45 233
45 447
45 474
46 165
46 278
46 304
46 309
46 334
47 45
47 48
47 199
47 221
47 305
48 45
48 47
48 51
48 68
48 403
49 41
49 53
49 57
49 320
49 498
50 65
50 66
50 75
50 104
50 113
51 48
51 52
51 55
51 63
51 135
52 19
52 51
52 63
52 274
52 357
53 49
53 57
53 72
53 320
53 478
54 61
54 93
54 157
54 232
54 342
55 51
55 63
55 277
55 354
55 466
56 32
56 280
56 289
56 431
56 465
57 49
57 53
57 72
57 302
57 405
58 59
58 60
58 62
58 65
58 121
59 58
59 60
59 65
59 350
59 480
60 31
60 58
60 59
60 63
60 65
61 54
61 101
61 160
61 232
61 500
62 58
62 65
62 290
62 494
62 500
63 51
63 52
63 55
63 60
63 264
64 93
64 154
64 156
64 232
64 490
65 50
65 58
65 59
65 60
65 62
66 50
66 75
66 107
66 108
66 133
67 68
67 69
67 183
67 423
67 499
68 48
68 67
68 69
68 183
68 231
69 67
69 68
69 77
69 183
69 231
70 71
70 74
70 193
70 231
70 236
71 40
71 70
71 74
71 342
71 497
72 53
72 57
72 78
72 266
72 320
72 340
73 261
73 262
73 265
73 286
73 311
74 40
74 70
74 71
74 176
74 236
75 50
75 66
75 99
75 103
75 163
76 77
76 84
76 106
76 342
76 478
77 40
77 69
77 76
77 82
77 84
78 72
78 257
78 266
78 418
78 457
79 85
79 86
79 89
79 91
79 255
80 81
80 83
80 87
80 92
80 180
81 80
81 180
81 257
81 266
81 418
82 77
82 84
82 203
82 285
82 402
83 80
83 92
83 180
83 414
83 437
83 499
84 76
84 77
84 82
84 472
84 481
85 79
85 86
85 255
85 347
85 419
86 79
86 85
86 113
86 255
86 306
87 80
87 92
87 180
87 257
87 418
88 91
88 95
88 101
88 353
88 496
89 79
89 147
89 148
89 150
89 156
90 94
90 96
90 97
90 100
90 180
90 499
91 79
91 88
91 95
91 101
91 188
92 80
92 83
92 87
92 180
92 495
93 54
93 64
93 154
93 156
93 157
93 473
94 90
94 96
94 97
94 100
94 488
95 88
95 91
95 101
95 255
95 495
96 90
96 94
96 97
96 100
96 483
97 90
97 94
97 96
97 100
97 109
98 196
98 198
98 204
98 245
98 345
99 75
99 102
99 103
99 108
99 163
99 475
100 90
100 94
100 96
100 97
100 109
101 61
101 88
101 91
101 95
101 364
102 99
102 181
102 198
102 300
102 357
103 75
103 99
103 163
103 169
103 337
104 50
104 108
104 111
104 113
104 146
105 182
105 186
105 188
105 190
105 191
106 8
106 43
106 76
106 185
106 193
106 279
107 66
107 111
107 163
107 477
107 485
108 66
108 99
108 104
108 362
108 391
108 397
109 24
109 97
109 100
109 110
109 131
109 423
110 109
110 131
110 290
110 423
110 485
110 492
111 104
111 107
111 113
111 114
111 252
112 189
112 290
112 295
112 316
112 415
113 50
113 86
113 104
113 111
113 114
114 111
114 113
114 271
114 326
114 482
115 25
115 117
115 118
115 271
115 288
116 120
116 157
116 271
116 309
116 465
117 115
117 118
117 120
117 271
117 498
118 115
118 117
118 120
118 192
118 383
119 121
119 125
119 127
119 283
119 346
119 494
120 116
120 117
120 118
120 124
120 130
121 58
121 119
121 125
121 131
121 283
121 423
122 3
122 124
122 126
122 356
122 362
123 136
123 141
123 142
123 477
123 494
124 3
124 120
124 122
124 126
124 465
125 119
125 121
125 127
125 283
125 423
126 3
126 122
126 124
126 128
126 164
127 119
127 125
127 283
127 363
127 370
128 3
128 126
128 129
128 160
128 485
129 8
129 128
129 130
129 132
129 133
130 120
130 129
130 132
130 133
130 488
131 109
131 110
131 121
131 283
131 423
132 129
132 130
132 133
132 166
132 453
133 66
133 129
133 130
133 132
133 136
134 139
134 283
134 340
134 450
134 466
135 32
135 51
135 152
135 168
135 392
136 18
136 123
136 133
136 141
136 409
137 33
137 161
137 164
137 167
137 350
138 139
138 140
138 145
138 210
138 340
139 134
139 138
139 145
139 210
139 340
140 138
140 145
140 149
140 194
140 210
140 340
141 123
141 136
141 142
141 143
141 496
142 123
142 141
142 143
142 146
142 238
143 141
143 142
143 146
143 202
143 478
144 197
144 250
144 287
144 327
144 382
145 138
145 139
145 140
145 149
145 151
146 104
146 142
146 143
146 148
146 406
147 89
147 148
147 150
147 351
147 447
148 89
148 146
148 147
148 291
148 415
149 140
149 145
149 151
149 155
149 159
149 404
150 16
150 89
150 147
150 154
150 183
151 145
151 149
151 155
151 159
151 462
152 135
152 195
152 289
152 371
152 476
153 9
153 19
153 264
153 382
153 489
154 64
154 93
154 150
154 156
154 344
155 149
155 151
155 159
155 166
155 174
156 64
156 89
156 93
156 154
156 217
157 54
157 93
157 116
157 232
157 319
158 33
158 160
158 161
158 172
158 232
159 149
159 151
159 155
159 174
159 454
160 33
160 61
160 128
160 158
160 161
161 33
161 137
161 158
161 160
162 17
162 164
162 167
162 391
162 473
163 75
163 99
163 103
163 107
163 181
164 33
164 126
164 137
164 162
164 167
165 46
165 276
165 278
165 291
165 432
166 132
166 155
166 174
166 298
166 407
166 463
167 137
167 162
167 164
167 168
167 212
168 135
168 167
168 393
168 434
168 447
169 36
169 103
169 170
169 173
169 175
169 322
170 36
170 169
170 173
170 174
170 440
170 494
171 24
171 225
171 251
171 281
171 315
171 344
172 4
172 30
172 158
172 269
172 289
172 424
173 169
173 170
173 175
173 318
173 322
173 481
174 155
174 159
174 166
174 170
174 200
174 318
175 36
175 169
175 173
175 318
175 322
175 477
176 74
176 177
176 318
176 322
176 398
176 453
177 176
177 179
177 186
177 318
177 365
177 398
178 184
178 284
178 416
178 455
178 481
178 492
179 177
179 182
179 186
179 207
179 451
179 489
180 80
180 81
180 83
180 87
180 90
180 92
181 102
181 163
181 198
181 204
181 439
181 457
182 105
182 179
182 186
182 188
182 455
182 495
183 67
183 68
183 69
183 150
183 231
183 236
184 178
184 192
184 215
184 284
184 416
184 455
185 43
185 106
185 251
185 279
185 344
185 434
186 105
186 177
186 179
186 182
186 398
186 490
187 275
187 323
187 370
187 403
187 427
187 467
188 91
188 105
188 182
188 398
188 476
188 486
189 112
189 245
189 295
189 316
189 337
189 364
189 498
190 105
190 191
190 194
190 195
190 213
190 378
191 105
191 190
191 194
191 195
191 211
191 378
192 118
192 184
192 202
192 215
192 227
192 284
192 473
193 70
193 106
193 214
193 279
193 345
193 487
194 140
194 190
194 191
194 195
194 432
194 487
195 152
195 190
195 191
195 194
195 196
195 378
196 98
196 195
196 201
196 365
196 378
196 491
197 144
197 241
197 250
197 252
197 327
197 490
198 98
198 102
198 181
198 204
198 230
198 245
199 20
199 38
199 39
199 44
199 47
199 221
200 174
200 309
200 319
200 333
200 391
200 485
201 196
201 203
201 205
201 299
201 321
201 365
202 143
202 192
202 215
202 227
202 228
202 416
202 481
203 82
203 201
203 205
203 321
203 365
203 477
204 98
204 181
204 198
204 205
204 245
204 295
205 201
205 203
205 204
205 321
205 365
205 378
206 14
206 207
206 246
206 321
206 335
206 451
207 14
207 179
207 206
207 208
207 246
207 321
208 14
208 207
208 246
208 387
208 400
208 496
209 211
209 216
209 217
209 246
209 335
209 490
210 138
210 139
210 140
210 340
210 427
210 490
211 191
211 209
211 216
211 217
211 335
211 423
212 11
212 12
212 167
212 264
212 345
212 480
213 190
213 216
213 217
213 246
213 418
213 478
214 13
214 193
214 251
214 254
214 386
214 407
215 184
215 192
215 202
215 227
215 228
215 284
216 209
216 211
216 213
216 217
216 218
216 384
217 156
217 209
217 211
217 213
217 216
217 219
218 216
218 219
218 223
218 224
218 273
218 499
219 217
219 218
219 223
219 224
219 250
219 436
220 225
220 277
220 293
220 315
220 362
220 394
221 31
221 37
221 44
221 47
221 199
221 380
222 1
222 26
222 28
222 30
222 309
222 406
223 218
223 219
223 224
223 226
223 287
223 336
224 218
224 219
224 223
224 226
224 289
224 336
225 171
225 220
225 251
225 281
225 315
225 344
226 6
226 223
226 224
226 229
226 286
226 336
227 192
227 202
227 215
227 228
227 284
227 455
228 202
228 215
228 227
228 270
228 272
228 282
229 6
229 226
229 233
229 267
229 336
229 484
230 6
230 198
230 233
230 237
230 427
230 447
231 68
231 69
231 70
231 183
231 237
231 457
232 54
232 61
232 64
232 157
232 158
232 244
233 45
233 229
233 230
233 234
233 237
233 383
234 233
234 237
234 239
234 271
234 383
234 481
235 16
235 17
235 19
235 269
235 306
235 448
236 70
236 74
236 183
236 342
236 383
236 429
237 230
237 231
237 233
237 234
237 239
237 383
238 142
238 243
238 270
238 272
238 282
238 455
238 473
239 234
239 237
239 240
239 347
239 383
239 480
240 239
240 241
240 242
240 244
240 383
240 417
241 197
241 240
241 242
241 244
241 258
241 475
242 240
242 241
242 244
242 247
242 258
242 337
243 238
243 270
243 272
243 282
243 294
243 490
244 232
244 240
244 241
244 242
244 247
244 258
245 98
245 189
245 198
245 204
245 260
245 341
246 206
246 207
246 208
246 209
246 213
246 335
247 242
247 244
247 248
247 258
247 287
247 469
248 10
248 247
248 258
248 287
248 390
248 457
249 22
249 23
249 25
249 306
249 453
249 489
250 10
250 144
250 197
250 219
250 252
250 327
251 171
251 185
251 214
251 225
251 281
251 344
252 42
252 111
252 197
252 250
252 327
252 382
253 42
253 256
253 327
253 343
253 356
253 418
254 8
254 11
254 12
254 214
254 345
254 434
255 79
255 85
255 86
255 95
255 276
255 436
256 13
256 42
256 253
256 259
256 356
256 382
257 78
257 81
257 87
257 266
257 345
257 403
257 418
258 241
258 242
258 244
258 247
258 248
258 287
259 256
259 260
259 261
259 356
259 451
259 452
260 245
260 259
260 261
260 262
260 356
260 467
261 73
261 259
261 260
261 262
261 286
261 435
262 73
262 260
262 261
262 286
262 437
262 497
263 282
263 294
263 296
263 297
263 301
263 303
264 9
264 15
264 63
264 153
264 212
264 374
265 73
265 268
265 276
265 291
265 311
265 486
266 72
266 78
266 81
266 257
266 320
266 418
267 4
267 229
267 269
267 280
267 289
267 486
268 265
268 276
268 291
268 311
268 371
268 456
269 32
269 172
269 235
269 267
269 289
269 364
270 228
270 238
270 243
270 272
270 282
270 294
271 114
271 115
271 116
271 117
271 234
271 477
272 228
272 238
272 243
272 270
272 282
272 294
273 218
273 276
273 286
273 291
273 311
273 395
274 52
274 293
274 357
274 362
274 415
274 459
275 187
275 298
275 323
275 399
275 407
275 414
276 165
276 255
276 265
276 268
276 273
276 291
277 55
277 220
277 357
277 362
277 484
277 500
278 46
278 165
278 292
278 304
278 334
278 469
279 8
279 43
279 106
279 185
279 193
279 384
280 4
280 56
280 267
280 373
280 459
280 496
281 39
281 171
281 225
281 251
281 315
281 344
281 477
282 228
282 238
282 243
282 263
282 270
282 272
282 294
283 119
283 121
283 125
283 127
283 131
283 134
283 470
284 178
284 184
284 192
284 215
284 227
284 416
284 455
285 44
285 82
285 351
285 353
285 368
285 377
285 417
285 439
286 73
286 226
286 261
286 262
286 273
286 311
286 397
287 10
287 144
287 223
287 247
287 248
287 258
287 472
288 115
288 292
288 367
288 405
288 420
288 434
288 457
289 56
289 152
289 172
289 224
289 267
289 269
289 372
290 62
290 110
290 112
290 324
290 350
290 364
290 430
291 148
291 165
291 265
291 268
291 273
291 276
291 304
292 278
292 288
292 346
292 358
292 367
292 397
292 420
293 28
293 220
293 274
293 315
293 324
293 357
293 460
294 243
294 263
294 270
294 272
294 282
294 297
294 301
295 112
295 189
295 204
295 304
295 337
295 339
295 390
296 263
296 297
296 301
296 303
296 359
296 443
296 498
297 263
297 294
297 296
297 301
297 303
297 359
298 166
298 275
298 325
298 360
298 387
298 400
298 414
299 201
299 411
299 428
299 429
299 430
299 440
299 481
300 102
300 348
300 352
300 355
300 366
300 458
300 460
300 462
301 263
301 294
301 296
301 297
301 303
301 359
301 399
302 27
302 34
302 35
302 41
302 57
302 312
302 314
303 263
303 296
303 297
303 301
303 310
303 359
303 399
304 32
304 46
304 278
304 291
304 295
304 309
304 334
305 47
305 307
305 308
305 314
305 317
305 359
305 399
306 20
306 22
306 86
306 235
306 249
306 486
306 497
307 305
307 308
307 314
307 317
307 333
307 359
307 399
308 305
308 307
308 310
308 314
308 317
308 414
308 467
309 46
309 116
309 200
309 222
309 304
309 319
309 326
310 303
310 308
310 314
310 317
310 329
310 399
310 476
311 73
311 265
311 268
311 273
311 286
311 477
311 488
312 7
312 18
312 21
312 27
312 34
312 302
312 326
313 32
313 328
313 360
313 373
313 384
313 400
313 404
314 302
314 305
314 307
314 308
314 310
314 329
314 399
315 28
315 171
315 220
315 225
315 281
315 293
315 327
316 112
316 189
316 339
316 350
316 376
316 454
316 468
317 305
317 307
317 308
317 310
317 329
317 357
317 399
318 173
318 174
318 175
318 176
318 177
318 449
318 479
319 157
319 200
319 309
319 326
319 333
319 354
319 391
320 41
320 49
320 53
320 72
320 266
320 441
320 488
321 201
321 203
321 205
321 206
321 207
321 365
321 419
322 10
322 36
322 169
322 173
322 175
322 176
322 398
323 187
323 275
323 363
323 391
323 403
323 407
323 414
324 290
324 293
324 350
324 352
324 362
324 364
324 415
325 298
325 328
325 360
325 382
325 387
325 400
325 414
326 114
326 309
326 312
326 319
326 333
326 339
326 391
327 144
327 197
327 250
327 252
327 253
327 315
327 400
328 313
328 325
328 360
328 384
328 387
328 400
328 471
329 310
329 314
329 317
329 331
329 460
329 463
329 490
330 331
330 332
330 334
330 338
330 372
330 456
330 469
331 329
331 330
331 332
331 338
331 372
331 456
331 495
332 330
332 331
332 338
332 358
332 372
332 441
332 456
333 200
333 307
333 319
333 326
333 337
333 339
333 391
334 46
334 278
334 304
334 330
334 467
334 493
334 500
335 14
335 206
335 209
335 211
335 246
335 467
335 499
336 6
336 20
336 223
336 224
336 226
336 229
336 453
337 103
337 189
337 242
337 295
337 333
337 385
337 494
338 330
338 331
338 332
338 372
338 435
338 441
338 456
339 295
339 316
339 326
339 333
339 356
339 391
339 462
340 72
340 134
340 138
340 139
340 140
340 210
340 388
341 245
341 386
341 392
341 396
341 411
341 430
341 481
342 40
342 54
342 71
342 76
342 236
342 466
342 470
343 253
343 376
343 385
343 394
343 396
343 425
343 447
344 13
344 154
344 171
344 185
344 225
344 251
344 281
345 8
345 98
345 193
345 212
345 254
345 257
345 349
346 119
346 292
346 358
346 363
346 367
346 397
346 420
347 85
347 239
347 373
347 376
347 395
347 404
347 447
347 470
348 300
348 351
348 352
348 355
348 366
348 458
348 460
348 462
349 345
349 359
349 381
349 390
349 402
349 409
349 424
349 432
349 449
350 59
350 137
350 290
350 316
350 324
350 364
350 375
350 400
351 147
351 285
351 348
351 353
351 368
351 393
351 417
351 419
352 300
352 324
352 348
352 355
352 366
352 375
352 458
352 462
353 88
353 285
353 351
353 368
353 393
353 417
353 419
353 446
354 55
354 319
354 374
354 406
354 454
354 465
354 482
354 491
355 300
355 348
355 352
355 366
355 375
355 429
355 458
355 462
356 42
356 122
356 253
356 256
356 259
356 260
356 339
356 404
357 52
357 102
357 274
357 277
357 293
357 317
357 362
357 476
358 5
358 292
358 332
358 346
358 367
358 397
358 417
358 420
359 296
359 297
359 301
359 303
359 305
359 307
359 349
359 399
360 298
360 313
360 325
360 328
360 384
360 387
360 400
360 403
361 43
361 410
361 426
361 431
361 437
361 453
361 454
361 477
362 108
362 122
362 220
362 274
362 277
362 324
362 357
362 472
363 127
363 323
363 346
363 370
363 376
363 397
363 403
363 427
364 101
364 189
364 269
364 290
364 324
364 350
364 415
364 493
365 14
365 177
365 196
365 201
365 203
365 205
365 321
365 382
366 300
366 348
366 352
366 355
366 375
366 458
366 462
366 491
367 288
367 292
367 346
367 358
367 377
367 397
367 420
367 457
368 285
368 351
368 353
368 374
368 417
368 419
368 460
368 465
369 375
369 380
369 389
369 409
369 424
369 458
369 469
369 482
370 127
370 187
370 363
370 403
370 410
370 411
370 414
370 427
371 152
371 268
371 372
371 377
371 393
371 441
371 487
371 499
372 289
372 330
372 331
372 332
372 338
372 371
372 441
372 456
373 280
373 313
373 347
373 383
373 384
373 395
373 404
373 447
374 264
374 354
374 368
374 406
374 428
374 429
374 465
374 478
375 350
375 352
375 355
375 366
375 369
375 389
375 424
375 458
376 316
376 343
376 347
376 363
376 395
376 396
376 447
376 476
377 285
377 367
377 371
377 393
377 419
377 441
377 456
377 496
378 16
378 190
378 191
378 195
378 196
378 205
378 388
378 479
379 387
379 410
379 425
379 426
379 431
379 437
379 440
379 442
380 221
380 369
380 389
380 402
380 409
380 424
380 458
380 484
381 349
381 390
381 398
381 432
381 436
381 449
381 453
381 477
382 42
382 144
382 153
382 252
382 256
382 325
382 365
382 498
383 118
383 233
383 234
383 236
383 237
383 239
383 240
383 373
384 216
384 279
384 313
384 328
384 360
384 373
384 387
384 499
385 337
385 343
385 394
385 395
385 396
385 428
385 438
385 497
386 214
386 341
386 392
386 393
386 394
386 396
386 411
386 442
387 208
387 298
387 325
387 328
387 360
387 379
387 384
387 400
388 2
388 5
388 7
388 340
388 378
388 434
388 467
388 472
389 369
389 375
389 380
389 390
389 402
389 409
389 446
389 492
390 248
390 295
390 349
390 381
390 389
390 402
390 409
390 424
390 449
391 108
391 162
391 200
391 319
391 323
391 326
391 333
391 339
392 135
392 341
392 386
392 394
392 396
392 430
392 493
392 495
393 168
393 351
393 353
393 371
393 377
393 386
393 419
393 441
394 220
394 343
394 385
394 386
394 392
394 396
394 430
394 457
395 273
395 347
395 373
395 376
395 385
395 404
395 441
395 447
396 341
396 343
396 376
396 385
396 386
396 392
396 394
396 481
397 108
397 286
397 292
397 346
397 358
397 363
397 367
397 420
398 176
398 177
398 186
398 188
398 322
398 381
398 415
398 430
399 275
399 301
399 303
399 305
399 307
399 310
399 314
399 317
399 359
400 208
400 298
400 313
400 325
400 327
400 328
400 350
400 360
400 387
401 405
401 408
401 412
401 413
401 421
401 446
401 448
401 474
401 484
402 82
402 349
402 380
402 389
402 390
402 409
402 424
402 431
402 449
403 48
403 187
403 257
403 323
403 360
403 363
403 370
403 407
403 414
404 149
404 313
404 347
404 356
404 373
404 395
404 447
404 476
404 487
405 2
405 57
405 288
405 401
405 415
405 431
405 434
405 457
405 495
406 146
406 222
406 354
406 374
406 417
406 428
406 463
406 465
406 500
407 166
407 214
407 275
407 323
407 403
407 414
407 422
407 492
407 498
408 401
408 412
408 413
408 421
408 446
408 448
408 474
408 484
408 493
409 136
409 349
409 369
409 380
409 389
409 390
409 402
409 424
409 444
410 361
410 370
410 379
410 425
410 426
410 431
410 442
410 444
410 474
411 36
411 299
411 341
411 370
411 386
411 428
411 429
411 430
411 462
412 401
412 408
412 413
412 421
412 446
412 448
412 471
412 481
412 484
413 401
413 408
413 412
413 421
413 446
413 448
413 484
413 490
413 495
414 83
414 275
414 298
414 308
414 323
414 325
414 370
414 403
414 407
415 40
415 112
415 148
415 274
415 324
415 364
415 398
415 405
415 487
416 178
416 184
416 202
416 284
416 422
416 455
416 467
416 481
416 483
417 240
417 285
417 351
417 353
417 358
417 368
417 406
417 419
417 465
418 78
418 81
418 87
418 213
418 253
418 257
418 266
418 474
418 500
419 85
419 321
419 351
419 353
419 368
419 377
419 393
419 417
419 450
420 288
420 292
420 346
420 358
420 367
420 397
420 423
420 483
420 484
421 401
421 408
421 412
421 413
421 435
421 444
421 448
421 484
421 491
422 407
422 416
422 439
422 440
422 455
422 458
422 460
422 467
422 481
423 67
423 109
423 110
423 121
423 125
423 131
423 211
423 420
423 427
424 172
424 349
424 369
424 375
424 380
424 390
424 402
424 409
424 489
425 343
425 379
425 410
425 426
425 431
425 439
425 440
425 442
425 471
426 4
426 18
426 361
426 379
426 410
426 425
426 437
426 468
426 479
427 187
427 210
427 230
427 363
427 370
427 423
427 443
427 461
427 464
428 6
428 299
428 374
428 385
428 406
428 411
428 429
428 456
428 465
429 15
429 236
429 299
429 355
429 374
429 411
429 428
429 465
429 495
430 290
430 299
430 341
430 392
430 394
430 398
430 411
430 442
430 461
430 466
431 56
431 361
431 379
431 402
431 405
431 410
431 425
431 442
431 454
431 462
432 165
432 194
432 349
432 381
432 436
432 449
432 453
432 454
432 477
432 496
433 4
433 25
433 435
433 438
433 444
433 451
433 466
433 476
433 488
433 500
434 2
434 5
434 41
434 168
434 185
434 254
434 288
434 388
434 405
434 457
435 261
435 338
435 421
435 433
435 438
435 444
435 448
435 451
435 466
435 476
436 219
436 255
436 381
436 432
436 453
436 454
436 472
436 474
436 477
436 499
437 83
437 262
437 361
437 379
437 426
437 449
437 453
437 454
437 468
437 477
438 385
438 433
438 435
438 441
438 444
438 448
438 451
438 460
438 466
438 476
439 34
439 181
439 285
439 422
439 425
439 440
439 442
439 455
439 467
439 481
440 7
440 170
440 299
440 379
440 422
440 425
440 439
440 442
440 467
440 481
441 320
441 332
441 338
441 371
441 372
441 377
441 393
441 395
441 438
441 456
442 379
442 386
442 410
442 425
442 430
442 431
442 439
442 440
442 475
442 481
443 296
443 427
443 450
443 452
443 459
443 469
443 470
443 472
443 473
443 478
443 485
444 409
444 410
444 421
444 433
444 435
444 438
444 448
444 451
444 460
444 466
444 476
445 446
445 461
445 463
445 469
445 470
445 472
445 473
445 474
445 478
445 490
445 500
446 353
446 389
446 401
446 408
446 412
446 413
446 445
446 461
446 463
446 474
446 484
447 45
447 147
447 168
447 230
447 343
447 347
447 373
447 376
447 395
447 404
447 484
448 235
448 401
448 408
448 412
448 413
448 421
448 435
448 438
448 444
448 484
448 485
449 11
449 318
449 349
449 381
449 390
449 402
449 432
449 437
449 454
449 494
449 496
450 134
450 419
450 443
450 452
450 459
450 478
450 482
450 485
450 487
450 488
450 495
451 179
451 206
451 259
451 433
451 435
451 438
451 444
451 460
451 466
451 476
451 499
452 259
452 443
452 450
452 458
452 459
452 478
452 482
452 485
452 487
452 488
452 495
453 132
453 176
453 249
453 336
453 361
453 381
453 432
453 436
453 437
453 454
453 477
454 159
454 316
454 354
454 361
454 431
454 432
454 436
454 437
454 449
454 453
454 477
455 178
455 182
455 184
455 227
455 238
455 284
455 416
455 422
455 439
455 467
455 479
456 268
456 330
456 331
456 332
456 338
456 372
456 377
456 428
456 441
456 459
456 492
457 2
457 5
457 78
457 181
457 231
457 248
457 288
457 367
457 394
457 405
457 434
458 13
458 300
458 348
458 352
458 355
458 366
458 369
458 375
458 380
458 422
458 452
459 274
459 280
459 443
459 450
459 452
459 456
459 478
459 482
459 485
459 487
459 488
459 495
460 293
460 300
460 329
460 348
460 368
460 422
460 438
460 444
460 451
460 462
460 466
460 476
461 427
461 430
461 445
461 446
461 463
461 469
461 470
461 472
461 473
461 474
461 475
461 490
462 151
462 300
462 339
462 348
462 352
462 355
462 366
462 411
462 431
462 460
462 466
462 476
463 166
463 329
463 406
463 445
463 446
463 461
463 469
463 472
463 473
463 474
463 484
463 490
464 427
464 468
464 471
464 475
464 479
464 480
464 482
464 485
464 486
464 487
464 488
464 495
465 26
465 38
465 56
465 116
465 124
465 354
465 368
465 374
465 406
465 417
465 428
465 429
466 55
466 134
466 342
466 430
466 433
466 435
466 438
466 444
466 451
466 460
466 462
466 476
467 187
467 260
467 308
467 334
467 335
467 388
467 416
467 422
467 439
467 440
467 455
467 481
467 490
468 316
468 426
468 437
468 464
468 471
468 475
468 479
468 480
468 482
468 486
468 487
468 488
468 495
469 247
469 278
469 330
469 369
469 443
469 445
469 461
469 463
469 470
469 472
469 473
469 478
469 490
470 17
470 283
470 342
470 347
470 443
470 445
470 461
470 469
470 472
470 473
470 478
470 485
470 488
471 328
471 412
471 425
471 464
471 468
471 475
471 479
471 480
471 483
471 486
471 487
471 489
471 499
471 500
472 84
472 287
472 362
472 388
472 436
472 443
472 445
472 461
472 463
472 469
472 470
472 473
472 474
472 490
473 93
473 162
473 192
473 238
473 443
473 445
473 461
473 463
473 469
473 470
473 472
473 474
473 478
473 490
474 30
474 45
474 401
474 408
474 410
474 418
474 436
474 445
474 446
474 461
474 463
474 472
474 473
474 484
474 487
475 99
475 241
475 442
475 461
475 464
475 468
475 471
475 479
475 480
475 483
475 486
475 489
475 496
475 499
475 500
476 152
476 188
476 310
476 357
476 376
476 404
476 433
476 435
476 438
476 444
476 451
476 460
476 462
476 466
476 478
477 15
477 107
477 123
477 175
477 203
477 271
477 281
477 311
477 361
477 381
477 432
477 436
477 437
477 453
477 454
478 53
478 76
478 143
478 213
478 374
478 443
478 445
478 450
478 452
478 459
478 469
478 470
478 473
478 476
478 485
479 18
479 318
479 378
479 426
479 455
479 464
479 468
479 471
479 475
479 480
479 482
479 486
479 487
479 488
479 495
480 59
480 212
480 239
480 464
480 468
480 471
480 475
480 479
480 482
480 483
480 486
480 489
480 496
480 499
480 500
481 84
481 173
481 178
481 202
481 234
481 299
481 341
481 396
481 412
481 416
481 422
481 439
481 440
481 442
481 467
482 21
482 114
482 354
482 369
482 450
482 452
482 459
482 464
482 468
482 479
482 480
482 483
482 485
482 487
482 488
482 495
483 96
483 416
483 420
483 471
483 475
483 480
483 482
483 486
483 489
483 491
483 492
483 494
483 496
483 498
483 499
483 500
484 29
484 35
484 43
484 229
484 277
484 380
484 401
484 408
484 412
484 413
484 420
484 421
484 446
484 447
484 448
484 463
484 474
485 9
485 107
485 110
485 128
485 200
485 443
485 448
485 450
485 452
485 459
485 464
485 470
485 478
485 482
485 487
485 488
485 490
486 10
486 188
486 265
486 267
486 306
486 464
486 468
486 471
486 475
486 479
486 480
486 483
486 489
486 495
486 496
486 499
486 500
487 193
487 194
487 371
487 404
487 415
487 450
487 452
487 459
487 464
487 468
487 471
487 474
487 479
487 482
487 485
487 488
487 495
488 94
488 130
488 311
488 320
488 433
488 450
488 452
488 459
488 464
488 468
488 470
488 479
488 482
488 485
488 487
488 490
488 495
489 153
489 179
489 249
489 424
489 471
489 475
489 480
489 483
489 486
489 491
489 492
489 493
489 494
489 496
489 498
489 499
489 500
490 64
490 186
490 197
490 209
490 210
490 243
490 329
490 413
490 445
490 461
490 463
490 467
490 469
490 472
490 473
490 485
490 488
490 500
491 196
491 354
491 366
491 421
491 483
491 489
491 492
491 493
491 494
491 496
491 497
491 498
491 500
492 110
492 178
492 389
492 407
492 456
492 483
492 489
492 491
492 493
492 494
492 496
492 497
492 498
492 499
492 500
493 334
493 364
493 392
493 408
493 489
493 491
493 492
493 494
493 496
493 497
493 498
494 62
494 119
494 123
494 170
494 337
494 449
494 483
494 489
494 491
494 492
494 493
494 496
494 497
494 498
494 499
494 500
495 12
495 92
495 95
495 182
495 331
495 392
495 405
495 413
495 429
495 450
495 452
495 459
495 464
495 468
495 479
495 482
495 486
495 487
495 488
496 88
496 141
496 208
496 280
496 377
496 432
496 449
496 475
496 480
496 483
496 486
496 489
496 491
496 492
496 493
496 494
496 497
496 498
496 499
496 500
497 71
497 262
497 306
497 385
497 491
497 492
497 493
497 494
497 496
497 498
498 49
498 117
498 189
498 296
498 382
498 407
498 483
498 489
498 491
498 492
498 493
498 494
498 496
498 497
498 499
498 500
499 39
499 67
499 83
499 90
499 218
499 335
499 371
499 384
499 436
499 451
499 471
499 475
499 480
499 483
499 486
499 489
499 492
499 494
499 496
499 498
499 500
500 61
500 62
500 277
500 334
500 406
500 418
500 433
500 445
500 471
500 475
500 480
500 483
500 486
500 489
500 490
500 491
500 492
500 494
500 496
500 498
500 499
