1 3
1 4
1 33
1 188
1 281
2 77
2 79
2 81
2 310
2 370
3 1
3 4
3 13
3 188
3 399
4 1
4 3
4 14
4 188
4 281
5 6
5 69
5 128
5 188
5 342
6 5
6 43
6 128
6 281
6 342
7 64
7 65
7 67
7 68
7 218
8 26
8 193
8 302
8 342
8 349
9 10
9 11
9 13
9 72
9 193
10 9
10 11
10 13
10 214
10 302
11 9
11 10
11 12
11 13
11 170
12 11
12 170
12 193
12 302
12 349
13 3
13 9
13 10
13 11
13 170
14 4
14 15
14 16
14 18
14 189
15 14
15 16
15 189
15 395
15 439
16 14
16 15
16 18
16 21
16 38
17 23
17 142
17 259
17 275
17 446
18 14
18 16
18 21
18 87
18 170
19 20
19 207
19 276
19 378
19 415
20 19
20 21
20 130
20 276
20 485
21 16
21 18
21 20
21 276
21 390
22 24
22 28
22 340
22 467
22 474
23 17
23 78
23 210
23 275
23 477
24 22
24 25
24 28
24 411
24 447
25 24
25 78
25 80
25 81
25 83
26 8
26 207
26 210
26 226
26 321
27 51
27 129
27 227
27 228
27 234
28 22
28 24
28 29
28 37
28 276
29 28
29 160
29 223
29 353
29 439
30 31
30 223
30 321
30 344
30 471
31 30
31 34
31 223
31 321
31 479
32 33
32 34
32 124
32 179
32 223
33 1
33 32
33 34
33 36
33 422
34 31
34 32
34 33
34 36
34 179
35 55
35 56
35 57
35 75
35 463
36 33
36 34
36 39
36 40
36 41
37 28
37 39
37 41
37 44
37 354
38 16
38 130
38 222
38 311
38 440
39 36
39 37
39 41
39 44
39 58
40 36
40 157
40 160
40 243
40 455
41 36
41 37
41 39
41 44
41 139
42 76
42 92
42 103
42 240
42 295
43 6
43 45
43 273
43 323
43 469
44 37
44 39
44 41
44 45
44 273
45 43
45 44
45 47
45 183
45 345
46 47
46 103
46 273
46 418
46 445
47 45
47 46
47 53
47 183
47 264
48 50
48 174
48 339
48 473
48 495
49 51
49 52
49 82
49 228
49 395
50 48
50 52
50 174
50 264
50 443
51 27
51 49
51 52
51 131
51 365
52 49
52 50
52 51
52 53
52 227
53 47
53 52
53 54
53 234
53 380
54 53
54 55
54 81
54 234
54 462
55 35
55 54
55 56
55 57
55 127
56 35
56 55
56 57
56 58
56 467
57 35
57 55
57 56
57 58
57 83
58 39
58 56
58 57
58 60
58 453
59 60
59 61
59 89
59 413
59 454
60 58
60 59
60 61
60 226
60 492
61 59
61 60
61 97
61 249
61 418
62 273
62 305
62 347
62 411
62 438
63 294
63 301
63 305
63 349
63 462
64 7
64 66
64 67
64 84
64 246
65 7
65 66
65 151
65 311
65 490
66 64
66 65
66 67
66 138
66 278
67 7
67 64
67 66
67 154
67 278
68 7
68 182
68 278
68 294
68 451
69 5
69 198
69 474
69 475
69 488
70 74
70 243
70 251
70 358
70 467
71 72
71 75
71 159
71 198
71 398
72 9
72 71
72 198
72 278
72 304
73 141
73 142
73 208
73 271
73 483
74 70
74 175
74 219
74 251
74 442
75 35
75 71
75 198
75 278
75 347
76 42
76 77
76 310
76 491
76 495
77 2
77 76
77 179
77 310
77 354
78 23
78 25
78 80
78 84
78 373
79 2
79 81
79 295
79 378
79 457
80 25
80 78
80 86
80 458
80 469
81 2
81 25
81 54
81 79
81 322
82 49
82 182
82 196
82 216
82 221
83 25
83 57
83 84
83 85
83 312
84 64
84 78
84 83
84 85
84 312
85 83
85 84
85 86
85 100
85 312
86 80
86 85
86 87
86 312
86 492
87 18
87 86
87 88
87 163
87 219
88 87
88 120
88 163
88 219
88 238
89 59
89 91
89 225
89 238
89 442
90 92
90 101
90 103
90 334
90 464
91 89
91 93
91 94
91 107
91 427
92 42
92 90
92 104
92 110
92 240
93 91
93 94
93 209
93 225
93 238
94 91
94 93
94 95
94 96
94 112
95 94
95 96
95 98
95 480
95 487
96 94
96 95
96 97
96 98
96 435
97 61
97 96
97 98
97 200
97 494
98 95
98 96
98 97
98 101
98 200
99 100
99 101
99 200
99 461
99 483
100 85
100 99
100 101
100 200
100 489
101 90
101 98
101 99
101 100
101 397
102 117
102 119
102 169
102 331
102 370
103 42
103 46
103 90
103 433
103 498
104 92
104 240
104 285
104 295
104 465
105 106
105 107
105 110
105 155
105 500
106 105
106 107
106 109
106 110
106 392
107 91
107 105
107 106
107 110
107 240
108 162
108 165
108 308
108 323
108 464
109 106
109 110
109 295
109 475
109 500
110 92
110 105
110 106
110 107
110 109
111 112
111 113
111 114
111 353
111 373
112 94
112 111
112 113
112 114
112 486
113 111
113 112
113 114
113 425
113 476
114 111
114 112
114 113
114 115
114 348
115 114
115 123
115 211
115 252
115 441
116 117
116 169
116 240
116 252
116 411
117 102
117 116
117 169
117 370
117 411
118 119
118 120
118 351
118 379
118 474
119 102
119 118
119 120
119 370
119 391
120 88
120 118
120 119
120 124
120 330
121 125
121 330
121 333
121 458
121 469
122 154
122 155
122 175
122 264
122 314
123 115
123 124
123 125
123 330
123 418
124 32
124 120
124 123
124 125
124 330
125 121
125 123
125 124
125 144
125 368
126 127
126 129
126 147
126 222
126 309
127 55
127 126
127 129
127 222
127 358
128 5
128 6
128 302
128 324
128 342
129 27
129 126
129 127
129 147
129 222
130 20
130 38
130 133
130 391
130 431
131 51
131 144
131 145
131 148
131 214
132 133
132 135
132 145
132 326
132 480
133 130
133 132
133 134
133 135
133 146
134 133
134 135
134 176
134 222
134 479
135 132
135 133
135 134
135 342
135 417
136 137
136 138
136 139
136 140
136 458
137 136
137 138
137 139
137 140
137 150
138 66
138 136
138 137
138 139
138 140
139 41
139 136
139 137
139 138
139 140
140 136
140 137
140 138
140 139
140 166
141 73
141 300
141 344
141 370
141 462
142 17
142 73
142 143
142 450
142 493
143 142
143 146
143 162
143 208
143 471
144 125
144 131
144 145
144 208
144 495
145 131
145 132
145 144
145 214
145 336
146 133
146 143
146 208
146 214
146 456
147 126
147 129
147 164
147 358
147 374
148 131
148 150
148 214
148 414
148 456
149 151
149 152
149 312
149 431
149 472
150 137
150 148
150 151
150 214
150 453
151 65
151 149
151 150
151 152
151 153
152 149
152 151
152 153
152 374
152 401
153 151
153 152
153 154
153 423
153 438
154 67
154 122
154 153
154 155
154 175
155 105
155 122
155 154
155 175
155 468
156 157
156 175
156 243
156 278
156 487
157 40
157 156
157 197
157 243
157 251
158 159
158 160
158 178
158 239
158 440
159 71
159 158
159 160
159 239
159 251
160 29
160 40
160 158
160 159
160 239
160 396
161 169
161 220
161 224
161 229
161 230
161 480
162 108
162 143
162 165
162 308
162 323
162 478
163 87
163 88
163 167
163 219
163 225
163 498
164 147
164 256
164 263
164 271
164 300
164 332
165 108
165 162
165 168
165 308
165 369
165 499
166 140
166 167
166 168
166 173
166 308
166 375
167 163
167 166
167 168
167 172
167 173
167 449
168 165
168 166
168 167
168 172
168 173
168 380
169 102
169 116
169 117
169 161
169 252
169 430
170 11
170 12
170 13
170 18
170 284
170 482
171 254
171 277
171 282
171 331
171 367
171 399
172 167
172 168
172 173
172 176
172 177
172 332
173 166
173 167
173 168
173 172
173 176
173 390
174 48
174 50
174 199
174 228
174 339
174 432
175 74
175 122
175 154
175 155
175 156
175 196
176 134
176 172
176 173
176 177
176 184
176 387
177 172
177 176
177 184
177 236
177 387
177 450
178 158
178 239
178 243
178 355
178 478
178 498
179 32
179 34
179 77
179 321
179 351
179 389
180 272
180 279
180 331
180 359
180 362
180 389
181 182
181 216
181 310
181 360
181 378
181 444
182 68
182 82
182 181
182 216
182 333
182 489
183 45
183 47
183 264
183 328
183 365
183 418
184 176
184 177
184 387
184 430
184 477
184 482
185 186
185 325
185 387
185 479
185 481
185 497
186 185
186 190
186 195
186 202
186 387
186 444
187 192
187 194
187 195
187 202
187 267
187 387
188 1
188 3
188 4
188 5
188 260
188 281
189 14
189 15
189 244
189 318
189 405
189 471
190 186
190 258
190 268
190 287
190 366
190 372
191 196
191 221
191 276
191 279
191 432
191 499
192 187
192 194
192 195
192 202
192 428
192 449
193 8
193 9
193 12
193 349
193 444
193 498
194 187
194 192
194 195
194 197
194 202
194 205
195 186
195 187
195 192
195 194
195 205
195 463
196 82
196 175
196 191
196 221
196 307
196 417
197 157
197 194
197 201
197 203
197 424
197 489
198 69
198 71
198 72
198 75
198 310
198 494
199 174
199 271
199 297
199 332
199 361
199 455
200 97
200 98
200 99
200 100
200 233
200 461
201 197
201 203
201 221
201 288
201 364
201 447
202 186
202 187
202 192
202 194
202 205
202 463
203 197
203 201
203 207
203 301
203 468
203 484
204 247
204 250
204 253
204 266
204 303
204 393
205 194
205 195
205 202
205 440
205 462
205 472
206 210
206 283
206 314
206 355
206 356
206 360
207 19
207 26
207 203
207 410
207 457
207 470
208 73
208 143
208 144
208 146
208 225
208 443
209 93
209 236
209 237
209 242
209 244
209 290
210 23
210 26
210 206
210 213
210 226
210 263
211 115
211 232
211 252
211 370
211 402
211 486
212 217
212 227
212 324
212 440
212 493
212 500
213 210
213 215
213 226
213 230
213 275
213 353
214 10
214 131
214 145
214 146
214 148
214 150
215 213
215 226
215 278
215 356
215 412
215 486
216 82
216 181
216 182
216 221
216 239
216 365
217 212
217 218
217 228
217 324
217 386
217 440
218 7
218 217
218 324
218 386
218 440
218 495
219 74
219 87
219 88
219 163
219 238
219 312
220 161
220 224
220 230
220 274
220 324
220 386
221 82
221 191
221 196
221 201
221 216
221 461
222 38
222 126
222 127
222 129
222 134
222 325
223 29
223 30
223 31
223 32
223 304
223 321
224 161
224 220
224 229
224 230
224 284
224 406
225 89
225 93
225 163
225 208
225 238
225 472
226 26
226 60
226 210
226 213
226 215
226 442
227 27
227 52
227 212
227 228
227 234
227 339
228 27
228 49
228 174
228 217
228 227
228 234
229 161
229 224
229 230
229 386
229 406
229 500
230 161
230 213
230 220
230 224
230 229
230 406
231 233
231 235
231 236
231 237
231 330
231 414
232 211
232 241
232 259
232 275
232 346
232 460
233 200
233 231
233 236
233 237
233 406
233 456
234 27
234 53
234 54
234 227
234 228
234 238
235 231
235 236
235 360
235 406
235 414
235 437
236 177
236 209
236 231
236 233
236 235
236 237
237 209
237 231
237 233
237 236
237 454
237 500
238 88
238 89
238 93
238 219
238 225
238 234
239 158
239 159
239 160
239 178
239 216
239 454
240 42
240 92
240 104
240 107
240 116
240 295
241 232
241 245
241 256
241 259
241 436
241 492
242 209
242 244
242 290
242 299
242 363
242 451
243 40
243 70
243 156
243 157
243 178
243 494
244 189
244 209
244 242
244 247
244 290
244 303
245 241
245 259
245 332
245 384
245 399
245 431
246 64
246 294
246 311
246 333
246 343
246 487
247 204
247 244
247 266
247 297
247 303
247 407
248 250
248 253
248 254
248 255
248 267
248 269
249 61
249 305
249 347
249 381
249 446
249 491
250 204
250 248
250 253
250 266
250 267
250 470
251 70
251 74
251 157
251 159
251 355
251 429
252 115
252 116
252 169
252 211
252 280
252 496
253 204
253 248
253 250
253 254
253 267
253 318
254 171
254 248
254 253
254 255
254 266
254 267
255 248
255 254
255 267
255 299
255 303
255 448
256 164
256 241
256 263
256 300
256 368
256 431
257 258
257 287
257 372
257 422
257 449
257 478
258 190
258 257
258 287
258 372
258 472
258 476
259 17
259 232
259 241
259 245
259 375
259 404
260 188
260 281
260 284
260 318
260 378
260 409
260 411
261 269
261 280
261 293
261 428
261 453
261 469
261 473
262 283
262 289
262 307
262 315
262 316
262 344
262 428
263 164
263 210
263 256
263 299
263 381
263 427
263 445
264 47
264 50
264 122
264 183
264 339
264 381
264 492
265 291
265 308
265 323
265 329
265 375
265 409
265 490
266 204
266 247
266 250
266 254
266 290
266 303
266 484
267 187
267 248
267 250
267 253
267 254
267 255
267 287
268 190
268 274
268 313
268 317
268 329
268 366
268 371
269 248
269 261
269 434
269 453
269 465
269 473
269 476
270 280
270 292
270 293
270 306
270 309
270 311
270 473
271 73
271 164
271 199
271 296
271 297
271 361
271 437
272 180
272 279
272 331
272 375
272 407
272 429
272 444
273 43
273 44
273 46
273 62
273 293
273 298
273 418
274 220
274 268
274 282
274 317
274 329
274 366
274 399
275 17
275 23
275 213
275 232
275 376
275 427
275 459
276 19
276 20
276 21
276 28
276 191
276 433
276 441
277 171
277 282
277 329
277 339
277 366
277 399
277 421
278 66
278 67
278 68
278 72
278 75
278 156
278 215
279 180
279 191
279 272
279 331
279 359
279 416
279 477
280 252
280 261
280 270
280 292
280 293
280 306
280 309
281 1
281 4
281 6
281 188
281 260
281 394
281 456
282 171
282 274
282 277
282 317
282 341
282 367
282 497
283 206
283 262
283 305
283 307
283 315
283 316
283 344
284 170
284 224
284 260
284 318
284 378
284 411
284 447
285 104
285 286
285 288
285 359
285 399
285 414
285 439
286 285
286 288
286 289
286 331
286 386
286 439
286 450
287 190
287 257
287 258
287 267
287 329
287 372
287 492
288 201
288 285
288 286
288 289
288 379
288 383
288 439
289 262
289 286
289 288
289 307
289 335
289 439
289 500
290 209
290 242
290 244
290 266
290 303
290 385
290 487
291 265
291 353
291 369
291 375
291 388
291 409
291 457
292 270
292 280
292 293
292 306
292 309
292 421
292 498
293 261
293 270
293 273
293 280
293 292
293 421
293 453
294 63
294 68
294 246
294 301
294 311
294 370
294 405
295 42
295 79
295 104
295 109
295 240
295 296
295 465
296 271
296 295
296 361
296 412
296 431
296 435
296 485
297 199
297 247
297 271
297 332
297 384
297 455
297 497
298 273
298 345
298 354
298 364
298 365
298 436
298 472
299 242
299 255
299 263
299 313
299 320
299 368
299 468
300 141
300 164
300 256
300 361
300 431
300 477
300 498
301 63
301 203
301 294
301 305
301 347
301 406
301 455
302 8
302 10
302 12
302 128
302 349
302 356
302 450
303 204
303 244
303 247
303 255
303 266
303 290
303 308
304 72
304 223
304 322
304 333
304 336
304 337
304 377
305 62
305 63
305 249
305 283
305 301
305 347
305 358
306 270
306 280
306 292
306 309
306 319
306 421
306 430
307 196
307 262
307 283
307 289
307 315
307 316
307 345
308 108
308 162
308 165
308 166
308 265
308 303
308 323
309 126
309 270
309 280
309 292
309 306
309 319
309 421
310 2
310 76
310 77
310 181
310 198
310 378
310 496
311 38
311 65
311 246
311 270
311 294
311 418
311 447
312 83
312 84
312 85
312 86
312 149
312 219
312 372
313 268
313 299
313 320
313 322
313 368
313 370
313 427
314 122
314 206
314 355
314 356
314 360
314 401
314 488
315 262
315 283
315 307
315 316
315 366
315 424
315 488
316 262
316 283
316 307
316 315
316 344
316 387
316 493
317 268
317 274
317 282
317 367
317 372
317 462
317 493
318 189
318 253
318 260
318 284
318 378
318 411
318 439
319 306
319 309
319 341
319 343
319 403
319 419
319 421
320 299
320 313
320 330
320 368
320 427
320 440
320 443
321 26
321 30
321 31
321 179
321 223
321 373
321 393
322 81
322 304
322 313
322 326
322 336
322 337
322 427
323 43
323 108
323 162
323 265
323 308
323 369
323 375
323 476
324 128
324 212
324 217
324 218
324 220
324 358
324 386
324 440
325 185
325 222
325 363
325 413
325 433
325 444
325 450
325 477
326 132
326 322
326 346
326 357
326 382
326 403
326 462
326 487
327 389
327 390
327 391
327 405
327 410
327 426
327 442
327 445
328 183
328 373
328 394
328 395
328 397
328 405
328 418
328 467
329 265
329 268
329 274
329 277
329 287
329 366
329 417
329 495
330 120
330 121
330 123
330 124
330 231
330 320
330 448
330 496
331 102
331 171
331 180
331 272
331 279
331 286
331 359
331 427
332 164
332 172
332 199
332 245
332 297
332 401
332 426
332 455
333 121
333 182
333 246
333 304
333 336
333 337
333 364
333 367
334 90
334 346
334 374
334 379
334 397
334 427
334 428
334 462
335 289
335 377
335 410
335 415
335 442
335 445
335 476
335 500
336 145
336 304
336 322
336 333
336 337
336 364
336 424
336 477
337 304
337 322
337 333
337 336
337 364
337 365
337 468
337 484
338 340
338 369
338 385
338 412
338 422
338 430
338 451
338 463
339 48
339 174
339 227
339 264
339 277
339 347
339 453
339 458
340 22
340 338
340 396
340 402
340 408
340 417
340 422
340 430
341 282
341 319
341 343
341 400
341 419
341 421
341 456
341 497
342 5
342 6
342 8
342 128
342 135
342 425
342 441
342 453
343 246
343 319
343 341
343 383
343 400
343 419
343 421
343 456
344 30
344 141
344 262
344 283
344 316
344 355
344 360
344 401
345 45
345 298
345 307
345 353
345 354
345 365
345 440
345 466
346 232
346 326
346 334
346 374
346 379
346 428
346 455
346 462
347 62
347 75
347 249
347 301
347 305
347 339
347 359
347 384
348 114
348 371
348 376
348 459
348 469
348 478
348 480
348 496
349 8
349 12
349 63
349 193
349 302
349 441
349 452
349 478
350 352
350 357
350 382
350 400
350 409
350 419
350 431
350 456
351 118
351 179
351 353
351 354
351 377
351 380
351 404
351 447
352 350
352 357
352 371
352 382
352 403
352 456
352 483
352 485
353 29
353 111
353 213
353 291
353 345
353 351
353 354
353 447
354 37
354 77
354 298
354 345
354 351
354 353
354 415
354 447
355 178
355 206
355 251
355 314
355 344
355 356
355 360
355 401
356 206
356 215
356 302
356 314
356 355
356 360
356 372
356 450
357 326
357 350
357 352
357 382
357 383
357 403
357 422
357 473
358 70
358 127
358 147
358 305
358 324
358 390
358 455
358 480
359 180
359 279
359 285
359 331
359 347
359 367
359 383
359 438
360 181
360 206
360 235
360 314
360 344
360 355
360 356
360 464
361 199
361 271
361 296
361 300
361 424
361 437
361 442
361 455
362 180
362 381
362 407
362 412
362 446
362 448
362 451
362 483
363 242
363 325
363 392
363 433
363 434
363 444
363 450
363 477
364 201
364 298
364 333
364 336
364 337
364 365
364 379
364 414
365 51
365 183
365 216
365 298
365 337
365 345
365 364
365 383
366 190
366 268
366 274
366 277
366 315
366 329
366 455
366 460
367 171
367 282
367 317
367 333
367 359
367 399
367 419
367 460
368 125
368 256
368 299
368 313
368 320
368 408
368 427
368 466
369 165
369 291
369 323
369 338
369 388
369 409
369 425
369 493
370 2
370 102
370 117
370 119
370 141
370 211
370 294
370 313
371 268
371 348
371 352
371 376
371 392
371 459
371 469
371 478
371 480
372 190
372 257
372 258
372 287
372 312
372 317
372 356
372 421
372 423
373 78
373 111
373 321
373 328
373 394
373 395
373 397
373 405
373 428
374 147
374 152
374 334
374 346
374 379
374 403
374 428
374 462
374 471
375 166
375 259
375 265
375 272
375 291
375 323
375 388
375 484
375 488
376 275
376 348
376 371
376 392
376 402
376 478
376 487
376 489
376 493
377 304
377 335
377 351
377 404
377 410
377 415
377 424
377 426
377 443
378 19
378 79
378 181
378 260
378 284
378 310
378 318
378 411
378 447
379 118
379 288
379 334
379 346
379 364
379 374
379 382
379 428
379 462
380 53
380 168
380 351
380 394
380 405
380 415
380 424
380 443
380 473
381 249
381 263
381 264
381 362
381 385
381 393
381 446
381 448
381 451
382 326
382 350
382 352
382 357
382 379
382 403
382 419
382 461
382 477
383 288
383 343
383 357
383 359
383 365
383 439
383 470
383 487
383 490
384 245
384 297
384 347
384 390
384 391
384 396
384 408
384 417
384 478
385 290
385 338
385 381
385 393
385 401
385 407
385 444
385 448
385 473
386 217
386 218
386 220
386 229
386 286
386 324
386 427
386 440
386 443
387 176
387 177
387 184
387 185
387 186
387 187
387 316
387 391
387 414
388 291
388 369
388 375
388 409
388 413
388 414
388 418
388 425
388 456
389 179
389 180
389 327
389 390
389 391
389 426
389 435
389 442
389 458
390 21
390 173
390 327
390 358
390 384
390 389
390 408
390 417
390 426
391 119
391 130
391 327
391 384
391 387
391 389
391 426
391 442
391 465
392 106
392 363
392 371
392 376
392 402
392 423
392 478
392 487
392 495
393 204
393 321
393 381
393 385
393 407
393 446
393 448
393 449
393 469
394 281
394 328
394 373
394 380
394 395
394 405
394 415
394 445
394 496
395 15
395 49
395 328
395 373
395 394
395 405
395 468
395 470
395 497
396 160
396 340
396 384
396 408
396 412
396 417
396 422
396 430
396 439
397 101
397 328
397 334
397 373
397 405
397 426
397 428
397 452
397 462
398 71
398 402
398 416
398 423
398 433
398 438
398 458
398 461
398 487
399 3
399 171
399 245
399 274
399 277
399 285
399 367
399 451
399 490
400 341
400 343
400 350
400 403
400 419
400 456
400 459
400 489
400 490
401 152
401 314
401 332
401 344
401 355
401 385
401 410
401 430
401 455
402 211
402 340
402 376
402 392
402 398
402 423
402 461
402 487
402 497
403 319
403 326
403 352
403 357
403 374
403 382
403 400
403 456
403 479
404 259
404 351
404 377
404 415
404 424
404 443
404 479
404 482
404 494
405 189
405 294
405 327
405 328
405 373
405 380
405 394
405 395
405 397
406 224
406 229
406 230
406 233
406 235
406 301
406 414
406 422
406 433
407 247
407 272
407 362
407 385
407 393
407 444
407 446
407 448
407 482
408 340
408 368
408 384
408 390
408 396
408 417
408 426
408 451
408 480
409 260
409 265
409 291
409 350
409 369
409 388
409 413
409 487
409 499
410 207
410 327
410 335
410 377
410 401
410 419
410 431
410 442
410 443
410 445
411 24
411 62
411 116
411 117
411 260
411 284
411 318
411 378
411 435
411 447
412 215
412 296
412 338
412 362
412 396
412 422
412 430
412 446
412 451
412 486
413 59
413 325
413 388
413 409
413 419
413 425
413 444
413 450
413 473
413 477
414 148
414 231
414 235
414 285
414 364
414 387
414 388
414 406
414 433
414 454
415 19
415 335
415 354
415 377
415 380
415 394
415 404
415 424
415 443
415 491
416 279
416 398
416 418
416 436
416 438
416 447
416 458
416 461
416 471
416 487
417 135
417 196
417 329
417 340
417 384
417 390
417 396
417 408
417 426
417 485
418 46
418 61
418 123
418 183
418 273
418 311
418 328
418 388
418 416
418 426
419 319
419 341
419 343
419 350
419 367
419 382
419 400
419 410
419 413
419 456
420 431
420 433
420 434
420 435
420 441
420 449
420 457
420 465
420 476
420 487
421 277
421 292
421 293
421 306
421 309
421 319
421 341
421 343
421 372
421 436
422 33
422 257
422 338
422 340
422 357
422 396
422 406
422 412
422 430
422 451
423 153
423 372
423 392
423 398
423 402
423 438
423 461
423 478
423 486
423 487
424 197
424 315
424 336
424 361
424 377
424 380
424 404
424 415
424 443
424 466
425 113
425 342
425 369
425 388
425 413
425 436
425 450
425 453
425 476
425 477
426 327
426 332
426 377
426 389
426 390
426 391
426 397
426 408
426 417
426 418
427 91
427 263
427 275
427 313
427 320
427 322
427 331
427 334
427 368
427 386
428 192
428 261
428 262
428 334
428 346
428 373
428 374
428 379
428 397
428 462
429 251
429 272
429 432
429 436
429 437
429 467
429 471
429 472
429 474
429 493
430 169
430 184
430 306
430 338
430 340
430 396
430 401
430 412
430 422
430 451
431 130
431 149
431 245
431 256
431 296
431 300
431 350
431 410
431 420
431 467
432 174
432 191
432 429
432 433
432 436
432 437
432 441
432 447
432 467
432 472
432 474
433 103
433 276
433 325
433 363
433 398
433 406
433 414
433 420
433 432
433 450
433 477
434 269
434 363
434 420
434 435
434 445
434 449
434 453
434 457
434 465
434 473
434 481
435 96
435 296
435 389
435 411
435 420
435 434
435 441
435 449
435 465
435 473
435 476
436 241
436 298
436 416
436 421
436 425
436 429
436 432
436 437
436 458
436 471
436 474
437 235
437 271
437 361
437 429
437 432
437 436
437 467
437 471
437 472
437 474
437 488
438 62
438 153
438 359
438 398
438 416
438 423
438 451
438 458
438 461
438 471
438 487
439 15
439 29
439 285
439 286
439 288
439 289
439 318
439 383
439 396
439 478
439 498
440 38
440 158
440 205
440 212
440 217
440 218
440 320
440 324
440 345
440 386
440 490
441 115
441 276
441 342
441 349
441 420
441 432
441 435
441 449
441 467
441 472
441 474
442 74
442 89
442 226
442 327
442 335
442 361
442 389
442 391
442 410
442 445
442 471
443 50
443 208
443 320
443 377
443 380
443 386
443 404
443 410
443 415
443 424
443 499
444 181
444 186
444 193
444 272
444 325
444 363
444 385
444 407
444 413
444 446
444 499
445 46
445 263
445 327
445 335
445 394
445 410
445 434
445 442
445 448
445 485
445 494
446 17
446 249
446 362
446 381
446 393
446 407
446 412
446 444
446 448
446 457
446 497
447 24
447 201
447 284
447 311
447 351
447 353
447 354
447 378
447 411
447 416
447 432
448 255
448 330
448 362
448 381
448 385
448 393
448 407
448 445
448 446
448 455
448 485
449 167
449 192
449 257
449 393
449 420
449 434
449 435
449 441
449 457
449 465
449 476
450 142
450 177
450 286
450 302
450 325
450 356
450 363
450 413
450 425
450 433
450 477
451 68
451 242
451 338
451 362
451 381
451 399
451 408
451 412
451 422
451 430
451 438
452 349
452 397
452 454
452 460
452 463
452 466
452 468
452 479
452 484
452 492
452 495
453 58
453 150
453 261
453 269
453 293
453 339
453 342
453 425
453 434
453 465
453 473
453 476
454 59
454 237
454 239
454 414
454 452
454 460
454 463
454 464
454 466
454 468
454 479
454 492
455 40
455 199
455 297
455 301
455 332
455 346
455 358
455 361
455 366
455 401
455 448
455 472
456 146
456 148
456 233
456 281
456 341
456 343
456 350
456 352
456 388
456 400
456 403
456 419
457 79
457 207
457 291
457 420
457 434
457 446
457 449
457 465
457 467
457 474
457 476
457 497
458 80
458 121
458 136
458 339
458 389
458 398
458 416
458 436
458 438
458 461
458 471
458 495
459 275
459 348
459 371
459 400
459 464
459 469
459 472
459 478
459 480
459 485
459 490
459 492
460 232
460 366
460 367
460 452
460 454
460 466
460 479
460 484
460 486
460 492
460 495
460 499
461 99
461 200
461 221
461 382
461 398
461 402
461 416
461 423
461 438
461 458
461 477
461 487
462 54
462 63
462 141
462 205
462 317
462 326
462 334
462 346
462 374
462 379
462 397
462 428
463 35
463 195
463 202
463 338
463 452
463 454
463 464
463 468
463 479
463 485
463 490
463 492
464 90
464 108
464 360
464 454
464 459
464 463
464 468
464 469
464 474
464 480
464 485
464 490
465 104
465 269
465 295
465 391
465 420
465 434
465 435
465 449
465 453
465 457
465 473
465 481
466 345
466 368
466 424
466 452
466 454
466 460
466 468
466 479
466 482
466 484
466 486
466 492
466 495
467 22
467 56
467 70
467 328
467 429
467 431
467 432
467 437
467 441
467 457
467 472
467 474
467 492
468 155
468 203
468 299
468 337
468 395
468 452
468 454
468 463
468 464
468 466
468 480
468 485
468 490
469 43
469 80
469 121
469 261
469 348
469 371
469 393
469 459
469 464
469 478
469 480
469 485
469 490
470 207
470 250
470 383
470 395
470 475
470 481
470 482
470 484
470 486
470 493
470 494
470 495
470 497
471 30
471 143
471 189
471 374
471 416
471 429
471 436
471 437
471 438
471 442
471 458
471 482
471 491
472 149
472 205
472 225
472 258
472 298
472 429
472 432
472 437
472 441
472 455
472 459
472 467
472 474
473 48
473 261
473 269
473 270
473 357
473 380
473 385
473 413
473 434
473 435
473 453
473 465
473 476
474 22
474 69
474 118
474 429
474 432
474 436
474 437
474 441
474 457
474 464
474 467
474 472
474 479
475 69
475 109
475 470
475 481
475 483
475 488
475 489
475 490
475 493
475 496
475 497
475 498
475 500
476 113
476 258
476 269
476 323
476 335
476 420
476 425
476 435
476 449
476 453
476 457
476 473
476 481
477 23
477 184
477 279
477 300
477 325
477 336
477 363
477 382
477 413
477 425
477 433
477 450
477 461
478 162
478 178
478 257
478 348
478 349
478 371
478 376
478 384
478 392
478 423
478 439
478 459
478 469
478 480
479 31
479 134
479 185
479 403
479 404
479 452
479 454
479 460
479 463
479 466
479 474
479 485
479 492
479 495
480 95
480 132
480 161
480 348
480 358
480 371
480 408
480 459
480 464
480 468
480 469
480 478
480 485
480 490
481 185
481 434
481 465
481 470
481 475
481 476
481 482
481 484
481 486
481 489
481 493
481 494
481 497
481 498
482 170
482 184
482 404
482 407
482 466
482 470
482 471
482 481
482 484
482 486
482 493
482 494
482 495
482 497
483 73
483 99
483 352
483 362
483 475
483 488
483 489
483 491
483 494
483 496
483 498
483 499
483 500
484 203
484 266
484 337
484 375
484 452
484 460
484 466
484 470
484 481
484 482
484 486
484 493
484 495
484 497
484 500
485 20
485 296
485 352
485 417
485 445
485 448
485 459
485 463
485 464
485 468
485 469
485 479
485 480
485 490
485 496
486 112
486 211
486 215
486 412
486 423
486 460
486 466
486 470
486 481
486 482
486 484
486 492
486 493
486 495
486 497
487 95
487 156
487 246
487 290
487 326
487 376
487 383
487 392
487 398
487 402
487 409
487 416
487 420
487 423
487 438
487 461
488 69
488 314
488 315
488 375
488 437
488 475
488 483
488 489
488 491
488 494
488 496
488 498
488 499
488 500
489 100
489 182
489 197
489 376
489 400
489 475
489 481
489 483
489 488
489 491
489 492
489 494
489 496
489 497
489 498
489 500
490 65
490 265
490 383
490 399
490 400
490 440
490 459
490 463
490 464
490 468
490 469
490 475
490 480
490 485
490 492
490 494
491 76
491 249
491 415
491 471
491 483
491 488
491 489
491 496
491 498
491 499
491 500
492 60
492 86
492 241
492 264
492 287
492 452
492 454
492 459
492 460
492 463
492 466
492 467
492 479
492 486
492 489
492 490
492 495
493 142
493 212
493 316
493 317
493 369
493 376
493 429
493 470
493 475
493 481
493 482
493 484
493 486
493 494
493 495
493 497
493 498
494 97
494 198
494 243
494 404
494 445
494 470
494 481
494 482
494 483
494 488
494 489
494 490
494 493
494 496
494 497
494 498
494 500
495 48
495 76
495 144
495 218
495 329
495 392
495 452
495 458
495 460
495 466
495 470
495 479
495 482
495 484
495 486
495 492
495 493
495 500
496 252
496 310
496 330
496 348
496 394
496 475
496 483
496 485
496 488
496 489
496 491
496 494
496 498
496 499
496 500
497 185
497 282
497 297
497 341
497 395
497 402
497 446
497 457
497 470
497 475
497 481
497 482
497 484
497 486
497 489
497 493
497 494
497 498
498 103
498 163
498 178
498 193
498 292
498 300
498 439
498 475
498 481
498 483
498 488
498 489
498 491
498 493
498 494
498 496
498 497
498 499
498 500
499 165
499 191
499 409
499 443
499 444
499 460
499 483
499 488
499 491
499 496
499 498
499 500
500 105
500 109
500 212
500 229
500 237
500 289
500 335
500 475
500 483
500 484
500 488
500 489
500 491
500 494
500 495
500 496
500 498
500 499
