1 128
1 143
1 144
1 332
1 402
2 87
2 92
2 109
2 348
2 493
3 4
3 16
3 395
3 398
3 428
3 444
4 3
4 16
4 281
4 374
4 395
5 10
5 153
5 259
5 496
5 497
6 67
6 262
6 287
6 311
6 350
7 127
7 130
7 131
7 266
7 470
8 9
8 11
8 296
8 390
8 442
9 8
9 11
9 12
9 463
9 480
10 5
10 200
10 259
10 340
10 449
11 8
11 9
11 12
11 262
11 378
12 9
12 11
12 13
12 160
12 437
13 12
13 17
13 160
13 248
13 354
14 40
14 160
14 285
14 473
14 497
15 17
15 18
15 27
15 40
15 412
16 3
16 4
16 281
16 395
16 398
17 13
17 15
17 18
17 456
17 457
18 15
18 17
18 106
18 285
18 432
19 20
19 22
19 342
19 425
19 484
20 19
20 21
20 22
20 24
20 343
21 20
21 22
21 24
21 395
21 488
22 19
22 20
22 21
22 24
22 155
23 51
23 77
23 141
23 142
23 395
24 20
24 21
24 22
24 80
24 500
25 39
25 194
25 207
25 225
25 356
26 41
26 74
26 75
26 165
26 358
27 15
27 29
27 30
27 31
27 500
28 43
28 162
28 164
28 359
28 426
29 27
29 30
29 31
29 33
29 97
30 27
30 29
30 31
30 33
30 112
31 27
31 29
31 30
31 33
31 58
32 78
32 79
32 81
32 82
32 96
33 29
33 30
33 31
33 60
33 311
34 35
34 36
34 102
34 144
34 469
35 34
35 36
35 37
35 46
35 102
36 34
36 35
36 37
36 102
36 231
37 35
37 36
37 102
37 345
37 357
38 41
38 102
38 119
38 171
38 463
39 25
39 136
39 174
39 225
39 329
40 14
40 15
40 248
40 285
40 287
41 26
41 38
41 42
41 119
41 423
42 41
42 44
42 119
42 282
42 479
43 28
43 50
43 66
43 150
43 198
44 42
44 119
44 212
44 270
44 465
45 49
45 195
45 212
45 381
45 476
46 35
46 59
46 60
46 61
46 94
47 135
47 157
47 159
47 161
47 379
48 63
48 216
48 218
48 300
48 355
48 469
49 45
49 76
49 185
49 228
49 407
50 43
50 99
50 161
50 198
50 248
51 23
51 54
51 177
51 435
51 462
52 62
52 98
52 100
52 101
52 189
53 139
53 213
53 290
53 306
53 332
53 427
54 51
54 55
54 177
54 417
54 496
55 54
55 56
55 58
55 168
55 177
56 55
56 57
56 58
56 68
56 280
57 56
57 58
57 59
57 181
57 435
58 31
58 55
58 56
58 57
58 59
59 46
59 57
59 58
59 191
59 475
60 33
60 46
60 61
60 62
60 94
61 46
61 60
61 62
61 94
61 156
62 52
62 60
62 61
62 94
62 216
63 48
63 216
63 300
63 356
63 447
64 65
64 67
64 70
64 300
64 343
65 64
65 67
65 84
65 300
65 470
66 43
66 85
66 99
66 164
66 378
67 6
67 64
67 65
67 72
67 437
68 56
68 134
68 135
68 137
68 244
69 70
69 71
69 73
69 103
69 294
70 64
70 69
70 71
70 73
70 469
71 69
71 70
71 72
71 73
71 105
72 67
72 71
72 73
72 429
72 447
73 69
73 70
73 71
73 72
73 454
74 26
74 76
74 113
74 358
74 460
75 26
75 76
75 165
75 402
75 458
76 49
76 74
76 75
76 78
76 165
77 23
77 139
77 140
77 141
77 429
78 32
78 76
78 165
78 378
78 426
79 32
79 81
79 82
79 146
79 499
80 24
80 81
80 249
80 417
80 447
81 32
81 79
81 80
81 249
81 338
82 32
82 79
82 173
82 249
82 500
83 84
83 85
83 88
83 197
83 205
84 65
84 83
84 205
84 249
84 295
85 66
85 83
85 88
85 205
85 454
86 317
86 322
86 334
86 340
86 366
87 2
87 92
87 281
87 394
87 465
88 83
88 85
88 205
88 416
88 498
89 91
89 117
89 126
89 217
89 311
89 430
90 214
90 268
90 269
90 271
90 324
91 89
91 126
91 287
91 311
91 350
92 2
92 87
92 281
92 336
92 348
92 374
93 114
93 296
93 345
93 425
93 433
94 46
94 60
94 61
94 62
94 275
95 236
95 323
95 406
95 448
95 463
96 32
96 97
96 236
96 292
96 296
97 29
97 96
97 114
97 236
97 500
98 52
98 101
98 152
98 236
98 461
99 50
99 66
99 110
99 166
99 198
100 52
100 101
100 127
100 192
100 499
101 52
101 98
101 100
101 103
101 187
102 34
102 35
102 36
102 37
102 38
103 69
103 101
103 104
103 105
103 189
104 103
104 105
104 140
104 189
104 458
105 71
105 103
105 104
105 108
105 306
106 18
106 111
106 189
106 408
106 468
107 109
107 118
107 129
107 446
107 483
108 105
108 111
108 189
108 456
108 482
109 2
109 107
109 118
109 129
109 348
110 99
110 111
110 116
110 385
110 473
111 106
111 108
111 110
111 116
111 263
112 30
112 113
112 115
112 197
112 370
113 74
113 112
113 115
113 197
113 388
114 93
114 97
114 296
114 305
114 447
115 112
115 113
115 188
115 197
115 443
116 110
116 111
116 197
116 224
116 472
117 89
117 150
117 275
117 299
117 378
118 107
118 109
118 129
118 158
118 349
119 38
119 41
119 42
119 44
119 212
120 121
120 122
120 124
120 177
120 197
121 120
121 122
121 124
121 396
121 475
122 120
122 121
122 124
122 376
122 499
123 168
123 169
123 452
123 464
123 498
124 120
124 121
124 122
124 125
124 487
125 124
125 266
125 487
125 489
126 89
126 91
126 150
126 287
126 350
127 7
127 100
127 266
127 358
127 442
128 1
128 143
128 144
128 147
128 473
129 107
129 109
129 118
129 158
129 349
130 7
130 131
130 132
130 337
130 495
131 7
131 130
131 132
131 145
131 244
132 130
132 131
132 134
132 244
132 266
133 135
133 136
133 138
133 460
133 468
134 68
134 132
134 137
134 300
134 403
135 47
135 68
135 133
135 137
135 138
136 39
136 133
136 174
136 194
136 225
137 68
137 134
137 135
137 138
137 162
138 133
138 135
138 137
138 140
138 180
139 53
139 77
139 140
139 141
139 421
140 77
140 104
140 138
140 139
140 141
141 23
141 77
141 139
141 140
141 170
142 23
142 143
142 144
142 221
142 368
143 1
143 128
143 142
143 144
143 179
144 1
144 34
144 128
144 142
144 143
145 131
145 146
145 147
145 148
145 489
146 79
146 145
146 147
146 148
146 458
147 128
147 145
147 146
147 148
147 453
148 145
148 146
148 147
148 318
148 485
149 152
149 156
149 303
149 334
149 423
150 43
150 117
150 126
150 279
150 299
150 498
151 227
151 230
151 231
151 233
151 325
152 98
152 149
152 156
152 318
152 482
153 5
153 200
153 259
153 317
153 397
154 155
154 318
154 379
154 382
154 459
155 22
155 154
155 156
155 157
155 313
156 61
156 149
156 152
156 155
156 318
157 47
157 155
157 159
157 164
157 379
158 118
158 129
158 178
158 349
158 500
159 47
159 157
159 190
159 198
159 279
160 12
160 13
160 14
160 248
160 393
161 47
161 50
161 163
161 198
161 309
162 28
162 137
162 166
162 351
162 411
163 161
163 232
163 274
163 322
163 366
163 396
164 28
164 66
164 157
164 166
164 477
165 26
165 75
165 76
165 78
165 358
166 99
166 162
166 164
166 167
166 468
167 166
167 209
167 329
167 430
167 464
168 55
168 123
168 169
168 209
168 367
169 123
169 168
169 173
169 211
169 276
170 141
170 171
170 207
170 438
170 495
171 38
171 170
171 207
171 396
171 445
172 189
172 200
172 225
172 407
172 473
173 82
173 169
173 207
173 276
173 359
174 39
174 136
174 200
174 222
174 385
175 292
175 294
175 305
175 323
175 355
175 374
175 499
176 178
176 179
176 349
176 467
176 468
176 489
177 51
177 54
177 55
177 120
177 185
177 228
178 158
178 176
178 179
178 199
178 349
178 398
179 143
179 176
179 178
179 184
179 349
179 489
180 138
180 277
180 303
180 306
180 332
180 379
181 57
181 182
181 184
181 188
181 191
181 490
182 181
182 184
182 188
182 191
182 342
182 433
183 280
183 294
183 295
183 345
183 355
183 465
184 179
184 181
184 182
184 188
184 191
184 313
185 49
185 177
185 228
185 380
185 399
186 207
186 273
186 301
186 356
186 359
186 498
187 101
187 279
187 280
187 294
187 304
187 378
188 115
188 181
188 182
188 184
188 190
188 191
189 52
189 103
189 104
189 106
189 108
189 172
190 159
190 188
190 193
190 196
190 483
190 493
191 59
191 181
191 182
191 184
191 188
191 196
192 100
192 292
192 323
192 369
192 428
192 470
193 190
193 196
193 201
193 209
193 424
193 432
194 25
194 136
194 200
194 210
194 236
194 496
195 45
195 260
195 264
195 265
195 268
195 439
196 190
196 191
196 193
196 199
196 201
196 206
197 83
197 112
197 113
197 115
197 116
197 120
198 43
198 50
198 99
198 159
198 161
198 260
199 178
199 196
199 201
199 206
199 208
199 481
200 10
200 153
200 172
200 174
200 194
200 279
201 193
201 196
201 199
201 206
201 208
201 457
202 229
202 235
202 237
202 382
202 412
202 478
203 219
203 240
203 241
203 242
203 417
204 242
204 243
204 245
204 246
204 364
204 380
205 83
205 84
205 85
205 88
205 296
205 477
206 196
206 199
206 201
206 208
206 220
206 456
207 25
207 170
207 171
207 173
207 186
207 276
208 199
208 201
208 206
208 211
208 437
208 492
209 167
209 168
209 193
209 276
209 329
209 423
210 194
210 272
210 278
210 283
210 324
210 415
211 169
211 208
211 215
211 217
211 218
211 221
212 44
212 45
212 119
212 228
212 265
212 452
213 53
213 230
213 290
213 306
213 323
213 446
214 90
214 252
214 268
214 269
214 270
214 271
215 211
215 217
215 218
215 221
215 328
215 483
216 48
216 62
216 63
216 300
216 409
216 427
217 89
217 211
217 215
217 218
217 221
217 442
218 48
218 211
218 215
218 217
218 221
218 222
219 203
219 240
219 241
219 242
219 243
219 416
220 206
220 247
220 252
220 254
220 429
220 437
221 142
221 211
221 215
221 217
221 218
221 222
222 174
222 218
222 221
222 223
222 325
222 429
223 222
223 224
223 226
223 325
223 350
223 414
224 116
224 223
224 226
224 325
224 351
224 458
225 25
225 39
225 136
225 172
225 400
225 485
226 223
226 224
226 227
226 325
226 401
226 433
227 151
227 226
227 230
227 231
227 325
227 461
228 49
228 177
228 185
228 212
228 292
228 299
229 202
229 235
229 238
229 239
229 382
229 402
230 151
230 213
230 227
230 231
230 234
230 449
231 36
231 151
231 227
231 230
231 234
231 457
232 163
232 273
232 274
232 322
232 329
232 396
233 151
233 234
233 235
233 382
233 467
233 479
234 230
234 231
234 233
234 235
234 237
234 382
235 202
235 229
235 233
235 234
235 350
235 382
236 95
236 96
236 97
236 98
236 194
236 336
237 202
237 234
237 238
237 239
237 240
237 374
238 229
238 237
238 239
238 240
238 241
238 258
239 229
239 237
239 238
239 240
239 241
239 359
240 203
240 219
240 237
240 238
240 239
240 344
241 203
241 219
241 238
241 239
241 289
241 442
242 203
242 204
242 219
242 243
242 245
242 444
243 204
243 219
243 242
243 245
243 424
243 494
244 68
244 131
244 132
244 285
244 291
244 398
245 204
245 242
245 243
245 250
245 466
245 488
246 204
246 247
246 250
246 254
246 304
246 463
247 220
247 246
247 250
247 252
247 254
247 473
248 13
248 40
248 50
248 160
248 285
248 486
249 80
249 81
249 82
249 84
249 348
249 441
250 245
250 246
250 247
250 254
250 443
250 460
251 255
251 261
251 267
251 431
251 460
251 484
252 214
252 220
252 247
252 257
252 258
252 483
253 257
253 258
253 259
253 260
253 263
253 265
254 220
254 246
254 247
254 250
254 431
254 450
255 251
255 261
255 267
255 431
255 438
255 460
256 301
256 309
256 313
256 356
256 402
256 455
257 252
257 253
257 258
257 263
257 458
257 465
258 238
258 252
258 253
258 257
258 263
258 438
259 5
259 10
259 153
259 253
259 324
259 416
260 195
260 198
260 253
260 263
260 264
260 265
261 251
261 255
261 267
261 282
261 431
261 460
262 6
262 11
262 287
262 311
262 404
262 483
263 111
263 253
263 257
263 258
263 260
263 264
264 195
264 260
264 263
264 265
264 268
264 320
265 195
265 212
265 253
265 260
265 264
265 268
266 7
266 125
266 127
266 132
266 477
266 483
267 251
267 255
267 261
267 282
267 284
267 393
268 90
268 195
268 214
268 264
268 265
268 349
269 90
269 214
269 271
269 375
269 458
269 494
270 44
270 214
270 271
270 324
270 373
270 449
271 90
271 214
271 269
271 270
271 280
271 324
272 210
272 278
272 293
272 397
272 472
272 481
273 186
273 232
273 274
273 287
273 359
273 396
274 163
274 232
274 273
274 359
274 366
274 479
275 94
275 117
275 299
275 304
275 450
275 452
276 169
276 173
276 207
276 209
276 329
276 401
277 180
277 303
277 309
277 313
277 332
277 379
278 210
278 272
278 283
278 293
278 316
278 324
279 150
279 159
279 187
279 200
279 304
279 378
279 486
280 56
280 183
280 187
280 271
280 345
280 485
280 489
281 4
281 16
281 87
281 92
281 348
281 374
281 393
282 42
282 261
282 267
282 284
282 286
282 393
282 480
283 210
283 278
283 293
283 324
283 388
283 432
283 486
284 267
284 282
284 286
284 288
284 393
284 471
284 486
285 14
285 18
285 40
285 244
285 248
285 288
285 400
286 282
286 284
286 288
286 298
286 344
286 393
286 476
287 6
287 40
287 91
287 126
287 262
287 273
287 311
288 284
288 285
288 286
288 289
288 297
288 298
288 393
289 241
289 288
289 297
289 298
289 302
289 307
289 495
290 53
290 213
290 292
290 301
290 306
290 424
290 454
291 244
291 336
291 360
291 363
291 368
291 385
291 479
292 96
292 175
292 192
292 228
292 290
292 305
292 355
293 272
293 278
293 283
293 312
293 367
294 69
294 175
294 183
294 187
294 295
294 345
294 439
295 84
295 183
295 294
295 345
295 355
295 485
295 498
296 8
296 93
296 96
296 114
296 205
296 404
296 421
297 288
297 289
297 298
297 302
297 307
297 453
297 500
298 286
298 288
298 289
298 297
298 307
298 350
298 393
299 117
299 150
299 228
299 275
299 350
299 378
299 456
300 48
300 63
300 64
300 65
300 134
300 216
300 421
301 186
301 256
301 290
301 313
301 356
301 359
301 396
302 289
302 297
302 307
302 310
302 314
302 339
302 494
303 149
303 180
303 277
303 311
303 348
303 356
303 379
304 187
304 246
304 275
304 279
304 378
304 477
304 498
305 114
305 175
305 292
305 323
305 355
305 486
305 487
306 53
306 105
306 180
306 213
306 290
306 332
306 354
307 289
307 297
307 298
307 302
307 310
307 314
307 495
308 310
308 314
308 319
308 321
308 438
308 455
308 479
309 161
309 256
309 277
309 313
309 379
309 427
309 474
310 302
310 307
310 308
310 314
310 319
310 414
310 495
311 6
311 33
311 89
311 91
311 262
311 287
311 303
312 293
312 320
312 330
312 341
312 367
312 443
312 444
313 155
313 184
313 256
313 277
313 301
313 309
313 379
314 302
314 307
314 308
314 310
314 319
314 321
314 499
315 343
315 354
315 381
315 402
315 456
315 476
315 482
316 278
316 320
316 330
316 331
316 334
316 367
316 492
317 86
317 153
317 331
317 334
317 340
317 366
317 420
318 148
318 152
318 154
318 156
318 411
318 472
318 495
319 308
319 310
319 314
319 320
319 321
319 327
319 328
320 264
320 312
320 316
320 319
320 330
320 367
320 475
321 308
321 314
321 319
321 327
321 403
321 460
321 467
322 86
322 163
322 232
322 340
322 366
322 367
322 498
323 95
323 175
323 192
323 213
323 305
323 436
323 447
324 90
324 210
324 259
324 270
324 271
324 278
324 283
325 151
325 222
325 223
325 224
325 226
325 227
325 408
326 337
326 344
326 383
326 398
326 424
326 433
326 442
327 319
327 321
327 328
327 333
327 335
327 427
327 447
328 215
328 319
328 327
328 333
328 335
328 447
328 486
329 39
329 167
329 209
329 232
329 276
329 340
329 495
330 312
330 316
330 320
330 367
330 433
330 435
330 467
331 316
331 317
331 334
331 362
331 367
331 446
331 450
332 1
332 53
332 180
332 277
332 306
332 383
332 500
333 327
333 328
333 335
333 339
333 346
333 410
333 447
334 86
334 149
334 316
334 317
334 331
334 340
334 378
335 327
335 328
335 333
335 339
335 346
335 447
336 92
336 236
336 291
336 343
336 363
336 380
336 385
336 402
337 130
337 326
337 342
337 364
337 423
337 429
337 433
337 442
338 81
338 347
338 413
338 439
338 443
338 448
338 454
338 455
339 302
339 333
339 335
339 346
339 353
339 368
339 447
339 475
340 10
340 86
340 317
340 322
340 329
340 334
340 366
340 449
341 312
341 351
341 365
341 369
341 383
341 384
341 421
341 446
342 19
342 182
342 337
342 351
342 364
342 423
342 429
342 446
343 20
343 64
343 315
343 336
343 380
343 381
343 402
343 461
344 240
344 286
344 326
344 398
344 423
344 424
344 433
344 456
345 37
345 93
345 183
345 280
345 294
345 295
345 490
345 497
346 333
346 335
346 339
346 368
346 447
346 448
346 484
346 489
347 338
347 352
347 362
347 365
347 413
347 428
347 439
347 454
348 2
348 92
348 109
348 249
348 281
348 303
348 374
348 425
349 118
349 129
349 158
349 176
349 178
349 179
349 268
349 451
350 6
350 91
350 126
350 223
350 235
350 298
350 299
350 396
351 162
351 224
351 341
351 342
351 364
351 421
351 423
351 446
352 347
352 362
352 365
352 375
352 390
352 404
352 439
352 488
353 339
353 360
353 368
353 397
353 447
353 457
353 494
353 497
354 13
354 306
354 315
354 357
354 369
354 384
354 412
354 457
355 48
355 175
355 183
355 292
355 295
355 305
355 396
355 419
356 25
356 63
356 186
356 256
356 301
356 303
356 359
356 491
357 37
357 354
357 369
357 381
357 384
357 390
357 412
357 494
358 26
358 74
358 127
358 165
358 394
358 409
358 481
359 28
359 173
359 186
359 239
359 273
359 274
359 301
359 356
360 291
360 353
360 363
360 368
360 385
360 431
360 438
360 474
361 373
361 403
361 410
361 417
361 437
361 455
361 458
361 463
362 331
362 347
362 352
362 365
362 375
362 404
362 482
362 487
363 291
363 336
363 360
363 380
363 385
363 453
363 484
363 489
364 204
364 337
364 342
364 351
364 392
364 423
364 429
364 442
365 341
365 347
365 352
365 362
365 375
365 376
365 391
365 404
366 86
366 163
366 274
366 317
366 322
366 340
366 370
366 424
367 168
367 293
367 312
367 316
367 320
367 322
367 330
367 331
367 434
368 142
368 291
368 339
368 346
368 353
368 360
368 385
368 386
368 445
369 192
369 341
369 354
369 357
369 379
369 384
369 412
369 446
369 466
370 112
370 366
370 375
370 376
370 391
370 404
370 407
370 408
370 425
371 380
371 394
371 418
371 430
371 431
371 438
371 456
371 457
371 483
372 377
372 387
372 415
372 426
372 441
372 462
372 472
372 475
372 476
373 270
373 361
373 397
373 399
373 410
373 415
373 417
373 454
373 497
374 4
374 92
374 175
374 237
374 281
374 348
374 384
374 389
374 395
375 269
375 352
375 362
375 365
375 370
375 376
375 391
375 404
375 477
376 122
376 365
376 370
376 375
376 391
376 404
376 408
376 412
376 425
377 372
377 387
377 426
377 462
377 472
377 475
377 482
377 493
377 496
378 11
378 66
378 78
378 117
378 187
378 279
378 299
378 304
378 334
379 47
379 154
379 157
379 180
379 277
379 303
379 309
379 313
379 369
380 185
380 204
380 336
380 343
380 363
380 371
380 381
380 402
380 454
381 45
381 315
381 343
381 357
381 380
381 398
381 402
381 422
381 469
382 154
382 202
382 229
382 233
382 234
382 235
382 470
382 496
382 497
383 326
383 332
383 341
383 407
383 412
383 421
383 430
383 446
383 492
384 341
384 354
384 357
384 369
384 374
384 391
384 412
384 421
384 446
385 110
385 174
385 291
385 336
385 360
385 363
385 368
385 402
385 421
386 368
386 388
386 397
386 400
386 409
386 413
386 415
386 427
386 445
387 372
387 377
387 392
387 406
387 416
387 426
387 453
387 470
387 498
388 113
388 283
388 386
388 397
388 407
388 408
388 409
388 415
388 427
389 374
389 394
389 414
389 418
389 430
389 432
389 437
389 456
389 483
390 8
390 352
390 357
390 412
390 446
390 459
390 466
390 481
390 487
391 365
391 370
391 375
391 376
391 384
391 404
391 408
391 425
391 487
392 364
392 387
392 406
392 411
392 416
392 426
392 435
392 451
392 453
393 160
393 267
393 281
393 282
393 284
393 286
393 288
393 298
393 443
394 87
394 358
394 371
394 389
394 414
394 432
394 437
394 456
394 480
394 483
395 3
395 4
395 16
395 21
395 23
395 374
395 398
395 424
395 433
395 455
396 121
396 163
396 171
396 232
396 273
396 301
396 350
396 355
396 421
396 434
397 153
397 272
397 353
397 373
397 386
397 388
397 399
397 400
397 410
397 415
398 3
398 16
398 178
398 244
398 326
398 344
398 381
398 395
398 424
398 469
399 185
399 373
399 397
399 400
399 403
399 410
399 415
399 427
399 433
399 451
400 225
400 285
400 386
400 397
400 399
400 407
400 409
400 415
400 427
400 448
401 226
401 276
401 422
401 428
401 434
401 443
401 448
401 449
401 468
401 470
402 1
402 75
402 229
402 256
402 315
402 336
402 343
402 380
402 381
402 385
403 134
403 321
403 361
403 399
403 410
403 414
403 417
403 432
403 458
403 488
404 262
404 296
404 352
404 362
404 365
404 370
404 375
404 376
404 391
404 425
405 418
405 419
405 420
405 439
405 445
405 473
405 474
405 482
405 487
405 498
406 95
406 387
406 392
406 411
406 416
406 422
406 435
406 451
406 452
406 453
407 49
407 172
407 370
407 383
407 388
407 400
407 408
407 409
407 425
407 427
408 106
408 325
408 370
408 376
408 388
408 391
408 407
408 409
408 410
408 425
409 216
409 358
409 386
409 388
409 400
409 407
409 408
409 425
409 427
409 499
410 333
410 361
410 373
410 397
410 399
410 403
410 408
410 415
410 417
410 437
411 162
411 318
411 392
411 406
411 416
411 435
411 451
411 452
411 453
411 462
412 15
412 202
412 354
412 357
412 369
412 376
412 383
412 384
412 390
412 453
413 338
413 347
413 386
413 422
413 439
413 443
413 448
413 454
413 455
413 494
414 223
414 310
414 389
414 394
414 403
414 417
414 432
414 437
414 458
414 463
415 210
415 372
415 373
415 386
415 388
415 397
415 399
415 400
415 410
415 429
416 88
416 219
416 259
416 387
416 392
416 406
416 411
416 426
416 435
416 451
416 453
417 54
417 80
417 203
417 361
417 373
417 403
417 410
417 414
417 432
417 458
417 463
418 371
418 389
418 405
418 419
418 420
418 445
418 473
418 474
418 482
418 487
418 498
419 355
419 405
419 418
419 420
419 445
419 469
419 474
419 482
419 487
419 490
419 498
420 317
420 405
420 418
420 419
420 436
420 445
420 460
420 466
420 469
420 473
420 482
421 139
421 296
421 300
421 341
421 351
421 383
421 384
421 385
421 396
421 446
421 478
422 381
422 401
422 406
422 413
422 439
422 443
422 448
422 450
422 455
422 468
422 492
423 41
423 149
423 209
423 337
423 342
423 344
423 351
423 364
423 429
423 442
423 495
424 193
424 243
424 290
424 326
424 344
424 366
424 395
424 398
424 433
424 476
424 478
425 19
425 93
425 348
425 370
425 376
425 391
425 404
425 407
425 408
425 409
425 451
426 28
426 78
426 372
426 377
426 387
426 392
426 416
426 435
426 462
426 472
426 475
427 53
427 216
427 309
427 327
427 386
427 388
427 399
427 400
427 407
427 409
427 441
428 3
428 192
428 347
428 401
428 434
428 449
428 450
428 452
428 453
428 468
428 470
429 72
429 77
429 220
429 222
429 337
429 342
429 364
429 415
429 423
429 442
429 488
430 89
430 167
430 371
430 383
430 389
430 435
430 438
430 456
430 457
430 460
430 483
431 251
431 254
431 255
431 261
431 360
431 371
431 436
431 438
431 457
431 460
431 491
432 18
432 193
432 283
432 389
432 394
432 403
432 414
432 417
432 456
432 458
432 463
433 93
433 182
433 226
433 326
433 330
433 337
433 344
433 395
433 399
433 424
433 442
434 367
434 396
434 401
434 428
434 442
434 449
434 450
434 468
434 470
434 475
434 485
435 51
435 57
435 330
435 392
435 406
435 411
435 416
435 426
435 430
435 451
435 452
435 453
436 323
436 420
436 431
436 444
436 445
436 461
436 466
436 467
436 469
436 473
436 478
436 491
437 12
437 67
437 208
437 220
437 361
437 389
437 394
437 410
437 414
437 448
437 458
437 463
438 170
438 255
438 258
438 308
438 360
438 371
438 430
438 431
438 457
438 460
438 462
438 483
439 195
439 294
439 338
439 347
439 352
439 405
439 413
439 422
439 443
439 448
439 454
439 455
440 459
440 464
440 466
440 470
440 474
440 482
440 484
440 486
440 487
440 488
440 489
440 498
441 249
441 372
441 427
441 444
441 461
441 465
441 467
441 472
441 475
441 476
441 479
441 486
442 8
442 127
442 217
442 241
442 326
442 337
442 364
442 423
442 429
442 433
442 434
442 460
443 115
443 250
443 312
443 338
443 393
443 401
443 413
443 422
443 439
443 448
443 454
443 455
444 3
444 242
444 312
444 436
444 441
444 461
444 465
444 466
444 467
444 469
444 473
444 479
445 171
445 368
445 386
445 405
445 418
445 419
445 420
445 436
445 465
445 466
445 469
445 473
446 107
446 213
446 331
446 341
446 342
446 351
446 369
446 383
446 384
446 390
446 421
446 451
447 63
447 72
447 80
447 114
447 323
447 327
447 328
447 333
447 335
447 339
447 346
447 353
448 95
448 338
448 346
448 400
448 401
448 413
448 422
448 437
448 439
448 443
448 455
448 468
449 10
449 230
449 270
449 340
449 401
449 428
449 434
449 450
449 452
449 468
449 470
449 472
450 254
450 275
450 331
450 422
450 428
450 434
450 449
450 451
450 452
450 454
450 463
450 470
450 474
451 349
451 392
451 399
451 406
451 411
451 416
451 425
451 435
451 446
451 450
451 452
451 453
451 470
452 123
452 212
452 275
452 406
452 411
452 428
452 435
452 449
452 450
452 451
452 453
453 147
453 297
453 363
453 387
453 392
453 406
453 411
453 412
453 416
453 428
453 435
453 451
453 452
454 73
454 85
454 290
454 338
454 347
454 373
454 380
454 413
454 439
454 443
454 450
454 455
454 484
455 256
455 308
455 338
455 361
455 395
455 413
455 422
455 439
455 443
455 448
455 454
455 468
455 493
456 17
456 108
456 206
456 299
456 315
456 344
456 371
456 389
456 394
456 430
456 432
456 457
456 483
457 17
457 201
457 231
457 353
457 354
457 371
457 430
457 431
457 438
457 456
457 460
457 463
457 483
458 75
458 104
458 146
458 224
458 257
458 269
458 361
458 403
458 414
458 417
458 432
458 437
458 463
459 154
459 390
459 440
459 471
459 475
459 477
459 478
459 481
459 484
459 486
459 488
459 489
459 490
460 74
460 133
460 250
460 251
460 255
460 261
460 321
460 420
460 430
460 431
460 438
460 442
460 457
461 98
461 227
461 343
461 436
461 441
461 444
461 462
461 465
461 466
461 467
461 472
461 476
461 479
462 51
462 372
462 377
462 411
462 426
462 438
462 461
462 467
462 472
462 474
462 475
462 476
462 479
463 9
463 38
463 95
463 246
463 361
463 414
463 417
463 432
463 437
463 450
463 457
463 458
463 488
464 123
464 167
464 440
464 471
464 474
464 482
464 484
464 486
464 487
464 488
464 489
464 490
464 497
464 498
465 44
465 87
465 183
465 257
465 441
465 444
465 445
465 461
465 466
465 467
465 469
465 470
465 473
465 479
466 245
466 369
466 390
466 420
466 436
466 440
466 444
466 445
466 461
466 465
466 469
466 473
466 480
466 483
467 176
467 233
467 321
467 330
467 436
467 441
467 444
467 461
467 462
467 465
467 476
467 479
467 482
467 494
468 106
468 133
468 166
468 176
468 401
468 422
468 428
468 434
468 448
468 449
468 455
468 470
468 484
468 488
469 34
469 48
469 70
469 381
469 398
469 419
469 420
469 436
469 444
469 445
469 465
469 466
469 473
469 491
470 7
470 65
470 192
470 382
470 387
470 401
470 428
470 434
470 440
470 449
470 450
470 451
470 465
470 468
471 284
471 459
471 464
471 477
471 478
471 480
471 481
471 485
471 486
471 489
471 490
471 491
471 495
471 496
472 116
472 272
472 318
472 372
472 377
472 426
472 441
472 449
472 461
472 462
472 475
472 476
472 479
472 498
473 14
473 110
473 128
473 172
473 247
473 405
473 418
473 420
473 436
473 444
473 445
473 465
473 466
473 469
473 493
474 309
474 360
474 405
474 418
474 419
474 440
474 450
474 462
474 464
474 481
474 482
474 484
474 487
474 488
474 498
475 59
475 121
475 320
475 339
475 372
475 377
475 426
475 434
475 441
475 459
475 462
475 472
475 476
475 479
475 487
476 45
476 286
476 315
476 372
476 424
476 441
476 461
476 462
476 467
476 472
476 475
476 479
476 490
476 493
476 497
477 164
477 205
477 266
477 304
477 375
477 459
477 471
477 478
477 480
477 481
477 484
477 486
477 488
477 489
477 490
478 202
478 421
478 424
478 436
478 459
478 471
478 477
478 480
478 481
478 485
478 486
478 489
478 490
478 495
478 497
479 42
479 233
479 274
479 291
479 308
479 441
479 444
479 461
479 462
479 465
479 467
479 472
479 475
479 476
479 483
480 9
480 282
480 394
480 466
480 471
480 477
480 478
480 481
480 485
480 489
480 490
480 491
480 494
480 495
480 497
480 500
481 199
481 272
481 358
481 390
481 459
481 471
481 474
481 477
481 478
481 480
481 485
481 489
481 490
481 491
481 495
481 497
482 108
482 152
482 315
482 362
482 377
482 405
482 418
482 419
482 420
482 440
482 464
482 467
482 474
482 484
482 487
482 498
483 107
483 190
483 215
483 252
483 262
483 266
483 371
483 389
483 394
483 430
483 438
483 456
483 457
483 466
483 479
483 488
484 19
484 251
484 346
484 363
484 440
484 454
484 459
484 464
484 468
484 474
484 477
484 482
484 486
484 487
484 488
484 491
484 498
485 148
485 225
485 280
485 295
485 434
485 471
485 478
485 480
485 481
485 490
485 491
485 493
485 494
485 495
485 496
485 497
485 500
486 248
486 279
486 283
486 284
486 305
486 328
486 440
486 441
486 459
486 464
486 471
486 477
486 478
486 484
486 488
486 489
486 498
487 124
487 125
487 305
487 362
487 390
487 391
487 405
487 418
487 419
487 440
487 464
487 474
487 475
487 482
487 484
487 488
487 498
488 21
488 245
488 352
488 403
488 429
488 440
488 459
488 463
488 464
488 468
488 474
488 477
488 483
488 484
488 486
488 487
488 489
488 498
489 125
489 145
489 176
489 179
489 280
489 346
489 363
489 440
489 459
489 464
489 471
489 477
489 478
489 480
489 481
489 486
489 488
489 498
490 181
490 345
490 419
490 459
490 464
490 471
490 476
490 477
490 478
490 480
490 481
490 485
490 491
490 494
490 495
490 496
490 497
490 500
491 356
491 431
491 436
491 469
491 471
491 480
491 481
491 484
491 485
491 490
491 492
491 493
491 494
491 495
491 496
491 497
491 499
491 500
492 208
492 316
492 383
492 422
492 491
492 493
492 494
492 496
492 497
492 499
492 500
493 2
493 190
493 377
493 455
493 473
493 476
493 485
493 491
493 492
493 494
493 495
493 496
493 497
493 499
493 500
494 243
494 269
494 302
494 353
494 357
494 413
494 467
494 480
494 485
494 490
494 491
494 492
494 493
494 495
494 496
494 497
494 499
494 500
495 130
495 170
495 289
495 307
495 310
495 318
495 329
495 423
495 471
495 478
495 480
495 481
495 485
495 490
495 491
495 493
495 494
495 496
495 497
495 500
496 5
496 54
496 194
496 377
496 382
496 471
496 485
496 490
496 491
496 492
496 493
496 494
496 495
496 499
496 500
497 5
497 14
497 345
497 353
497 373
497 382
497 464
497 476
497 478
497 480
497 481
497 485
497 490
497 491
497 492
497 493
497 494
497 495
497 499
497 500
498 88
498 123
498 150
498 186
498 295
498 304
498 322
498 387
498 405
498 418
498 419
498 440
498 464
498 472
498 474
498 482
498 484
498 486
498 487
498 488
498 489
499 79
499 100
499 122
499 175
499 314
499 409
499 491
499 492
499 493
499 494
499 496
499 497
499 500
500 24
500 27
500 82
500 97
500 158
500 297
500 332
500 480
500 485
500 490
500 491
500 492
500 493
500 494
500 495
500 496
500 497
500 499
