1 54
1 83
1 178
1 195
1 328
2 178
2 341
2 425
2 448
2 499
3 253
3 289
3 463
3 464
3 484
4 116
4 297
4 392
4 408
4 411
5 81
5 347
5 432
5 497
5 498
6 255
6 291
6 412
6 447
6 497
7 259
7 373
7 379
7 487
7 495
8 31
8 141
8 376
8 394
8 459
9 245
9 273
9 363
9 389
9 406
10 79
10 171
10 288
10 342
10 462
11 322
11 329
11 430
11 473
11 497
12 312
12 316
12 340
12 420
12 423
13 244
13 273
13 364
13 492
13 498
14 40
14 110
14 330
14 375
14 417
15 85
15 157
15 383
15 440
15 480
16 98
16 121
16 166
16 390
16 459
17 408
17 434
17 489
17 496
17 499
18 25
18 55
18 154
18 354
18 447
19 177
19 350
19 404
19 425
19 494
20 147
20 240
20 374
20 457
20 468
21 131
21 137
21 201
21 278
21 359
22 82
22 200
22 411
22 455
22 489
23 26
23 109
23 366
23 405
23 490
24 204
24 390
24 411
24 434
24 490
25 18
25 41
25 138
25 459
25 484
26 23
26 129
26 317
26 439
26 479
27 281
27 295
27 478
27 479
27 494
28 90
28 163
28 268
28 386
28 464
29 161
29 268
29 296
29 382
29 414
30 123
30 362
30 366
30 415
30 489
31 8
31 54
31 345
31 385
31 485
32 144
32 303
32 324
32 360
32 427
33 58
33 224
33 272
33 421
33 473
34 258
34 270
34 397
34 458
34 488
35 254
35 333
35 343
35 424
35 450
36 44
36 83
36 224
36 422
36 477
37 92
37 186
37 327
37 486
37 490
38 74
38 376
38 383
38 419
38 473
39 44
39 178
39 304
39 374
39 460
40 14
40 319
40 347
40 418
40 480
41 25
41 280
41 344
41 393
41 453
42 159
42 293
42 335
42 384
42 398
43 51
43 160
43 168
43 203
43 263
44 36
44 39
44 70
44 363
44 449
45 257
45 442
45 461
45 481
45 499
46 430
46 457
46 458
46 493
46 494
47 264
47 287
47 317
47 345
47 404
48 99
48 127
48 187
48 441
48 483
49 242
49 266
49 416
49 452
49 492
50 88
50 454
50 486
50 487
50 492
51 43
51 235
51 252
51 456
51 496
52 217
52 282
52 458
52 464
52 482
53 151
53 204
53 296
53 426
53 460
54 1
54 31
54 62
54 94
54 371
55 18
55 185
55 396
55 420
55 491
56 212
56 239
56 420
56 452
56 495
57 196
57 421
57 462
57 485
57 492
58 33
58 191
58 261
58 395
58 482
59 259
59 366
59 390
59 424
59 464
60 275
60 290
60 442
60 443
60 467
61 84
61 207
61 226
61 305
61 493
62 54
62 208
62 326
62 406
62 444
63 131
63 307
63 336
63 490
63 494
64 67
64 174
64 428
64 486
64 488
65 173
65 301
65 387
65 411
65 427
66 124
66 201
66 258
66 284
66 327
67 64
67 103
67 412
67 468
67 477
68 235
68 304
68 430
68 446
68 464
69 152
69 265
69 270
69 469
69 493
70 44
70 310
70 464
70 494
70 498
71 240
71 301
71 429
71 463
71 500
72 74
72 147
72 447
72 468
72 470
73 221
73 266
73 455
73 462
73 479
74 38
74 72
74 198
74 331
74 463
75 147
75 286
75 315
75 420
75 427
76 217
76 340
76 394
76 438
76 450
77 183
77 337
77 439
77 450
77 455
78 295
78 352
78 363
78 390
78 428
79 10
79 290
79 333
79 461
79 471
80 130
80 280
80 361
80 410
80 447
81 5
81 278
81 288
81 439
81 454
82 22
82 167
82 283
82 464
82 500
83 1
83 36
83 150
83 207
83 393
84 61
84 296
84 373
84 479
84 492
85 15
85 232
85 321
85 417
85 475
86 197
86 287
86 369
86 372
86 479
87 219
87 353
87 379
87 444
87 466
88 50
88 169
88 349
88 405
88 468
89 136
89 193
89 253
89 289
89 454
90 28
90 282
90 447
90 456
90 467
91 205
91 224
91 227
91 343
91 466
92 37
92 148
92 283
92 364
92 494
93 249
93 309
93 341
93 439
93 493
94 54
94 111
94 391
94 426
94 476
95 232
95 271
95 441
95 461
95 494
96 328
96 343
96 400
96 402
96 447
97 128
97 213
97 341
97 449
97 478
98 16
98 153
98 346
98 432
98 449
99 48
99 143
99 323
99 348
99 397
100 185
100 223
100 369
100 399
100 437
101 220
101 330
101 371
101 445
101 491
102 167
102 226
102 340
102 464
102 499
103 67
103 121
103 241
103 335
103 448
104 410
104 428
104 455
104 473
104 496
105 244
105 391
105 429
105 455
105 457
106 391
106 411
106 467
106 470
106 497
107 109
107 169
107 172
107 351
107 384
108 171
108 303
108 361
108 463
108 492
109 23
109 107
109 252
109 294
109 384
110 14
110 228
110 292
110 404
110 488
111 94
111 245
111 256
111 418
111 493
112 162
112 225
112 332
112 451
112 471
113 139
113 206
113 294
113 465
113 467
114 232
114 275
114 491
114 493
114 500
115 126
115 170
115 219
115 309
115 405
116 4
116 343
116 353
116 391
116 479
117 121
117 257
117 316
117 352
117 498
118 365
118 384
118 459
118 476
118 488
119 130
119 274
119 368
119 424
119 449
120 186
120 227
120 251
120 450
120 451
121 16
121 103
121 117
121 333
121 494
122 231
122 262
122 268
122 295
122 306
123 30
123 156
123 343
123 456
123 470
124 66
124 186
124 364
124 382
124 461
125 139
125 283
125 416
125 428
125 494
126 115
126 141
126 257
126 374
126 474
127 48
127 183
127 203
127 380
127 468
128 97
128 170
128 206
128 259
128 403
129 26
129 204
129 403
129 420
129 433
130 80
130 119
130 234
130 351
130 370
131 21
131 63
131 250
131 315
131 460
132 140
132 306
132 343
132 366
132 424
133 452
133 464
133 465
133 491
133 494
134 319
134 384
134 409
134 422
134 439
135 221
135 368
135 384
135 400
135 462
136 89
136 179
136 325
136 366
136 447
137 21
137 144
137 317
137 325
137 373
138 25
138 262
138 379
138 388
138 484
139 113
139 125
139 243
139 416
139 465
140 132
140 284
140 412
140 495
140 496
141 8
141 126
141 142
141 284
141 446
142 141
142 152
142 223
142 431
142 448
143 99
143 266
143 387
143 399
143 500
144 32
144 137
144 200
144 359
144 395
145 202
145 327
145 420
145 493
145 500
146 222
146 425
146 456
146 465
146 496
147 20
147 72
147 75
147 189
147 278
148 92
148 193
148 207
148 312
148 367
149 274
149 424
149 473
149 488
149 496
150 83
150 164
150 267
150 488
150 499
151 53
151 202
151 375
151 387
151 391
152 69
152 142
152 247
152 302
152 308
153 98
153 172
153 244
153 345
153 462
154 18
154 303
154 415
154 438
154 497
155 365
155 396
155 398
155 441
155 477
156 123
156 278
156 303
156 364
156 500
157 15
157 160
157 393
157 402
157 491
158 338
158 412
158 438
158 448
158 467
159 42
159 222
159 314
159 436
159 498
160 43
160 157
160 311
160 359
160 466
161 29
161 298
161 344
161 372
161 477
162 112
162 227
162 415
162 430
162 450
163 28
163 196
163 224
163 300
163 467
164 150
164 418
164 421
164 466
164 486
165 175
165 383
165 421
165 425
165 495
166 16
166 334
166 469
166 472
166 474
167 82
167 102
167 353
167 482
167 494
168 43
168 182
168 234
168 377
168 480
169 88
169 107
169 229
169 254
169 351
170 115
170 128
170 282
170 360
170 498
171 10
171 108
171 262
171 376
171 495
172 107
172 153
172 327
172 332
172 461
173 65
173 178
173 298
173 344
173 471
174 64
174 403
174 409
174 426
174 436
175 165
175 234
175 270
175 293
175 368
176 411
176 430
176 453
176 473
176 492
177 19
177 244
177 367
177 427
177 489
178 1
178 2
178 39
178 173
178 405
179 136
179 184
179 306
179 460
179 496
180 411
180 478
180 480
180 486
180 491
181 393
181 413
181 451
181 480
181 500
182 168
182 249
182 334
182 423
182 430
183 77
183 127
183 315
183 380
183 499
184 179
184 235
184 491
184 495
184 499
185 55
185 100
185 210
185 274
185 322
186 37
186 120
186 124
186 391
186 427
186 432
187 48
187 239
187 402
187 424
187 440
187 476
188 274
188 305
188 316
188 370
188 440
188 443
189 147
189 205
189 242
189 313
189 380
189 435
190 275
190 309
190 355
190 368
190 417
190 481
191 58
191 290
191 368
191 411
191 453
191 498
192 213
192 252
192 303
192 381
192 403
192 405
193 89
193 148
193 256
193 419
193 432
193 440
194 220
194 260
194 457
194 482
194 493
194 500
195 1
195 286
195 409
195 438
195 482
195 491
196 57
196 163
196 307
196 409
196 412
196 417
197 86
197 314
197 339
197 361
197 381
197 437
198 74
198 241
198 242
198 331
198 463
198 470
199 294
199 357
199 407
199 445
199 451
199 489
200 22
200 144
200 342
200 385
200 445
200 495
201 21
201 66
201 292
201 401
201 480
201 489
202 145
202 151
202 398
202 423
202 435
202 469
203 43
203 127
203 425
203 433
203 454
203 496
204 24
204 53
204 129
204 373
204 475
204 484
205 91
205 189
205 246
205 377
205 400
205 482
206 113
206 128
206 316
206 397
206 403
206 484
207 61
207 83
207 148
207 287
207 296
207 487
208 62
208 272
208 312
208 406
208 408
208 441
209 215
209 359
209 401
209 421
209 469
209 485
210 185
210 220
210 261
210 341
210 461
210 482
211 260
211 324
211 336
211 365
211 490
211 497
212 56
212 247
212 359
212 400
212 472
212 481
213 97
213 192
213 314
213 335
213 369
213 443
214 240
214 267
214 277
214 283
214 355
214 492
215 209
215 293
215 380
215 417
215 464
215 485
216 248
216 256
216 309
216 376
216 495
216 498
217 52
217 76
217 378
217 393
217 407
217 458
218 221
218 276
218 341
218 363
218 458
218 474
219 87
219 115
219 317
219 430
219 466
219 484
220 101
220 194
220 210
220 315
220 332
220 419
221 73
221 135
221 218
221 316
221 323
221 356
222 146
222 159
222 237
222 338
222 340
222 471
223 100
223 142
223 418
223 433
223 487
223 498
224 33
224 36
224 91
224 163
224 292
224 436
225 112
225 265
225 285
225 403
225 411
225 452
226 61
226 102
226 312
226 435
226 470
226 497
227 91
227 120
227 162
227 294
227 375
227 457
228 110
228 236
228 342
228 382
228 473
228 495
229 169
229 272
229 357
229 365
229 414
229 441
230 250
230 307
230 330
230 339
230 382
230 500
231 122
231 363
231 431
231 471
231 476
231 485
232 85
232 95
232 114
232 233
232 409
232 474
233 232
233 250
233 289
233 320
233 365
233 397
234 130
234 168
234 175
234 285
234 369
234 371
235 51
235 68
235 184
235 450
235 461
235 499
236 228
236 305
236 347
236 355
236 449
236 496
237 222
237 391
237 423
237 456
237 469
237 497
238 354
238 425
238 460
238 470
238 477
238 500
239 56
239 187
239 336
239 401
239 430
239 439
240 20
240 71
240 214
240 450
240 473
240 475
241 103
241 198
241 246
241 338
241 410
241 470
242 49
242 189
242 198
242 249
242 318
242 376
243 139
243 323
243 336
243 431
243 477
243 494
244 13
244 105
244 153
244 177
244 399
244 499
245 9
245 111
245 280
245 403
245 452
245 486
246 205
246 241
246 336
246 394
246 454
246 474
247 152
247 212
247 310
247 326
247 404
247 456
248 216
248 395
248 457
248 464
248 489
248 495
249 93
249 182
249 242
249 398
249 474
249 475
250 131
250 230
250 233
250 273
250 408
250 464
251 120
251 285
251 298
251 396
251 417
251 483
252 51
252 109
252 192
252 341
252 350
252 374
253 3
253 89
253 319
253 350
253 477
253 486
254 35
254 169
254 379
254 398
254 445
254 485
255 6
255 281
255 323
255 387
255 398
255 472
256 111
256 193
256 216
256 277
256 432
256 476
257 45
257 117
257 126
257 397
257 437
257 465
258 34
258 66
258 278
258 296
258 437
258 456
259 7
259 59
259 128
259 435
259 469
259 482
260 194
260 211
260 360
260 401
260 475
260 481
261 58
261 210
261 339
261 448
261 484
261 493
262 122
262 138
262 171
262 332
262 350
262 432
263 43
263 344
263 350
263 382
263 483
263 496
264 47
264 382
264 412
264 475
264 477
264 491
265 69
265 225
265 271
265 365
265 409
265 456
266 49
266 73
266 143
266 382
266 466
266 498
267 150
267 214
267 311
267 433
267 444
267 462
268 28
268 29
268 122
268 273
268 345
268 463
269 301
269 340
269 403
269 413
269 484
269 491
270 34
270 69
270 175
270 344
270 351
270 362
271 95
271 265
271 432
271 440
271 459
271 467
272 33
272 208
272 229
272 342
272 469
272 473
273 9
273 13
273 250
273 268
273 387
273 498
274 119
274 149
274 185
274 188
274 302
274 310
275 60
275 114
275 190
275 303
275 362
275 429
276 218
276 319
276 335
276 362
276 453
276 454
277 214
277 256
277 286
277 324
277 478
277 489
278 21
278 81
278 147
278 156
278 258
278 412
279 288
279 325
279 339
279 387
279 395
279 405
280 41
280 80
280 245
280 308
280 466
280 470
281 27
281 255
281 389
281 477
281 486
281 497
282 52
282 90
282 170
282 381
282 388
282 494
283 82
283 92
283 125
283 214
283 313
283 367
284 66
284 140
284 141
284 330
284 451
284 487
285 225
285 234
285 251
285 418
285 455
285 474
286 75
286 195
286 277
286 435
286 463
286 496
287 47
287 86
287 207
287 346
287 388
287 455
287 468
288 10
288 81
288 279
288 290
288 350
288 487
288 492
289 3
289 89
289 233
289 340
289 370
289 451
289 462
290 60
290 79
290 191
290 288
290 323
290 395
290 436
291 6
291 337
291 443
291 471
291 488
291 490
291 493
292 110
292 201
292 224
292 374
292 474
292 475
292 484
293 42
293 175
293 215
293 298
293 337
293 348
293 441
294 109
294 113
294 199
294 227
294 354
294 389
294 450
295 27
295 78
295 122
295 322
295 365
295 438
295 444
296 29
296 53
296 84
296 207
296 258
296 431
296 433
297 4
297 372
297 417
297 432
297 446
297 458
297 474
298 161
298 173
298 251
298 293
298 422
298 435
298 462
299 363
299 398
299 408
299 454
299 466
299 487
299 493
300 163
300 384
300 434
300 446
300 467
300 469
300 485
301 65
301 71
301 269
301 325
301 392
301 397
301 414
302 152
302 274
302 369
302 419
302 467
302 474
302 500
303 32
303 108
303 154
303 156
303 192
303 275
303 495
304 39
304 68
304 399
304 414
304 415
304 456
304 481
305 61
305 188
305 236
305 339
305 377
305 459
305 467
306 122
306 132
306 179
306 371
306 420
306 429
306 468
307 63
307 196
307 230
307 357
307 376
307 461
307 465
308 152
308 280
308 372
308 432
308 449
308 477
308 495
309 93
309 115
309 190
309 216
309 338
309 461
309 494
310 70
310 247
310 274
310 315
310 463
310 476
310 497
311 160
311 267
311 338
311 345
311 395
311 478
311 497
312 12
312 148
312 208
312 226
312 448
312 461
312 476
313 189
313 283
313 378
313 421
313 462
313 476
313 499
314 159
314 197
314 213
314 316
314 356
314 474
314 484
315 75
315 131
315 183
315 220
315 310
315 320
315 454
316 12
316 117
316 188
316 206
316 221
316 314
316 417
317 26
317 47
317 137
317 219
317 346
317 389
317 488
318 242
318 324
318 378
318 427
318 455
318 469
318 486
319 40
319 134
319 253
319 276
319 327
319 458
319 480
320 233
320 315
320 405
320 445
320 483
320 490
320 497
321 85
321 346
321 451
321 457
321 463
321 489
321 493
322 11
322 185
322 295
322 358
322 423
322 459
322 492
323 99
323 221
323 243
323 255
323 290
323 429
323 451
324 32
324 211
324 277
324 318
324 412
324 442
324 490
325 136
325 137
325 279
325 301
325 333
325 446
325 496
326 62
326 247
326 349
326 381
326 472
326 497
326 499
327 37
327 66
327 145
327 172
327 319
327 387
327 457
328 1
328 96
328 377
328 386
328 427
328 434
328 481
329 11
329 358
329 380
329 435
329 445
329 463
329 497
330 14
330 101
330 230
330 284
330 402
330 406
330 498
331 74
331 198
331 347
331 359
331 404
331 442
331 490
332 112
332 172
332 220
332 262
332 355
332 358
332 449
333 35
333 79
333 121
333 325
333 391
333 459
333 465
334 166
334 182
334 339
334 352
334 407
334 463
334 480
335 42
335 103
335 213
335 276
335 394
335 396
335 490
336 63
336 211
336 239
336 243
336 246
336 417
336 479
337 77
337 291
337 293
337 377
337 407
337 489
337 496
338 158
338 222
338 241
338 309
338 311
338 424
338 441
338 499
339 197
339 230
339 261
339 279
339 305
339 334
339 440
339 466
340 12
340 76
340 102
340 222
340 269
340 289
340 458
340 471
341 2
341 93
341 97
341 210
341 218
341 252
341 386
341 452
342 10
342 200
342 228
342 272
342 355
342 488
342 496
342 500
343 35
343 91
343 96
343 116
343 123
343 132
343 348
343 491
344 41
344 161
344 173
344 263
344 270
344 352
344 398
344 403
345 31
345 47
345 153
345 268
345 311
345 421
345 431
345 500
346 98
346 287
346 317
346 321
346 349
346 413
346 473
346 480
347 5
347 40
347 236
347 331
347 351
347 452
347 472
347 490
348 99
348 293
348 343
348 357
348 373
348 460
348 489
348 498
349 88
349 326
349 346
349 375
349 410
349 463
349 483
349 487
350 19
350 252
350 253
350 262
350 263
350 288
350 361
350 480
351 107
351 130
351 169
351 270
351 347
351 399
351 457
351 488
352 78
352 117
352 334
352 344
352 370
352 378
352 434
352 442
353 87
353 116
353 167
353 428
353 475
353 486
353 487
353 499
354 18
354 238
354 294
354 386
354 400
354 418
354 441
354 488
355 190
355 214
355 236
355 332
355 342
355 367
355 374
355 456
356 221
356 314
356 361
356 375
356 388
356 437
356 470
356 479
357 199
357 229
357 307
357 348
357 445
357 453
357 485
357 495
358 322
358 329
358 332
358 370
358 394
358 471
358 472
358 475
359 21
359 144
359 160
359 209
359 212
359 331
359 422
359 444
360 32
360 170
360 260
360 388
360 454
360 467
360 479
360 489
361 80
361 108
361 197
361 350
361 356
361 382
361 399
361 439
362 30
362 270
362 275
362 276
362 446
362 447
362 472
362 497
363 9
363 44
363 78
363 218
363 231
363 299
363 393
363 410
364 13
364 92
364 124
364 156
364 379
364 421
364 475
364 496
365 118
365 155
365 211
365 229
365 233
365 265
365 295
365 444
366 23
366 30
366 59
366 132
366 136
366 367
366 418
366 436
367 148
367 177
367 283
367 355
367 366
367 401
367 433
367 498
368 119
368 135
368 175
368 190
368 191
368 436
368 440
368 454
369 86
369 100
369 213
369 234
369 302
369 426
369 431
369 460
370 130
370 188
370 289
370 352
370 358
370 375
370 419
370 423
371 54
371 101
371 234
371 306
371 431
371 440
371 442
371 485
372 86
372 161
372 297
372 308
372 394
372 437
372 482
372 484
373 7
373 84
373 137
373 204
373 348
373 406
373 444
373 453
374 20
374 39
374 126
374 252
374 292
374 355
374 401
374 499
375 14
375 151
375 227
375 349
375 356
375 370
375 497
375 500
376 8
376 38
376 171
376 216
376 242
376 307
376 393
376 434
377 168
377 205
377 305
377 328
377 337
377 456
377 490
377 492
378 217
378 313
378 318
378 352
378 415
378 469
378 477
378 489
379 7
379 87
379 138
379 254
379 364
379 395
379 427
379 457
380 127
380 183
380 189
380 215
380 329
380 478
380 481
380 500
381 192
381 197
381 282
381 326
381 383
381 395
381 459
381 485
382 29
382 124
382 228
382 230
382 263
382 264
382 266
382 361
383 15
383 38
383 165
383 381
383 390
383 423
383 426
383 449
384 42
384 107
384 109
384 118
384 134
384 135
384 300
384 450
384 453
385 31
385 200
385 422
385 431
385 438
385 452
385 472
385 475
385 479
386 28
386 328
386 341
386 354
386 398
386 477
386 479
386 486
386 491
387 65
387 143
387 151
387 255
387 273
387 279
387 327
387 422
387 462
388 138
388 282
388 287
388 356
388 360
388 408
388 428
388 458
388 486
389 9
389 281
389 294
389 317
389 408
389 427
389 471
389 493
389 497
390 16
390 24
390 59
390 78
390 383
390 406
390 466
390 483
390 485
391 94
391 105
391 106
391 116
391 151
391 186
391 237
391 333
391 480
392 4
392 301
392 402
392 407
392 429
392 451
392 453
392 465
392 468
393 41
393 83
393 157
393 181
393 217
393 363
393 376
393 399
393 414
394 8
394 76
394 246
394 335
394 358
394 372
394 396
394 410
394 481
395 58
395 144
395 248
395 279
395 290
395 311
395 379
395 381
395 445
396 55
396 155
396 251
396 335
396 394
396 410
396 450
396 466
396 473
397 34
397 99
397 206
397 233
397 257
397 301
397 413
397 459
397 465
398 42
398 155
398 202
398 249
398 254
398 255
398 299
398 344
398 386
399 100
399 143
399 244
399 304
399 351
399 361
399 393
399 442
399 485
400 96
400 135
400 205
400 212
400 354
400 402
400 420
400 425
400 489
401 201
401 209
401 239
401 260
401 367
401 374
401 472
401 473
401 495
402 96
402 157
402 187
402 330
402 392
402 400
402 461
402 478
402 483
403 128
403 129
403 174
403 192
403 206
403 225
403 245
403 269
403 344
404 19
404 47
404 110
404 247
404 331
404 416
404 435
404 476
404 488
405 23
405 88
405 115
405 178
405 192
405 279
405 320
405 487
405 500
406 9
406 62
406 208
406 330
406 373
406 390
406 452
406 482
406 494
407 199
407 217
407 334
407 337
407 392
407 443
407 469
407 471
407 500
408 4
408 17
408 208
408 250
408 299
408 388
408 389
408 479
408 487
409 134
409 174
409 195
409 196
409 232
409 265
409 446
409 457
409 492
410 80
410 104
410 241
410 349
410 363
410 394
410 396
410 443
410 495
411 4
411 22
411 24
411 65
411 106
411 176
411 180
411 191
411 225
412 6
412 67
412 140
412 158
412 196
412 264
412 278
412 324
412 458
413 181
413 269
413 346
413 397
413 416
413 464
413 481
413 483
413 487
414 29
414 229
414 301
414 304
414 393
414 442
414 463
414 476
414 498
415 30
415 154
415 162
415 304
415 378
415 416
415 438
415 453
415 487
416 49
416 125
416 139
416 404
416 413
416 415
416 436
416 438
416 452
417 14
417 85
417 190
417 196
417 215
417 251
417 297
417 316
417 336
417 423
418 40
418 111
418 164
418 223
418 285
418 354
418 366
418 434
418 487
418 500
419 38
419 193
419 220
419 302
419 370
419 439
419 478
419 479
419 495
419 498
420 12
420 55
420 56
420 75
420 129
420 145
420 306
420 400
420 422
420 478
421 33
421 57
421 164
421 165
421 209
421 313
421 345
421 364
421 435
421 443
422 36
422 134
422 298
422 359
422 385
422 387
422 420
422 433
422 481
422 482
423 12
423 182
423 202
423 237
423 322
423 370
423 383
423 417
423 427
423 468
424 35
424 59
424 119
424 132
424 149
424 187
424 338
424 435
424 436
424 489
425 2
425 19
425 146
425 165
425 203
425 238
425 400
425 434
425 473
425 474
426 53
426 94
426 174
426 369
426 383
426 428
426 438
426 468
426 487
426 499
427 32
427 65
427 75
427 177
427 186
427 318
427 328
427 379
427 389
427 423
428 64
428 78
428 104
428 125
428 353
428 388
428 426
428 444
428 475
428 493
429 71
429 105
429 275
429 306
429 323
429 392
429 465
429 470
429 482
429 494
430 11
430 46
430 68
430 162
430 176
430 182
430 219
430 239
430 466
430 486
431 142
431 231
431 243
431 296
431 345
431 369
431 371
431 385
431 471
431 488
432 5
432 98
432 186
432 193
432 256
432 262
432 271
432 297
432 308
432 488
433 129
433 203
433 223
433 267
433 296
433 367
433 422
433 450
433 484
433 490
434 17
434 24
434 300
434 328
434 352
434 376
434 418
434 425
434 481
434 486
435 189
435 202
435 226
435 259
435 286
435 298
435 329
435 404
435 421
435 424
436 159
436 174
436 224
436 290
436 366
436 368
436 416
436 424
436 479
436 492
437 100
437 197
437 257
437 258
437 356
437 372
437 453
437 468
437 474
437 499
438 76
438 154
438 158
438 195
438 295
438 385
438 415
438 416
438 426
438 449
439 26
439 77
439 81
439 93
439 134
439 239
439 361
439 419
439 472
439 491
440 15
440 187
440 188
440 193
440 271
440 339
440 368
440 371
440 458
440 496
441 48
441 95
441 155
441 208
441 229
441 293
441 338
441 354
441 468
441 475
441 491
442 45
442 60
442 324
442 331
442 352
442 371
442 399
442 414
442 476
442 478
442 483
443 60
443 188
443 213
443 291
443 407
443 410
443 421
443 478
443 484
443 490
443 499
444 62
444 87
444 267
444 295
444 359
444 365
444 373
444 428
444 448
444 462
444 471
445 101
445 199
445 200
445 254
445 320
445 329
445 357
445 395
445 452
445 455
445 459
446 68
446 141
446 297
446 300
446 325
446 362
446 409
446 449
446 453
446 469
446 478
447 6
447 18
447 72
447 80
447 90
447 96
447 136
447 362
447 460
447 461
447 495
448 2
448 103
448 142
448 158
448 261
448 312
448 444
448 477
448 489
448 497
448 500
449 44
449 97
449 98
449 119
449 236
449 308
449 332
449 383
449 438
449 446
449 483
450 35
450 76
450 77
450 120
450 162
450 235
450 240
450 294
450 384
450 396
450 433
450 470
451 112
451 120
451 181
451 199
451 284
451 289
451 321
451 323
451 392
451 460
451 472
451 481
452 49
452 56
452 133
452 225
452 245
452 341
452 347
452 385
452 406
452 416
452 445
452 476
453 41
453 176
453 191
453 276
453 357
453 373
453 384
453 392
453 415
453 437
453 446
453 462
454 50
454 81
454 89
454 203
454 246
454 276
454 299
454 315
454 360
454 368
454 484
454 493
455 22
455 73
455 77
455 104
455 105
455 285
455 287
455 318
455 445
455 465
455 491
455 493
456 51
456 90
456 123
456 146
456 237
456 247
456 258
456 265
456 304
456 355
456 377
456 457
457 20
457 46
457 105
457 194
457 227
457 248
457 321
457 327
457 351
457 379
457 409
457 456
458 34
458 46
458 52
458 217
458 218
458 297
458 319
458 340
458 388
458 412
458 440
458 482
459 8
459 16
459 25
459 118
459 271
459 305
459 322
459 333
459 381
459 397
459 445
459 460
459 498
460 39
460 53
460 131
460 179
460 238
460 348
460 369
460 447
460 451
460 459
460 492
460 496
460 499
461 45
461 79
461 95
461 124
461 172
461 210
461 235
461 307
461 309
461 312
461 402
461 447
461 467
462 10
462 57
462 73
462 135
462 153
462 267
462 289
462 298
462 313
462 387
462 444
462 453
462 481
463 3
463 71
463 74
463 108
463 198
463 268
463 286
463 310
463 321
463 329
463 334
463 349
463 414
464 3
464 28
464 52
464 59
464 68
464 70
464 82
464 102
464 133
464 215
464 248
464 250
464 413
465 113
465 133
465 139
465 146
465 257
465 307
465 333
465 392
465 397
465 429
465 455
465 467
465 485
465 488
466 87
466 91
466 160
466 164
466 219
466 266
466 280
466 299
466 339
466 390
466 396
466 430
466 483
466 500
467 60
467 90
467 106
467 113
467 158
467 163
467 271
467 300
467 302
467 305
467 360
467 461
467 465
467 470
468 20
468 67
468 72
468 88
468 127
468 287
468 306
468 392
468 423
468 426
468 437
468 441
468 481
468 496
469 69
469 166
469 202
469 209
469 237
469 259
469 272
469 300
469 318
469 378
469 407
469 446
469 486
469 489
470 72
470 106
470 123
470 198
470 226
470 238
470 241
470 280
470 356
470 429
470 450
470 467
470 476
470 477
471 79
471 112
471 173
471 222
471 231
471 291
471 340
471 358
471 389
471 407
471 431
471 444
471 482
471 484
471 490
472 166
472 212
472 255
472 326
472 347
472 358
472 362
472 385
472 401
472 439
472 451
472 473
472 478
472 480
472 494
473 11
473 33
473 38
473 104
473 149
473 176
473 228
473 240
473 272
473 346
473 396
473 401
473 425
473 472
473 498
474 126
474 166
474 218
474 232
474 246
474 249
474 285
474 292
474 297
474 302
474 314
474 425
474 437
474 476
474 486
475 85
475 204
475 240
475 249
475 260
475 264
475 292
475 353
475 358
475 364
475 385
475 428
475 441
475 491
475 496
476 94
476 118
476 187
476 231
476 256
476 310
476 312
476 313
476 404
476 414
476 442
476 452
476 470
476 474
476 491
477 36
477 67
477 155
477 161
477 238
477 243
477 253
477 264
477 281
477 308
477 378
477 386
477 448
477 470
477 485
478 27
478 97
478 180
478 277
478 311
478 380
478 402
478 419
478 420
478 442
478 443
478 446
478 472
478 483
478 488
478 493
479 26
479 27
479 73
479 84
479 86
479 116
479 336
479 356
479 360
479 385
479 386
479 408
479 419
479 436
479 484
479 489
480 15
480 40
480 168
480 180
480 181
480 201
480 319
480 334
480 346
480 350
480 391
480 472
480 483
480 485
480 490
480 492
481 45
481 190
481 212
481 260
481 304
481 328
481 380
481 394
481 413
481 422
481 434
481 451
481 462
481 468
481 490
481 493
482 52
482 58
482 167
482 194
482 195
482 205
482 210
482 259
482 372
482 406
482 422
482 429
482 458
482 471
482 492
482 494
483 48
483 251
483 263
483 320
483 349
483 390
483 402
483 413
483 442
483 449
483 466
483 478
483 480
483 487
483 490
483 493
483 500
484 3
484 25
484 138
484 204
484 206
484 219
484 261
484 269
484 292
484 314
484 372
484 433
484 443
484 454
484 471
484 479
484 488
485 31
485 57
485 209
485 215
485 231
485 254
485 300
485 357
485 371
485 381
485 390
485 399
485 465
485 477
485 480
485 486
485 492
486 37
486 50
486 64
486 164
486 180
486 245
486 253
486 281
486 318
486 353
486 386
486 388
486 430
486 434
486 469
486 474
486 485
486 499
487 7
487 50
487 207
487 223
487 284
487 288
487 299
487 349
487 353
487 405
487 408
487 413
487 415
487 418
487 426
487 483
487 490
487 499
488 34
488 64
488 110
488 118
488 149
488 150
488 291
488 317
488 342
488 351
488 354
488 404
488 431
488 432
488 465
488 478
488 484
488 491
489 17
489 22
489 30
489 177
489 199
489 201
489 248
489 277
489 321
489 337
489 348
489 360
489 378
489 400
489 424
489 448
489 469
489 479
490 23
490 24
490 37
490 63
490 211
490 291
490 320
490 324
490 331
490 335
490 347
490 377
490 433
490 443
490 471
490 480
490 481
490 483
490 487
491 55
491 101
491 114
491 133
491 157
491 180
491 184
491 195
491 264
491 269
491 343
491 386
491 439
491 441
491 455
491 475
491 476
491 488
491 492
492 13
492 49
492 50
492 57
492 84
492 108
492 176
492 214
492 288
492 322
492 377
492 409
492 436
492 460
492 480
492 482
492 485
492 491
492 498
493 46
493 61
493 69
493 93
493 111
493 114
493 145
493 194
493 261
493 291
493 299
493 321
493 389
493 428
493 454
493 455
493 478
493 481
493 483
494 19
494 27
494 46
494 63
494 70
494 92
494 95
494 121
494 125
494 133
494 167
494 243
494 282
494 309
494 406
494 429
494 472
494 482
494 498
495 7
495 56
495 140
495 165
495 171
495 184
495 200
495 216
495 228
495 248
495 303
495 308
495 357
495 401
495 410
495 419
495 447
495 497
495 499
496 17
496 51
496 104
496 140
496 146
496 149
496 179
496 203
496 236
496 263
496 286
496 325
496 337
496 342
496 364
496 440
496 460
496 468
496 475
496 497
497 5
497 6
497 11
497 106
497 154
497 211
497 226
497 237
497 281
497 310
497 311
497 320
497 326
497 329
497 362
497 375
497 389
497 448
497 495
497 496
498 5
498 13
498 70
498 117
498 159
498 170
498 191
498 216
498 223
498 266
498 273
498 330
498 348
498 367
498 414
498 419
498 459
498 473
498 492
498 494
499 2
499 17
499 45
499 102
499 150
499 183
499 184
499 235
499 244
499 313
499 326
499 338
499 353
499 374
499 426
499 437
499 443
499 460
499 486
499 487
499 495
500 71
500 82
500 114
500 143
500 145
500 156
500 181
500 194
500 230
500 238
500 302
500 342
500 345
500 375
500 380
500 405
500 407
500 418
500 448
500 466
500 483
