1 3
1 9
1 107
1 311
1 407
2 32
2 164
2 245
2 300
2 439
3 1
3 9
3 393
3 492
3 495
4 5
4 328
4 374
4 376
4 456
5 4
5 9
5 103
5 132
5 328
6 21
6 23
6 296
6 449
6 482
7 47
7 68
7 137
7 138
7 369
8 32
8 173
8 175
8 282
8 353
9 1
9 3
9 5
9 416
9 456
10 11
10 16
10 284
10 310
10 461
11 10
11 16
11 187
11 284
11 417
12 18
12 32
12 291
12 393
12 447
13 31
13 182
13 197
13 198
13 488
14 34
14 74
14 77
14 386
14 415
15 41
15 263
15 321
15 402
15 451
16 10
16 11
16 18
16 284
16 385
17 20
17 77
17 174
17 284
17 328
18 12
18 16
18 75
18 300
18 385
19 168
19 170
19 171
19 239
19 373
20 17
20 21
20 96
20 201
20 482
21 6
21 20
21 296
21 453
21 469
22 28
22 74
22 79
22 283
22 382
23 6
23 304
23 351
23 458
23 465
24 25
24 27
24 351
24 420
24 498
25 24
25 27
25 351
25 353
25 374
26 157
26 160
26 197
26 439
26 486
27 24
27 25
27 29
27 309
27 491
28 22
28 74
28 202
28 436
28 464
29 27
29 30
29 326
29 363
29 471
30 29
30 35
30 234
30 487
30 496
31 13
31 80
31 282
31 283
31 424
32 2
32 8
32 12
32 496
32 499
33 112
33 199
33 467
33 494
33 497
34 14
34 386
34 433
34 446
34 452
35 30
35 36
35 234
35 425
35 448
36 35
36 124
36 234
36 325
36 344
37 38
37 39
37 325
37 416
37 456
38 37
38 39
38 67
38 462
38 490
39 37
39 38
39 279
39 325
39 496
40 42
40 43
40 321
40 369
40 457
41 15
41 259
41 321
41 414
41 457
42 40
42 43
42 286
42 457
42 489
43 40
43 42
43 44
43 337
43 471
44 43
44 47
44 48
44 65
44 411
45 214
45 252
45 254
45 429
45 457
46 85
46 87
46 269
46 416
46 456
47 7
47 44
47 48
47 68
47 422
48 44
48 47
48 86
48 256
48 429
49 75
49 207
49 270
49 312
49 484
50 51
50 58
50 419
50 429
50 462
51 50
51 58
51 429
51 496
51 499
52 55
52 383
52 384
52 389
52 405
53 54
53 141
53 299
53 350
53 480
54 53
54 59
54 161
54 167
54 368
55 52
55 389
55 408
55 449
55 482
56 57
56 111
56 113
56 130
56 131
57 56
57 129
57 178
57 486
57 494
58 50
58 51
58 193
58 389
58 454
59 54
59 78
59 364
59 375
59 432
60 63
60 64
60 65
60 144
60 194
61 79
61 255
61 387
61 402
61 451
62 243
62 251
62 327
62 398
62 405
63 60
63 65
63 237
63 344
63 389
64 60
64 65
64 86
64 256
64 498
65 44
65 60
65 63
65 64
65 480
66 72
66 175
66 267
66 340
66 386
67 38
67 70
67 71
67 460
67 490
68 7
68 47
68 279
68 313
68 442
69 258
69 279
69 280
69 282
69 500
70 67
70 71
70 401
70 458
70 465
71 67
71 70
71 218
71 401
71 500
72 66
72 73
72 169
72 345
72 401
73 72
73 401
73 411
73 496
73 499
74 14
74 22
74 28
74 75
74 174
75 18
75 49
75 74
75 142
75 423
76 77
76 80
76 116
76 466
76 488
77 14
77 17
77 76
77 80
77 83
78 59
78 79
78 249
78 297
78 444
79 22
79 61
79 78
79 382
79 453
80 31
80 76
80 77
80 83
80 324
81 165
81 280
81 441
81 463
81 478
82 116
82 117
82 292
82 314
82 430
83 77
83 80
83 284
83 373
83 467
84 85
84 455
84 485
84 496
84 499
85 46
85 84
85 269
85 377
85 450
86 48
86 64
86 139
86 140
86 142
87 46
87 88
87 269
87 439
87 486
88 87
88 89
88 104
88 109
88 269
89 88
89 91
89 320
89 424
89 433
90 91
90 92
90 93
90 176
90 486
91 89
91 90
91 93
91 290
91 454
92 90
92 93
92 382
92 468
92 469
93 90
93 91
93 92
93 463
93 478
94 105
94 113
94 341
94 472
94 473
95 96
95 98
95 377
95 417
95 450
96 20
96 95
96 98
96 120
96 348
97 99
97 147
97 278
97 313
97 479
98 95
98 96
98 100
98 458
98 465
99 97
99 276
99 277
99 414
99 457
100 98
100 102
100 310
100 337
100 471
101 178
101 181
101 418
101 440
101 495
102 100
102 180
102 310
102 331
102 477
103 5
103 104
103 310
103 318
103 487
104 88
104 103
104 106
104 310
104 322
105 94
105 113
105 372
105 452
106 104
106 107
106 108
106 492
106 495
107 1
107 106
107 108
107 389
107 398
108 106
108 107
108 186
108 452
108 485
109 88
109 111
109 347
109 398
109 457
110 299
110 404
110 415
110 454
110 476
111 56
111 109
111 286
111 299
111 360
112 33
112 133
112 200
112 203
112 392
113 56
113 94
113 105
113 360
113 483
114 153
114 155
114 246
114 247
114 490
115 236
115 344
115 389
115 411
115 417
116 76
116 82
116 118
116 292
116 483
117 82
117 118
117 346
117 496
117 499
118 116
118 117
118 119
118 492
118 495
119 118
119 120
119 121
119 238
119 417
120 96
120 119
120 121
120 123
120 406
121 119
121 120
121 123
121 192
121 271
122 256
122 258
122 259
122 437
122 473
123 120
123 121
123 124
123 230
123 499
124 36
124 123
124 126
124 127
124 344
125 141
125 227
125 426
125 473
125 494
126 124
126 127
126 128
126 340
126 390
127 124
127 126
127 128
127 414
127 457
128 126
128 127
128 130
128 487
128 499
129 57
129 132
129 375
129 397
129 419
130 56
130 128
130 132
130 261
130 430
131 56
131 132
131 480
131 492
131 495
132 5
132 129
132 130
132 131
132 318
133 112
133 135
133 136
133 369
133 432
134 246
134 349
134 357
134 412
134 498
135 133
135 136
135 284
135 369
135 373
136 133
136 135
136 369
136 428
136 474
137 7
137 138
137 310
137 447
137 461
138 7
138 137
138 139
138 166
138 500
139 86
139 138
139 431
139 463
139 478
140 86
140 143
140 272
140 398
140 463
141 53
141 125
141 246
141 342
141 350
142 75
142 86
142 143
142 148
142 396
143 140
143 142
143 379
143 468
143 494
144 60
144 146
144 148
144 408
144 446
145 156
145 159
145 319
145 390
145 396
146 144
146 147
146 148
146 446
146 452
147 97
147 146
147 148
147 379
147 490
148 142
148 144
148 146
148 147
148 149
149 148
149 151
149 275
149 289
149 436
150 158
150 198
150 202
150 220
150 345
151 149
151 152
151 254
151 289
151 490
152 151
152 154
152 428
152 463
152 474
153 114
153 155
153 378
153 402
153 451
154 152
154 156
154 289
154 305
154 347
155 114
155 153
155 388
155 465
156 145
156 154
156 168
156 173
156 390
157 26
157 184
157 261
157 329
157 465
158 150
158 196
158 199
158 257
158 444
159 145
159 161
159 163
159 225
159 371
160 26
160 162
160 477
160 492
160 495
161 54
161 159
161 163
161 368
161 390
162 160
162 165
162 192
162 296
162 313
163 159
163 161
163 164
163 453
163 469
164 2
164 163
164 166
164 167
164 245
165 81
165 162
165 315
165 361
166 138
166 164
166 167
166 474
166 500
167 54
167 164
167 166
167 368
167 496
168 19
168 156
168 282
168 425
168 481
169 72
169 224
169 225
169 229
169 336
170 19
170 172
170 446
170 452
170 482
171 19
171 172
171 340
171 390
171 403
172 170
172 171
172 173
172 283
172 453
173 8
173 156
173 172
173 221
173 350
174 17
174 74
174 302
174 309
174 386
175 8
175 66
175 176
175 282
175 422
176 90
176 175
176 177
176 340
176 486
177 176
177 179
177 233
177 340
177 346
177 415
178 57
178 101
178 181
178 186
178 418
178 494
179 177
179 180
179 299
179 340
179 342
179 350
180 102
180 179
180 183
180 318
180 331
180 413
181 101
181 178
181 186
181 212
181 440
181 481
182 13
182 282
182 395
182 435
182 477
182 492
183 180
183 318
183 355
183 363
183 390
183 466
184 157
184 187
184 188
184 263
184 430
184 464
185 212
185 215
185 218
185 240
185 434
185 440
186 108
186 178
186 181
186 189
186 193
186 493
187 11
187 184
187 188
187 318
187 389
187 417
188 184
188 187
188 204
188 376
188 416
189 186
189 193
189 201
189 202
189 323
189 497
190 192
190 204
190 244
190 323
190 436
190 475
191 192
191 204
191 205
191 254
191 323
191 490
192 121
192 162
192 190
192 191
192 220
192 296
193 58
193 186
193 189
193 201
193 476
193 497
194 60
194 223
194 263
194 264
194 265
194 408
195 227
195 285
195 364
195 413
195 446
195 452
196 158
196 199
196 412
196 470
196 484
196 497
197 13
197 26
197 255
197 283
197 394
197 431
198 13
198 150
198 220
198 316
198 488
198 496
199 33
199 158
199 196
199 243
199 316
199 488
200 112
200 317
200 335
200 354
200 433
200 489
201 20
201 189
201 193
201 202
201 211
201 491
202 28
202 150
202 189
202 201
202 211
202 477
203 112
203 278
203 312
203 317
203 360
203 427
204 188
204 190
204 191
204 268
204 323
204 476
205 191
205 206
205 207
205 317
205 335
205 354
206 205
206 207
206 271
206 296
206 313
206 317
207 49
207 205
207 206
207 208
207 209
207 497
208 207
208 209
208 210
208 412
208 470
208 492
209 207
209 208
209 210
209 265
209 409
209 500
210 208
210 209
210 252
210 317
210 351
210 429
211 201
211 202
211 213
211 217
211 223
211 370
212 181
212 185
212 215
212 454
212 480
212 481
213 211
213 216
213 217
213 228
213 496
213 499
214 45
214 249
214 251
214 253
214 427
214 438
215 185
215 212
215 420
215 421
215 440
215 498
216 213
216 217
216 228
216 418
216 481
216 492
217 211
217 213
217 216
217 228
217 428
217 474
218 71
218 185
218 219
218 338
218 480
218 500
219 218
219 222
219 225
219 234
219 321
219 369
220 150
220 192
220 198
220 386
220 388
220 486
221 173
221 248
221 250
221 309
221 444
221 461
222 219
222 225
222 303
222 447
222 485
222 491
223 194
223 211
223 265
223 267
223 303
223 370
224 169
224 226
224 230
224 263
224 314
224 329
225 159
225 169
225 219
225 222
225 230
225 487
226 224
226 230
226 399
226 484
226 485
226 491
227 125
227 195
227 293
227 413
227 421
227 440
228 213
228 216
228 217
228 461
228 482
228 484
229 169
229 230
229 362
229 392
229 429
229 445
230 123
230 224
230 225
230 226
230 229
230 371
231 237
231 238
231 242
231 244
231 250
231 358
232 233
232 245
232 275
232 323
232 414
232 497
233 177
233 232
233 239
233 245
233 307
233 346
234 30
234 35
234 36
234 219
234 369
234 467
235 243
235 245
235 392
235 407
235 445
235 485
236 115
236 241
236 344
236 346
236 353
236 498
237 63
237 231
237 242
237 244
237 344
237 497
238 119
238 231
238 242
238 244
238 417
238 499
239 19
239 233
239 243
239 245
239 284
239 373
240 185
240 337
240 388
240 430
240 437
240 478
241 236
241 247
241 371
241 403
241 473
241 498
242 231
242 237
242 238
242 248
242 270
242 475
243 62
243 199
243 235
243 239
243 316
243 488
244 190
244 231
244 237
244 238
244 248
244 475
245 2
245 164
245 232
245 233
245 235
245 239
246 114
246 134
246 141
246 276
246 381
246 488
247 114
247 241
247 371
247 395
247 412
247 490
248 221
248 242
248 244
248 257
248 260
248 461
249 78
249 214
249 251
249 297
249 444
249 496
250 221
250 231
250 302
250 309
250 358
250 401
251 62
251 214
251 249
251 281
251 293
251 489
252 45
252 210
252 253
252 254
252 302
252 351
253 214
253 252
253 254
253 419
253 455
253 462
254 45
254 151
254 191
254 252
254 253
254 490
255 61
255 197
255 300
255 308
255 325
255 413
256 48
256 64
256 122
256 258
256 436
256 447
257 158
257 248
257 260
257 266
257 268
257 444
258 69
258 122
258 256
258 259
258 338
258 500
259 41
259 122
259 258
259 261
259 470
259 497
260 248
260 257
260 266
260 268
260 292
260 489
261 130
261 157
261 259
261 321
261 329
261 492
262 330
262 341
262 426
262 442
262 443
262 457
263 15
263 184
263 194
263 224
263 264
263 430
264 194
264 263
264 321
264 414
264 429
265 194
265 209
265 223
265 267
265 352
265 500
266 257
266 260
266 268
266 274
266 425
266 460
267 66
267 223
267 265
267 303
267 380
267 459
268 204
268 257
268 260
268 266
268 274
268 476
269 46
269 85
269 87
269 88
269 425
269 460
270 49
270 242
270 273
270 389
270 436
270 464
271 121
271 206
271 272
271 275
271 313
271 420
272 140
272 271
272 275
272 312
272 398
272 493
273 270
273 275
273 312
273 386
273 439
273 486
274 266
274 268
274 281
274 285
274 433
274 479
275 149
275 232
275 271
275 272
275 273
275 497
276 99
276 246
276 277
276 381
276 430
276 488
277 99
277 276
277 278
277 339
277 422
277 494
278 97
278 203
278 277
278 312
278 313
278 438
279 39
279 68
279 69
279 280
279 487
279 496
280 69
280 81
280 279
280 313
280 441
280 478
281 251
281 274
281 285
281 413
281 484
281 495
282 8
282 31
282 69
282 168
282 175
282 182
283 22
283 31
283 172
283 197
283 469
283 499
284 10
284 11
284 16
284 17
284 83
284 135
284 239
285 195
285 274
285 281
285 413
285 422
285 467
285 468
286 42
286 111
286 299
286 398
286 484
286 489
286 497
287 288
287 291
287 412
287 418
287 470
287 484
287 497
288 287
288 364
288 421
288 425
288 448
288 460
288 484
289 149
289 151
289 154
289 435
289 474
290 91
290 374
290 396
290 419
290 442
290 454
290 467
291 12
291 287
291 393
291 394
291 421
291 474
291 484
292 82
292 116
292 260
292 346
292 353
292 484
292 489
293 227
293 251
293 364
293 413
293 421
293 482
293 489
294 295
294 297
294 298
294 347
294 425
294 448
294 460
295 294
295 297
295 335
295 433
295 464
295 479
295 484
296 6
296 21
296 162
296 192
296 206
296 304
296 443
297 78
297 249
297 294
297 295
297 298
297 347
297 444
298 294
298 297
298 305
298 347
298 404
298 433
298 479
299 53
299 110
299 111
299 179
299 286
299 319
299 344
300 2
300 18
300 255
300 308
300 385
300 427
300 473
301 305
301 347
301 401
301 411
301 437
301 452
301 481
302 174
302 250
302 252
302 309
302 317
302 351
302 493
303 222
303 223
303 267
303 312
303 481
303 491
303 493
304 23
304 296
304 336
304 351
304 380
304 459
304 500
305 154
305 298
305 301
305 307
305 426
305 437
305 452
306 319
306 322
306 381
306 395
306 442
306 443
306 459
307 233
307 305
307 354
307 423
307 437
307 452
307 459
308 255
308 300
308 395
308 432
308 442
308 443
309 27
309 174
309 221
309 250
309 302
309 485
309 493
310 10
310 100
310 102
310 103
310 104
310 137
310 461
311 1
311 339
311 389
311 409
311 453
311 455
311 476
312 49
312 203
312 272
312 273
312 278
312 303
312 438
313 68
313 97
313 162
313 206
313 271
313 278
313 280
314 82
314 224
314 315
314 316
314 320
314 354
314 430
315 165
315 314
315 316
315 320
315 471
315 500
316 198
316 199
316 243
316 314
316 315
316 320
316 437
317 200
317 203
317 205
317 206
317 210
317 302
317 351
318 103
318 132
318 180
318 183
318 187
318 396
318 441
319 145
319 299
319 306
319 322
319 381
319 396
319 494
320 89
320 314
320 315
320 316
320 324
320 354
320 424
321 15
321 40
321 41
321 219
321 261
321 264
321 369
322 104
322 306
322 319
322 324
322 363
322 472
322 473
323 189
323 190
323 191
323 204
323 232
323 378
323 497
324 80
324 320
324 322
324 326
324 363
324 381
324 424
325 36
325 37
325 39
325 255
325 374
325 379
325 413
326 29
326 324
326 327
326 329
326 381
326 466
326 483
327 62
327 326
327 329
327 332
327 363
327 383
327 405
328 4
328 5
328 17
328 374
328 447
328 463
328 478
329 157
329 224
329 261
329 326
329 327
329 332
329 481
330 262
330 340
330 375
330 382
330 384
330 390
330 426
331 102
331 180
331 334
331 335
331 336
331 368
331 379
332 327
332 329
332 333
332 348
332 363
332 468
332 494
333 332
333 334
333 336
333 401
333 480
333 481
333 499
334 331
334 333
334 335
334 336
334 395
334 442
334 443
335 200
335 205
335 295
335 331
335 334
335 336
335 367
336 169
336 304
336 331
336 333
336 334
336 335
336 459
337 43
337 100
337 240
337 360
337 361
337 392
337 430
337 471
338 218
338 258
338 350
338 352
338 366
338 378
338 383
338 388
339 277
339 311
339 349
339 409
339 422
339 453
339 455
339 468
340 66
340 126
340 171
340 176
340 177
340 179
340 330
340 397
341 94
341 262
341 374
341 422
341 437
341 447
341 472
341 500
342 141
342 179
342 343
342 349
342 352
342 355
342 396
342 455
343 342
343 349
343 352
343 355
343 388
343 409
343 458
343 465
344 36
344 63
344 115
344 124
344 236
344 237
344 299
344 353
345 72
345 150
345 377
345 382
345 384
345 404
345 436
345 475
346 117
346 177
346 233
346 236
346 292
346 353
346 380
346 415
347 109
347 154
347 294
347 297
347 298
347 301
347 473
347 479
348 96
348 332
348 373
348 433
348 439
348 462
348 467
348 494
349 134
349 339
349 342
349 343
349 352
349 355
349 420
349 498
350 53
350 141
350 173
350 179
350 338
350 421
350 425
350 436
351 23
351 24
351 25
351 210
351 252
351 302
351 304
351 317
352 265
352 338
352 342
352 343
352 349
352 355
352 356
352 366
353 8
353 25
353 236
353 292
353 344
353 346
353 374
353 476
354 200
354 205
354 307
354 314
354 320
354 437
354 452
354 479
355 183
355 342
355 343
355 349
355 352
355 356
355 363
355 466
356 352
356 355
356 359
356 361
356 362
356 419
356 455
356 462
357 134
357 407
357 408
357 421
357 431
357 443
357 463
357 498
358 231
358 250
358 359
358 361
358 362
358 365
358 423
358 453
359 356
359 358
359 361
359 362
359 365
359 420
359 421
359 498
360 111
360 113
360 203
360 337
360 392
360 414
360 434
360 483
361 165
361 337
361 356
361 358
361 359
361 362
361 365
361 471
362 229
362 356
362 358
362 359
362 361
362 365
362 392
362 445
363 29
363 183
363 322
363 324
363 327
363 332
363 355
363 381
364 59
364 195
364 288
364 293
364 375
364 421
364 432
364 484
365 358
365 359
365 361
365 362
365 366
365 419
365 455
365 462
366 338
366 352
366 365
366 370
366 394
366 399
366 402
366 409
367 335
367 418
367 440
367 465
367 473
367 481
368 54
368 161
368 167
368 331
368 372
368 375
368 391
368 480
369 7
369 40
369 133
369 135
369 136
369 219
369 234
369 321
370 211
370 223
370 366
370 379
370 394
370 399
370 402
370 495
371 159
371 230
371 241
371 247
371 395
371 403
371 412
371 487
372 105
372 368
372 375
372 376
372 480
373 19
373 83
373 135
373 239
373 348
373 404
373 417
373 433
374 4
374 25
374 290
374 325
374 328
374 341
374 353
374 447
375 59
375 129
375 330
375 364
375 368
375 372
375 376
375 480
376 4
376 188
376 372
376 375
376 387
376 456
376 480
377 85
377 95
377 345
377 400
377 403
377 404
377 433
377 441
378 153
378 323
378 338
378 383
378 387
378 388
378 430
378 451
379 143
379 147
379 325
379 331
379 370
379 413
379 437
379 470
380 267
380 304
380 346
380 385
380 387
380 423
380 480
380 488
381 246
381 276
381 306
381 319
381 324
381 326
381 363
381 488
382 22
382 79
382 92
382 330
382 345
382 384
382 426
382 457
383 52
383 327
383 338
383 378
383 388
383 405
383 430
383 436
384 52
384 330
384 345
384 382
384 400
384 403
384 433
384 450
385 16
385 18
385 300
385 380
385 387
385 403
385 427
385 494
386 14
386 34
386 66
386 174
386 220
386 273
386 439
386 486
387 61
387 376
387 378
387 380
387 385
387 402
387 403
387 451
388 155
388 220
388 240
388 338
388 343
388 378
388 383
388 458
389 52
389 55
389 58
389 63
389 107
389 115
389 187
389 270
389 311
390 126
390 145
390 156
390 161
390 171
390 183
390 330
390 432
390 445
391 368
391 397
391 400
391 416
391 479
391 488
391 492
392 112
392 229
392 235
392 337
392 360
392 362
392 395
392 407
392 414
393 3
393 12
393 291
393 415
393 417
393 431
393 442
393 476
393 485
394 197
394 291
394 366
394 370
394 399
394 402
394 405
394 431
394 447
395 182
395 247
395 306
395 308
395 334
395 371
395 392
395 414
396 142
396 145
396 290
396 318
396 319
396 342
396 425
396 436
396 467
397 129
397 340
397 391
397 400
397 416
397 427
397 432
397 488
397 492
398 62
398 107
398 109
398 140
398 272
398 286
398 485
398 489
398 493
399 226
399 366
399 370
399 394
399 402
399 405
399 406
399 485
399 491
400 377
400 384
400 391
400 397
400 416
400 427
400 450
400 479
400 488
401 70
401 71
401 72
401 73
401 250
401 301
401 333
401 418
401 480
402 15
402 61
402 153
402 366
402 370
402 387
402 394
402 399
402 405
403 171
403 241
403 371
403 377
403 384
403 385
403 387
403 412
403 450
404 110
404 298
404 345
404 373
404 377
404 415
404 417
404 433
404 479
405 52
405 62
405 327
405 383
405 394
405 399
405 402
405 410
405 476
406 120
406 399
406 410
406 423
406 424
406 432
406 485
406 488
406 493
407 1
407 235
407 357
407 392
407 408
407 411
407 441
407 443
407 445
408 55
408 144
408 194
408 357
408 407
408 411
408 438
408 441
408 443
409 209
409 311
409 339
409 343
409 366
409 453
409 455
409 474
409 500
410 405
410 406
410 419
410 423
410 424
410 432
410 455
411 44
411 73
411 115
411 301
411 407
411 408
411 441
411 443
411 486
412 134
412 196
412 208
412 247
412 287
412 371
412 403
412 414
412 470
413 180
413 195
413 227
413 255
413 281
413 285
413 293
413 325
413 379
414 41
414 99
414 127
414 232
414 264
414 360
414 392
414 395
414 412
415 14
415 110
415 177
415 346
415 393
415 404
415 417
415 423
415 442
415 459
416 9
416 37
416 46
416 188
416 391
416 397
416 400
416 427
416 488
416 492
417 11
417 95
417 115
417 119
417 187
417 238
417 373
417 393
417 404
417 415
418 101
418 178
418 216
418 287
418 367
418 401
418 440
418 465
418 480
418 481
419 50
419 129
419 253
419 290
419 356
419 365
419 410
419 442
419 458
419 467
420 24
420 215
420 271
420 349
420 359
420 423
420 424
420 432
420 435
420 446
421 215
421 227
421 288
421 291
421 293
421 350
421 357
421 359
421 364
421 498
422 47
422 175
422 277
422 285
422 339
422 341
422 426
422 447
422 457
422 467
423 75
423 307
423 358
423 380
423 406
423 410
423 415
423 420
423 424
423 432
424 31
424 89
424 320
424 324
424 406
424 410
424 420
424 423
424 432
424 444
425 35
425 168
425 266
425 269
425 288
425 294
425 350
425 396
425 436
425 467
426 125
426 262
426 305
426 330
426 382
426 422
426 429
426 440
426 472
426 473
427 203
427 214
427 300
427 385
427 397
427 400
427 416
427 482
427 488
427 496
428 136
428 152
428 217
428 445
428 454
428 470
428 474
428 482
428 486
428 496
429 45
429 48
429 50
429 51
429 210
429 229
429 264
429 426
429 457
430 82
430 130
430 184
430 240
430 263
430 276
430 314
430 337
430 378
430 383
431 139
431 197
431 357
431 393
431 394
431 435
431 444
431 447
431 463
431 494
432 59
432 133
432 308
432 364
432 390
432 397
432 406
432 410
432 420
432 423
432 424
433 34
433 89
433 200
433 274
433 295
433 298
433 348
433 373
433 377
433 384
433 404
434 185
434 360
434 435
434 458
434 462
434 473
434 477
434 481
434 485
434 492
434 495
435 182
435 289
435 420
435 431
435 434
435 444
435 446
435 463
435 477
436 28
436 149
436 190
436 256
436 270
436 345
436 350
436 383
436 396
436 425
436 464
437 122
437 240
437 301
437 305
437 307
437 316
437 341
437 354
437 379
437 440
437 452
438 214
438 278
438 312
438 408
438 439
438 448
438 472
438 476
438 477
438 478
438 494
439 2
439 26
439 87
439 273
439 348
439 386
439 438
439 458
439 462
439 466
439 485
440 101
440 181
440 185
440 215
440 227
440 367
440 418
440 426
440 437
440 465
440 472
441 81
441 280
441 318
441 377
441 407
441 408
441 411
441 443
441 462
442 68
442 262
442 290
442 306
442 308
442 334
442 393
442 415
442 419
442 443
442 500
443 262
443 296
443 306
443 308
443 334
443 357
443 407
443 408
443 411
443 441
443 442
444 78
444 158
444 221
444 249
444 257
444 297
444 424
444 431
444 435
444 446
444 463
445 229
445 235
445 362
445 390
445 407
445 428
445 454
445 470
445 482
445 486
445 496
446 34
446 144
446 146
446 170
446 195
446 420
446 435
446 444
446 452
446 463
446 478
447 12
447 137
447 222
447 256
447 328
447 341
447 374
447 394
447 422
447 431
447 457
448 35
448 288
448 294
448 438
448 453
448 460
448 472
448 474
448 476
448 478
448 494
449 6
449 55
449 459
449 460
449 461
449 464
449 467
449 468
449 477
449 482
449 484
449 489
450 85
450 95
450 384
450 400
450 403
450 451
450 456
450 466
450 471
450 489
450 495
450 497
451 15
451 61
451 153
451 378
451 387
451 450
451 456
451 466
451 471
451 489
451 495
451 497
452 34
452 105
452 108
452 146
452 170
452 195
452 301
452 305
452 307
452 354
452 437
452 446
453 21
453 79
453 163
453 172
453 311
453 339
453 358
453 409
453 448
453 455
453 469
453 474
454 58
454 91
454 110
454 212
454 290
454 428
454 445
454 470
454 476
454 482
454 486
454 496
455 84
455 253
455 311
455 339
455 342
455 356
455 365
455 409
455 410
455 453
455 462
455 474
456 4
456 9
456 37
456 46
456 376
456 450
456 451
456 466
456 471
456 479
456 489
456 491
457 40
457 41
457 42
457 45
457 99
457 109
457 127
457 262
457 382
457 422
457 429
457 447
458 23
458 70
458 98
458 343
458 388
458 419
458 434
458 439
458 462
458 465
458 473
458 485
459 267
459 304
459 306
459 307
459 336
459 415
459 449
459 460
459 461
459 464
459 468
459 477
460 67
460 266
460 269
460 288
460 294
460 448
460 449
460 459
460 461
460 464
460 468
460 492
461 10
461 137
461 221
461 228
461 248
461 310
461 449
461 459
461 460
461 464
461 472
461 477
462 38
462 50
462 253
462 348
462 356
462 365
462 434
462 439
462 441
462 455
462 458
462 485
463 81
463 93
463 139
463 140
463 152
463 328
463 357
463 431
463 435
463 444
463 446
463 478
464 28
464 184
464 270
464 295
464 436
464 449
464 459
464 460
464 461
464 468
464 475
464 477
465 23
465 70
465 98
465 155
465 157
465 343
465 367
465 418
465 440
465 458
465 472
465 473
465 481
466 76
466 183
466 326
466 355
466 439
466 450
466 451
466 456
466 471
466 479
466 483
466 489
466 492
467 33
467 83
467 234
467 285
467 290
467 348
467 396
467 419
467 422
467 425
467 449
467 468
467 494
468 92
468 143
468 285
468 332
468 339
468 449
468 459
468 460
468 464
468 467
468 470
468 486
468 494
469 21
469 92
469 163
469 283
469 453
469 475
469 487
469 491
469 493
469 495
469 497
469 499
469 500
470 196
470 208
470 259
470 287
470 379
470 412
470 428
470 445
470 454
470 468
470 482
470 486
470 497
471 29
471 43
471 100
471 315
471 337
471 361
471 450
471 451
471 456
471 466
471 479
471 489
471 492
472 94
472 322
472 341
472 426
472 438
472 440
472 448
472 461
472 465
472 477
472 478
472 481
472 494
473 94
473 122
473 125
473 241
473 300
473 322
473 347
473 367
473 426
473 434
473 458
473 465
473 481
474 136
474 152
474 166
474 217
474 289
474 291
474 409
474 428
474 448
474 453
474 455
474 476
474 478
475 190
475 242
475 244
475 345
475 464
475 469
475 487
475 491
475 493
475 495
475 497
475 499
475 500
476 110
476 193
476 204
476 268
476 311
476 353
476 393
476 405
476 438
476 448
476 454
476 474
476 478
476 494
477 102
477 160
477 182
477 202
477 434
477 435
477 438
477 449
477 459
477 461
477 464
477 472
478 81
478 93
478 139
478 240
478 280
478 328
478 438
478 446
478 448
478 463
478 472
478 474
478 476
478 494
479 97
479 274
479 295
479 298
479 347
479 354
479 391
479 400
479 404
479 456
479 466
479 471
479 489
479 492
480 53
480 65
480 131
480 212
480 218
480 333
480 368
480 372
480 375
480 376
480 380
480 401
480 418
480 481
481 168
481 181
481 212
481 216
481 301
481 303
481 329
481 333
481 367
481 418
481 434
481 465
481 472
481 473
481 480
482 6
482 20
482 55
482 170
482 228
482 293
482 427
482 428
482 445
482 449
482 454
482 470
482 484
482 486
482 496
483 113
483 116
483 326
483 360
483 466
483 490
483 491
483 493
483 498
483 499
484 49
484 196
484 226
484 228
484 281
484 286
484 287
484 288
484 291
484 292
484 295
484 364
484 449
484 482
484 489
485 84
485 108
485 222
485 226
485 235
485 309
485 393
485 398
485 399
485 406
485 434
485 439
485 458
485 462
485 493
485 495
486 26
486 57
486 87
486 90
486 176
486 220
486 273
486 386
486 411
486 428
486 445
486 454
486 468
486 470
486 482
486 496
487 30
487 103
487 128
487 225
487 279
487 371
487 469
487 475
487 490
487 491
487 493
487 495
487 496
487 497
487 499
487 500
488 13
488 76
488 198
488 199
488 243
488 246
488 276
488 380
488 381
488 391
488 397
488 400
488 406
488 416
488 427
488 492
488 496
489 42
489 200
489 251
489 260
489 286
489 292
489 293
489 398
489 449
489 450
489 451
489 456
489 466
489 471
489 479
489 484
489 495
490 38
490 67
490 114
490 147
490 151
490 191
490 247
490 254
490 483
490 487
490 491
490 493
490 498
490 499
491 27
491 201
491 222
491 226
491 303
491 399
491 456
491 469
491 475
491 483
491 487
491 490
491 493
491 498
491 499
491 500
492 3
492 106
492 118
492 131
492 160
492 182
492 208
492 216
492 261
492 391
492 397
492 416
492 434
492 460
492 466
492 471
492 479
492 488
492 495
493 186
493 272
493 302
493 303
493 309
493 398
493 406
493 469
493 475
493 483
493 485
493 487
493 490
493 491
493 494
493 497
493 498
493 499
493 500
494 33
494 57
494 125
494 143
494 178
494 277
494 319
494 332
494 348
494 385
494 431
494 438
494 448
494 467
494 468
494 472
494 476
494 478
494 493
495 3
495 101
495 106
495 118
495 131
495 160
495 281
495 370
495 434
495 450
495 451
495 469
495 475
495 485
495 487
495 489
495 492
495 497
495 500
496 30
496 32
496 39
496 51
496 73
496 84
496 117
496 167
496 198
496 213
496 249
496 279
496 427
496 428
496 445
496 454
496 482
496 486
496 487
496 488
497 33
497 189
497 193
497 196
497 207
497 232
497 237
497 259
497 275
497 286
497 287
497 323
497 450
497 451
497 469
497 470
497 475
497 487
497 493
497 495
497 500
498 24
498 64
498 134
498 215
498 236
498 241
498 349
498 357
498 359
498 421
498 483
498 490
498 491
498 493
498 499
499 32
499 51
499 73
499 84
499 117
499 123
499 128
499 213
499 238
499 283
499 333
499 469
499 475
499 483
499 487
499 490
499 491
499 493
499 498
499 500
500 69
500 71
500 138
500 166
500 209
500 218
500 258
500 265
500 304
500 315
500 341
500 409
500 442
500 469
500 475
500 487
500 491
500 493
500 495
500 497
500 499
