1 2
1 49
1 132
1 429
1 470
2 1
2 49
2 397
2 454
2 480
3 174
3 228
3 248
3 345
3 386
4 84
4 129
4 223
4 315
4 323
5 8
5 50
5 256
5 461
5 476
6 27
6 41
6 42
6 217
6 229
7 11
7 24
7 280
7 299
7 437
8 5
8 50
8 171
8 217
8 465
9 185
9 237
9 238
9 370
9 413
10 12
10 13
10 18
10 75
10 472
11 7
11 24
11 95
11 437
11 443
12 10
12 18
12 50
12 449
12 498
13 10
13 18
13 308
13 494
13 496
14 68
14 69
14 70
14 71
14 491
15 82
15 83
15 273
15 325
15 477
16 22
16 23
16 24
16 26
16 483
17 38
17 80
17 141
17 247
17 416
18 10
18 12
18 13
18 66
18 475
19 28
19 30
19 163
19 280
19 304
20 97
20 207
20 262
20 337
20 495
21 22
21 23
21 29
21 187
21 464
22 16
22 21
22 23
22 29
22 477
23 16
23 21
23 22
23 25
23 67
24 7
24 11
24 16
24 25
24 321
25 23
25 24
25 29
25 31
25 369
26 16
26 173
26 370
26 380
26 470
27 6
27 44
27 201
27 216
27 395
28 19
28 30
28 80
28 384
28 468
29 21
29 22
29 25
29 31
29 456
30 19
30 28
30 80
30 248
30 269
31 25
31 29
31 32
31 34
31 87
32 31
32 33
32 34
32 275
32 488
33 32
33 34
33 275
33 466
33 494
34 31
34 32
34 33
34 275
34 456
35 37
35 39
35 43
35 360
35 479
36 87
36 154
36 286
36 294
36 428
37 35
37 39
37 170
37 360
37 437
38 17
38 40
38 73
38 445
38 468
39 35
39 37
39 264
39 275
39 360
40 38
40 41
40 80
40 359
40 487
41 6
41 40
41 193
41 391
41 420
42 6
42 97
42 201
42 336
42 433
43 35
43 46
43 201
43 277
43 461
44 27
44 46
44 147
44 216
44 484
45 98
45 104
45 137
45 262
45 410
46 43
46 44
46 47
46 64
46 436
47 46
47 48
47 51
47 88
47 293
48 47
48 51
48 279
48 305
48 437
49 1
49 2
49 139
49 178
49 248
50 5
50 8
50 12
50 120
50 228
51 47
51 48
51 218
51 499
51 500
52 53
52 65
52 352
52 360
52 428
53 52
53 65
53 268
53 352
53 468
54 185
54 213
54 395
54 473
54 497
55 261
55 399
55 421
55 462
55 468
56 57
56 313
56 337
56 428
56 495
57 56
57 58
57 69
57 145
57 148
58 57
58 119
58 145
58 158
58 204
59 91
59 93
59 205
59 292
59 411
60 64
60 204
60 355
60 445
60 481
61 98
61 121
61 123
61 135
61 251
62 206
62 209
62 289
62 451
62 477
63 232
63 287
63 290
63 341
63 433
64 46
64 60
64 204
64 242
64 430
65 52
65 53
65 76
65 352
65 483
66 18
66 67
66 69
66 71
66 260
67 23
67 66
67 69
67 281
67 490
68 14
68 70
68 72
68 122
68 295
69 14
69 57
69 66
69 67
69 72
70 14
70 68
70 72
70 253
70 260
71 14
71 66
71 72
71 438
71 455
72 68
72 69
72 70
72 71
72 234
73 38
73 74
73 76
73 352
73 407
74 73
74 76
74 83
74 393
74 424
75 10
75 78
75 290
75 463
75 472
76 65
76 73
76 74
76 92
76 393
77 79
77 81
77 306
77 325
77 349
78 75
78 96
78 200
78 428
78 487
79 77
79 81
79 306
79 393
79 419
80 17
80 28
80 30
80 40
80 341
81 77
81 79
81 82
81 325
81 452
82 15
82 81
82 325
82 448
82 491
83 15
83 74
83 265
83 273
83 479
84 4
84 131
84 223
84 315
84 482
85 91
85 419
85 428
85 446
85 452
86 207
86 417
86 440
86 450
86 488
87 31
87 36
87 232
87 328
87 452
88 47
88 96
88 192
88 207
88 485
89 99
89 213
89 417
89 457
89 468
90 192
90 294
90 329
90 361
90 468
91 59
91 85
91 273
91 350
91 428
92 76
92 101
92 106
92 428
92 440
93 59
93 169
93 205
93 307
93 430
94 101
94 106
94 265
94 394
94 477
95 11
95 163
95 165
95 167
95 168
96 78
96 88
96 189
96 207
96 409
97 20
97 42
97 262
97 443
97 446
98 45
98 61
98 104
98 262
98 396
99 89
99 213
99 417
99 480
99 500
100 265
100 273
100 420
100 428
100 482
101 92
101 94
101 106
101 108
101 485
102 104
102 105
102 107
102 367
102 443
103 141
103 151
103 160
103 162
103 369
104 45
104 98
104 102
104 107
104 235
105 102
105 107
105 243
105 276
105 366
106 92
106 94
106 101
106 108
106 138
107 102
107 104
107 105
107 127
107 133
108 101
108 106
108 111
108 149
108 492
109 111
109 112
109 310
109 457
109 471
110 116
110 117
110 119
110 153
110 352
111 108
111 109
111 112
111 259
111 433
112 109
112 111
112 310
112 336
112 355
113 115
113 120
113 168
113 310
113 336
114 227
114 229
114 236
114 338
115 113
115 120
115 124
115 220
115 336
116 110
116 117
116 119
116 124
116 487
117 110
117 116
117 119
117 222
117 345
118 162
118 164
118 311
118 358
118 377
119 58
119 110
119 116
119 117
119 442
120 50
120 113
120 115
120 278
120 310
121 61
121 365
121 467
121 471
121 486
122 68
122 123
122 130
122 221
122 294
123 61
123 122
123 130
123 347
123 473
124 115
124 116
124 127
124 278
124 336
125 127
125 129
125 131
125 223
125 278
126 256
126 259
126 266
126 311
126 474
127 107
127 124
127 125
127 129
127 278
128 153
128 175
128 232
128 282
128 406
129 4
129 125
129 127
129 223
129 304
130 122
130 123
130 135
130 139
130 389
131 84
131 125
131 133
131 315
131 366
132 1
132 155
132 180
132 221
132 280
133 107
133 131
133 134
133 137
133 366
134 133
134 137
134 315
134 381
134 443
135 61
135 130
135 139
135 146
135 361
136 137
136 138
136 156
136 418
136 434
137 45
137 133
137 134
137 136
137 366
138 106
138 136
138 140
138 144
138 149
139 49
139 130
139 135
139 143
139 176
140 138
140 144
140 149
140 202
140 497
141 17
141 103
141 149
141 151
141 162
142 148
142 303
142 434
142 470
142 495
143 139
143 148
143 199
143 262
143 359
144 138
144 140
144 149
144 457
144 485
145 57
145 58
145 157
145 204
145 337
146 135
146 147
146 150
146 288
146 328
147 44
147 146
147 150
147 329
147 484
148 57
148 142
148 143
148 150
148 455
149 108
149 138
149 140
149 141
149 144
150 146
150 147
150 148
150 454
150 456
151 103
151 141
151 162
151 414
151 474
152 159
152 160
152 166
152 331
152 357
153 110
153 128
153 157
153 418
153 479
154 36
154 286
154 294
154 298
154 328
155 132
155 200
155 203
155 210
155 396
156 136
156 279
156 323
156 381
156 434
156 450
157 145
157 153
157 175
157 296
157 341
158 58
158 161
158 164
158 186
158 435
159 152
159 160
159 166
159 435
159 495
160 103
160 152
160 159
160 166
160 181
161 158
161 164
161 380
161 392
161 437
162 103
162 118
162 141
162 151
162 166
163 19
163 95
163 165
163 167
163 389
164 118
164 158
164 161
164 470
164 475
165 95
165 163
165 167
165 360
165 432
166 152
166 159
166 160
166 162
166 271
167 95
167 163
167 165
167 189
167 492
168 95
168 113
168 170
168 174
168 457
169 93
169 247
169 280
169 303
169 322
169 490
170 37
170 168
170 172
170 174
170 284
170 458
171 8
171 176
171 177
171 266
171 284
171 436
172 170
172 174
172 284
172 445
172 493
172 496
173 26
173 202
173 239
173 244
173 380
173 477
174 3
174 168
174 170
174 172
174 284
174 322
175 128
175 157
175 286
175 297
175 372
175 478
176 139
176 171
176 177
176 197
176 312
176 423
177 171
177 176
177 197
177 312
177 328
177 492
178 49
178 231
178 248
178 453
178 463
178 479
179 182
179 183
179 208
179 284
179 324
179 330
180 132
180 221
180 231
180 280
180 303
180 428
181 160
181 191
181 314
181 319
181 416
181 481
182 179
182 183
182 208
182 287
182 414
182 485
183 179
183 182
183 197
183 208
183 402
183 500
184 186
184 187
184 188
184 312
184 493
184 496
185 9
185 54
185 234
185 242
185 313
185 492
186 158
186 184
186 187
186 208
186 376
186 405
187 21
187 184
187 186
187 188
187 360
187 375
188 184
188 187
188 275
188 375
188 455
188 478
189 96
189 167
189 194
189 199
189 210
189 406
190 213
190 215
190 220
190 222
190 431
190 459
191 181
191 308
191 314
191 319
191 376
191 429
192 88
192 90
192 198
192 225
192 329
192 371
193 41
193 205
193 247
193 347
193 465
193 500
194 189
194 199
194 210
194 300
194 375
194 432
195 273
195 351
195 353
195 369
195 405
195 407
196 216
196 292
196 307
196 405
196 450
196 476
197 176
197 177
197 183
197 208
197 312
197 485
198 192
198 290
198 333
198 361
198 453
198 467
199 143
199 189
199 194
199 210
199 343
199 375
200 78
200 155
200 203
200 209
200 210
200 487
201 27
201 42
201 43
201 216
201 419
201 427
202 140
202 173
202 244
202 246
202 249
202 380
203 155
203 200
203 209
203 335
203 361
203 487
204 58
204 60
204 64
204 145
204 227
204 452
205 59
205 93
205 193
205 230
205 456
205 493
206 62
206 211
206 289
206 421
206 437
206 468
207 20
207 86
207 88
207 96
207 299
207 491
208 179
208 182
208 183
208 186
208 197
208 312
209 62
209 200
209 203
209 211
209 238
209 474
210 155
210 189
210 194
210 199
210 200
210 370
211 206
211 209
211 217
211 235
211 289
211 447
212 217
212 218
212 257
212 289
212 405
212 442
213 54
213 89
213 99
213 190
213 215
213 417
214 345
214 346
214 356
214 365
214 367
214 382
215 190
215 213
215 220
215 222
215 245
215 448
216 27
216 44
216 196
216 201
216 252
216 315
217 6
217 8
217 211
217 212
217 257
217 289
218 51
218 212
218 257
218 414
218 464
218 499
219 224
219 226
219 257
219 301
219 317
219 378
220 115
220 190
220 215
220 222
220 245
220 432
221 122
221 132
221 180
221 233
221 303
221 421
222 117
222 190
222 215
222 220
222 245
222 417
223 4
223 84
223 125
223 129
223 241
223 278
224 219
224 226
224 277
224 317
224 423
224 438
225 192
225 233
225 235
225 236
225 238
225 318
226 219
226 224
226 281
226 454
226 455
226 459
227 114
227 204
227 229
227 338
227 452
227 492
228 3
228 50
228 231
228 425
228 495
229 6
229 114
229 227
229 352
229 353
229 436
230 205
230 271
230 391
230 401
230 421
230 429
231 178
231 180
231 228
231 248
231 448
231 465
232 63
232 87
232 128
232 328
232 488
232 498
233 221
233 225
233 235
233 317
233 338
233 368
234 72
234 185
234 242
234 375
234 377
234 388
235 104
235 211
235 225
235 233
235 236
235 318
236 114
236 225
236 235
236 318
236 341
236 363
237 9
237 238
237 318
237 370
237 417
237 488
238 9
238 209
238 225
238 237
238 312
238 370
239 173
239 244
239 351
239 370
239 380
239 427
240 321
240 358
240 364
240 365
240 379
240 496
241 223
241 243
241 249
241 383
241 391
241 500
242 64
242 185
242 234
242 333
242 462
242 490
243 105
243 241
243 246
243 249
243 342
243 457
244 173
244 202
244 239
244 380
244 404
244 464
245 215
245 220
245 222
245 251
245 254
245 463
246 202
246 243
246 249
246 393
246 482
246 485
247 17
247 169
247 193
247 322
247 463
247 497
248 3
248 30
248 49
248 178
248 231
248 259
249 202
249 241
249 243
249 246
249 288
249 302
250 334
250 342
250 388
250 391
250 397
250 425
251 61
251 245
251 254
251 255
251 427
251 472
252 216
252 256
252 259
252 292
252 418
252 430
253 70
253 324
253 326
253 332
253 345
253 346
254 245
254 251
254 255
254 258
254 387
254 465
255 251
255 254
255 258
255 270
255 346
255 457
256 5
256 126
256 252
256 259
256 311
256 413
257 212
257 217
257 218
257 219
257 277
257 356
258 254
258 255
258 263
258 268
258 270
258 319
259 111
259 126
259 248
259 252
259 256
259 311
260 66
260 70
260 264
260 266
260 335
260 477
261 55
261 300
261 359
261 362
261 372
261 399
261 495
262 20
262 45
262 97
262 98
262 143
262 343
263 258
263 268
263 270
263 272
263 431
263 459
264 39
264 260
264 335
264 370
264 397
264 499
265 83
265 94
265 100
265 273
265 428
265 496
266 126
266 171
266 260
266 311
266 353
266 450
267 305
267 308
267 314
267 348
267 415
267 429
267 439
268 53
268 258
268 263
268 270
268 272
268 357
268 461
269 30
269 320
269 324
269 326
269 327
269 382
269 416
270 255
270 258
270 263
270 268
270 272
270 408
270 480
271 166
271 230
271 342
271 388
271 421
271 462
271 499
272 263
272 268
272 270
272 282
272 283
272 426
272 490
273 15
273 83
273 91
273 100
273 195
273 265
273 446
274 282
274 283
274 285
274 325
274 447
274 472
274 498
275 32
275 33
275 34
275 39
275 188
275 360
275 455
276 105
276 279
276 299
276 350
276 371
276 450
276 471
277 43
277 224
277 257
277 306
277 317
277 388
277 462
278 120
278 124
278 125
278 127
278 223
278 314
278 491
279 48
279 156
279 276
279 281
279 323
279 381
279 467
280 7
280 19
280 132
280 169
280 180
280 471
280 494
281 67
281 226
281 279
281 309
281 401
281 415
281 434
282 128
282 272
282 274
282 283
282 285
282 449
282 465
283 272
283 274
283 282
283 285
283 291
283 384
283 440
284 170
284 171
284 172
284 174
284 179
284 312
284 474
285 274
285 282
285 283
285 288
285 291
285 371
285 400
286 36
286 154
286 175
286 294
286 307
286 421
286 463
287 63
287 182
287 293
287 335
287 346
287 403
287 482
288 146
288 249
288 285
288 291
288 293
288 297
288 495
289 62
289 206
289 211
289 212
289 217
289 309
289 327
290 63
290 75
290 198
290 313
290 338
290 397
290 406
291 283
291 285
291 288
291 293
291 373
291 462
291 487
292 59
292 196
292 252
292 307
292 415
292 434
292 479
293 47
293 287
293 288
293 291
293 295
293 296
293 297
294 36
294 90
294 122
294 154
294 286
294 307
294 398
295 68
295 293
295 296
295 297
295 298
295 316
295 473
296 157
296 293
296 295
296 297
296 298
296 301
296 377
297 175
297 288
297 293
297 295
297 296
297 298
297 478
298 154
298 295
298 296
298 297
298 301
298 302
298 358
299 7
299 207
299 276
299 350
299 437
299 450
299 491
300 194
300 261
300 334
300 372
300 377
300 432
300 477
301 219
301 296
301 298
301 302
301 305
301 393
301 429
302 249
302 298
302 301
302 305
302 348
302 429
302 464
303 142
303 169
303 180
303 221
303 322
303 475
303 489
304 19
304 129
304 351
304 384
304 415
304 418
304 434
305 48
305 267
305 301
305 302
305 348
305 429
305 467
306 77
306 79
306 277
306 325
306 369
306 393
306 500
307 93
307 196
307 286
307 292
307 294
307 423
307 491
308 13
308 191
308 267
308 309
308 314
308 348
308 490
309 281
309 289
309 308
309 323
309 381
309 415
309 434
310 109
310 112
310 113
310 120
310 316
310 348
310 459
311 118
311 126
311 256
311 259
311 266
311 332
311 469
312 176
312 177
312 184
312 197
312 208
312 238
312 284
313 56
313 185
313 290
313 333
313 449
313 464
313 492
314 181
314 191
314 267
314 278
314 308
314 348
314 491
315 4
315 84
315 131
315 134
315 216
315 366
315 479
316 295
316 310
316 356
316 367
316 382
316 403
316 486
317 219
317 224
317 233
317 277
317 362
317 481
317 490
318 225
318 235
318 236
318 237
318 338
318 339
318 386
319 181
319 191
319 258
319 320
319 327
319 385
319 416
320 269
320 319
320 327
320 363
320 416
320 435
320 497
321 24
321 240
321 334
321 364
321 377
321 442
321 456
322 169
322 174
322 247
322 303
322 345
322 450
322 487
323 4
323 156
323 279
323 309
323 381
323 415
323 425
324 179
324 253
324 269
324 326
324 332
324 411
324 495
325 15
325 77
325 81
325 82
325 274
325 306
325 472
326 253
326 269
326 324
326 332
326 416
326 484
326 489
327 269
327 289
327 319
327 320
327 332
327 399
327 416
328 87
328 146
328 154
328 177
328 232
328 341
328 492
329 90
329 147
329 192
329 331
329 333
329 449
329 481
330 179
330 339
330 365
330 367
330 378
330 382
330 403
331 152
331 329
331 344
331 371
331 398
331 401
331 478
332 253
332 311
332 324
332 326
332 327
332 345
332 358
333 198
333 242
333 313
333 329
333 361
333 481
333 494
334 250
334 300
334 321
334 359
334 372
334 487
334 492
335 203
335 260
335 264
335 287
335 341
335 451
335 466
336 42
336 112
336 113
336 115
336 124
336 362
336 396
336 472
337 20
337 56
337 145
337 347
337 362
337 395
337 399
337 426
338 114
338 227
338 233
338 290
338 318
338 383
338 486
338 491
339 318
339 330
339 355
339 358
339 367
339 386
339 401
339 403
340 349
340 354
340 363
340 422
340 459
340 475
340 482
340 485
341 63
341 80
341 157
341 236
341 328
341 335
341 435
341 491
342 243
342 250
342 271
342 391
342 397
342 425
342 429
342 475
343 199
343 262
343 368
343 378
343 413
343 424
343 435
343 463
344 331
344 371
344 390
344 398
344 401
344 423
344 462
344 466
345 3
345 117
345 214
345 253
345 322
345 332
345 346
345 394
346 214
346 253
346 255
346 287
346 345
346 355
346 356
346 469
347 123
347 193
347 337
347 362
347 395
347 399
347 423
347 473
348 267
348 302
348 305
348 308
348 310
348 314
348 429
348 460
349 77
349 340
349 354
349 363
349 408
349 422
349 468
349 469
350 91
350 276
350 299
350 437
350 450
350 470
350 475
350 497
351 195
351 239
351 304
351 357
351 407
351 414
351 419
351 454
352 52
352 53
352 65
352 73
352 110
352 229
352 450
352 451
353 195
353 229
353 266
353 361
353 369
353 405
353 407
353 418
354 340
354 349
354 363
354 373
354 408
354 439
354 468
354 481
355 60
355 112
355 339
355 346
355 365
355 374
355 379
355 403
356 214
356 257
356 316
356 346
356 367
356 382
356 403
356 498
357 152
357 268
357 351
357 376
357 389
357 407
357 414
357 435
358 118
358 240
358 298
358 332
358 339
358 365
358 379
358 448
359 40
359 143
359 261
359 334
359 362
359 364
359 372
359 479
360 35
360 37
360 39
360 52
360 165
360 187
360 275
360 406
361 90
361 135
361 198
361 203
361 333
361 353
361 375
361 478
362 261
362 317
362 336
362 337
362 347
362 359
362 395
362 500
363 236
363 320
363 340
363 349
363 354
363 373
363 408
363 468
364 240
364 321
364 359
364 377
364 412
364 430
364 436
364 482
365 121
365 214
365 240
365 330
365 355
365 358
365 379
365 471
366 105
366 131
366 133
366 137
366 315
366 416
366 437
366 497
367 102
367 214
367 316
367 330
367 339
367 356
367 382
367 443
368 233
368 343
368 383
368 413
368 418
368 424
368 433
368 484
369 25
369 103
369 195
369 306
369 353
369 405
369 418
369 485
370 9
370 26
370 210
370 237
370 238
370 239
370 264
370 465
371 192
371 276
371 285
371 331
371 344
371 398
371 423
371 447
372 175
372 261
372 300
372 334
372 359
372 377
372 412
372 458
373 291
373 354
373 363
373 374
373 408
373 462
373 466
373 468
374 355
374 373
374 408
374 409
374 420
374 450
374 468
374 477
375 187
375 188
375 194
375 199
375 234
375 361
375 460
375 466
376 186
376 191
376 357
376 389
376 396
376 406
376 414
376 480
377 118
377 234
377 296
377 300
377 321
377 364
377 372
377 379
378 219
378 330
378 343
378 410
378 433
378 435
378 436
378 440
379 240
379 355
379 358
379 365
379 377
379 484
379 489
379 497
380 26
380 161
380 173
380 202
380 239
380 244
380 461
380 469
381 134
381 156
381 279
381 309
381 323
381 384
381 410
381 440
382 214
382 269
382 316
382 330
382 356
382 367
382 409
382 434
382 481
383 241
383 338
383 368
383 386
383 411
383 413
383 424
383 463
383 486
384 28
384 283
384 304
384 381
384 405
384 407
384 415
384 418
384 434
385 319
385 390
385 448
385 466
385 470
385 472
385 473
385 476
385 492
386 3
386 318
386 339
386 383
386 392
386 409
386 411
386 420
386 477
387 254
387 394
387 398
387 404
387 426
387 430
387 444
387 446
387 457
388 234
388 250
388 271
388 277
388 397
388 430
388 462
388 489
388 497
389 130
389 163
389 357
389 376
389 396
389 406
389 414
389 464
389 498
390 344
390 385
390 400
390 402
390 454
390 465
390 466
390 473
390 476
391 41
391 230
391 241
391 250
391 342
391 397
391 420
391 425
391 477
392 161
392 386
392 409
392 416
392 420
392 422
392 444
392 477
392 498
393 74
393 76
393 79
393 246
393 301
393 306
393 400
393 478
393 489
394 94
394 345
394 387
394 417
394 426
394 430
394 446
394 457
394 498
395 27
395 54
395 337
395 347
395 362
395 399
395 423
395 434
395 483
396 98
396 155
396 336
396 376
396 389
396 406
396 425
396 455
396 476
397 2
397 250
397 264
397 290
397 342
397 388
397 391
397 425
397 454
398 294
398 331
398 344
398 371
398 387
398 401
398 484
398 489
398 497
399 55
399 261
399 327
399 337
399 347
399 395
399 403
399 423
399 492
400 285
400 390
400 393
400 402
400 412
400 438
400 452
400 454
400 476
401 230
401 281
401 331
401 339
401 344
401 398
401 421
401 462
401 490
402 183
402 390
402 400
402 412
402 438
402 452
402 454
402 476
402 488
403 287
403 316
403 330
403 339
403 355
403 356
403 399
403 464
403 492
404 244
404 387
404 406
404 410
404 419
404 430
404 446
404 482
404 498
405 186
405 195
405 196
405 212
405 353
405 369
405 384
405 462
405 463
406 128
406 189
406 290
406 360
406 376
406 389
406 396
406 404
406 446
407 73
407 195
407 351
407 353
407 357
407 384
407 414
407 422
407 497
408 270
408 349
408 354
408 363
408 373
408 374
408 468
408 477
408 494
409 96
409 374
409 382
409 386
409 392
409 420
409 477
409 483
409 495
410 45
410 378
410 381
410 404
410 419
410 424
410 435
410 436
410 440
411 59
411 324
411 383
411 386
411 413
411 420
411 457
411 463
411 477
411 478
412 364
412 372
412 400
412 402
412 438
412 452
412 454
412 458
412 464
412 473
413 9
413 256
413 343
413 368
413 383
413 411
413 424
413 461
413 463
413 469
414 151
414 182
414 218
414 351
414 357
414 376
414 389
414 407
414 417
414 488
415 267
415 281
415 292
415 304
415 309
415 323
415 384
415 418
415 439
415 481
416 17
416 181
416 269
416 319
416 320
416 326
416 327
416 366
416 392
416 444
417 86
417 89
417 99
417 213
417 222
417 237
417 394
417 414
417 426
417 457
418 136
418 153
418 252
418 304
418 353
418 368
418 369
418 384
418 415
418 451
419 79
419 85
419 201
419 351
419 404
419 410
419 424
419 433
419 440
419 446
420 41
420 100
420 374
420 386
420 391
420 392
420 409
420 411
420 463
420 468
421 55
421 206
421 221
421 230
421 271
421 286
421 401
421 440
421 462
421 475
422 340
422 349
422 392
422 407
422 427
422 432
422 459
422 461
422 475
422 497
423 176
423 224
423 307
423 344
423 347
423 371
423 395
423 399
423 438
423 486
424 74
424 343
424 368
424 383
424 410
424 413
424 419
424 433
424 446
424 463
425 228
425 250
425 323
425 342
425 391
425 396
425 397
425 471
425 489
425 497
426 272
426 337
426 387
426 394
426 417
426 430
426 446
426 457
426 490
426 499
427 201
427 239
427 251
427 422
427 432
427 455
427 459
427 461
427 475
427 484
428 36
428 52
428 56
428 78
428 85
428 91
428 92
428 100
428 180
428 265
429 1
429 191
429 230
429 267
429 301
429 302
429 305
429 342
429 348
429 475
430 64
430 93
430 252
430 364
430 387
430 388
430 394
430 404
430 426
430 446
430 457
431 190
431 263
431 442
431 443
431 444
431 448
431 449
431 455
431 456
431 480
431 494
432 165
432 194
432 220
432 300
432 422
432 427
432 459
432 461
432 470
432 473
432 475
433 42
433 63
433 111
433 368
433 378
433 419
433 424
433 435
433 436
433 440
433 446
434 136
434 142
434 156
434 281
434 292
434 304
434 309
434 382
434 384
434 395
434 459
435 158
435 159
435 320
435 341
435 343
435 357
435 378
435 410
435 433
435 436
435 440
436 46
436 171
436 229
436 364
436 378
436 410
436 433
436 435
436 440
436 458
436 475
437 7
437 11
437 37
437 48
437 161
437 206
437 299
437 350
437 366
437 444
437 450
438 71
438 224
438 400
438 402
438 412
438 423
438 452
438 454
438 464
438 465
438 486
439 267
439 354
439 415
439 441
439 445
439 451
439 460
439 469
439 478
439 479
439 485
440 86
440 92
440 283
440 378
440 381
440 410
440 419
440 421
440 433
440 435
440 436
441 439
441 445
441 451
441 460
441 476
441 480
441 482
441 484
441 489
441 490
441 500
442 119
442 212
442 321
442 431
442 443
442 444
442 447
442 449
442 456
442 462
442 464
443 11
443 97
443 102
443 134
443 367
443 431
443 442
443 444
443 447
443 448
443 449
443 456
444 387
444 392
444 416
444 431
444 437
444 442
444 443
444 447
444 448
444 456
444 464
444 472
445 38
445 60
445 172
445 439
445 441
445 450
445 451
445 460
445 478
445 479
445 485
445 489
446 85
446 97
446 273
446 387
446 394
446 404
446 406
446 419
446 424
446 426
446 430
446 433
447 211
447 274
447 371
447 442
447 443
447 444
447 448
447 449
447 455
447 456
447 480
447 494
448 82
448 215
448 231
448 358
448 385
448 431
448 443
448 444
448 447
448 449
448 454
448 464
449 12
449 282
449 313
449 329
449 431
449 442
449 443
449 447
449 448
449 455
449 456
449 498
450 86
450 156
450 196
450 266
450 276
450 299
450 322
450 350
450 352
450 374
450 437
450 445
451 62
451 335
451 352
451 418
451 439
451 441
451 445
451 460
451 479
451 482
451 484
451 485
452 81
452 85
452 87
452 204
452 227
452 400
452 402
452 412
452 438
452 454
452 464
452 476
453 178
453 198
453 458
453 467
453 471
453 480
453 482
453 483
453 486
453 489
453 490
453 491
454 2
454 150
454 226
454 351
454 390
454 397
454 400
454 402
454 412
454 438
454 448
454 452
454 464
455 71
455 148
455 188
455 226
455 275
455 396
455 427
455 431
455 447
455 449
455 456
455 461
455 475
456 29
456 34
456 150
456 205
456 321
456 431
456 442
456 443
456 444
456 447
456 449
456 455
456 461
457 89
457 109
457 144
457 168
457 243
457 255
457 387
457 394
457 411
457 417
457 426
457 430
457 478
458 170
458 372
458 412
458 436
458 453
458 471
458 480
458 482
458 483
458 484
458 489
458 490
458 491
459 190
459 226
459 263
459 310
459 340
459 422
459 427
459 432
459 434
459 461
459 475
459 483
459 484
460 348
460 375
460 439
460 441
460 445
460 451
460 476
460 479
460 482
460 484
460 485
460 489
460 500
461 5
461 43
461 268
461 380
461 413
461 422
461 427
461 432
461 455
461 456
461 459
461 469
461 475
462 55
462 242
462 271
462 277
462 291
462 344
462 373
462 388
462 401
462 405
462 421
462 442
462 500
463 75
463 178
463 245
463 247
463 286
463 343
463 383
463 405
463 411
463 413
463 420
463 424
463 473
463 477
464 21
464 218
464 244
464 302
464 313
464 389
464 403
464 412
464 438
464 442
464 444
464 448
464 452
464 454
465 8
465 193
465 231
465 254
465 282
465 370
465 390
465 438
465 466
465 470
465 472
465 473
465 476
465 487
466 33
466 335
466 344
466 373
466 375
466 385
466 390
466 465
466 470
466 472
466 473
466 481
466 487
466 492
467 121
467 198
467 279
467 305
467 453
467 469
467 470
467 478
467 479
467 481
467 485
467 487
467 492
467 497
468 28
468 38
468 53
468 55
468 89
468 90
468 206
468 349
468 354
468 363
468 373
468 374
468 408
468 420
469 311
469 346
469 349
469 380
469 413
469 439
469 461
469 467
469 478
469 479
469 481
469 485
469 492
469 497
470 1
470 26
470 142
470 164
470 350
470 385
470 432
470 465
470 466
470 467
470 473
470 481
470 487
470 492
471 109
471 121
471 276
471 280
471 365
471 425
471 453
471 458
471 480
471 483
471 484
471 486
471 489
471 490
471 491
472 10
472 75
472 251
472 274
472 325
472 336
472 385
472 444
472 465
472 466
472 473
472 476
472 483
472 486
472 493
473 54
473 123
473 295
473 347
473 385
473 390
473 412
473 432
473 463
473 465
473 466
473 470
473 472
473 476
473 487
474 126
474 151
474 209
474 284
474 483
474 486
474 488
474 493
474 494
474 495
474 496
474 498
474 499
474 500
475 18
475 164
475 303
475 340
475 342
475 350
475 421
475 422
475 427
475 429
475 432
475 436
475 455
475 459
475 461
476 5
476 196
476 385
476 390
476 396
476 400
476 402
476 441
476 452
476 460
476 465
476 472
476 473
476 499
476 500
477 15
477 22
477 62
477 94
477 173
477 260
477 300
477 374
477 386
477 391
477 392
477 408
477 409
477 411
477 463
478 175
478 188
478 297
478 331
478 361
478 393
478 411
478 439
478 445
478 457
478 467
478 469
478 479
478 485
478 492
478 497
479 35
479 83
479 153
479 178
479 292
479 315
479 359
479 439
479 445
479 451
479 460
479 467
479 469
479 478
479 485
479 487
480 2
480 99
480 270
480 376
480 431
480 441
480 447
480 453
480 458
480 471
480 482
480 484
480 489
480 490
480 491
480 494
481 60
481 181
481 317
481 329
481 333
481 354
481 382
481 415
481 466
481 467
481 469
481 470
481 483
481 487
481 492
481 497
482 84
482 100
482 246
482 287
482 340
482 364
482 404
482 441
482 451
482 453
482 458
482 460
482 480
482 484
482 489
482 490
482 497
483 16
483 65
483 395
483 409
483 453
483 458
483 459
483 471
483 472
483 474
483 481
483 486
483 488
483 491
483 494
483 495
483 500
484 44
484 147
484 326
484 368
484 379
484 398
484 427
484 441
484 451
484 458
484 459
484 460
484 471
484 480
484 482
484 490
484 491
485 88
485 101
485 144
485 182
485 197
485 246
485 340
485 369
485 439
485 445
485 451
485 460
485 467
485 469
485 478
485 479
485 497
486 121
486 316
486 338
486 383
486 423
486 438
486 453
486 471
486 472
486 474
486 483
486 488
486 491
486 493
486 494
486 495
486 500
487 40
487 78
487 116
487 200
487 203
487 291
487 322
487 334
487 465
487 466
487 467
487 470
487 473
487 479
487 481
487 492
487 497
488 32
488 86
488 232
488 237
488 402
488 414
488 474
488 483
488 486
488 493
488 494
488 495
488 496
488 498
488 499
488 500
489 303
489 326
489 379
489 388
489 393
489 398
489 425
489 441
489 445
489 453
489 458
489 460
489 471
489 480
489 482
489 490
489 491
490 67
490 169
490 242
490 272
490 308
490 317
490 401
490 426
490 441
490 453
490 458
490 471
490 480
490 482
490 484
490 489
490 491
490 499
491 14
491 82
491 207
491 278
491 299
491 307
491 314
491 338
491 341
491 453
491 458
491 471
491 480
491 483
491 484
491 486
491 489
491 490
492 108
492 167
492 177
492 185
492 227
492 313
492 328
492 334
492 385
492 399
492 403
492 466
492 467
492 469
492 470
492 478
492 481
492 487
492 497
493 172
493 184
493 205
493 472
493 474
493 486
493 488
493 494
493 495
493 496
493 498
493 499
493 500
494 13
494 33
494 280
494 333
494 408
494 431
494 447
494 474
494 480
494 483
494 486
494 488
494 493
494 495
494 496
494 498
494 499
494 500
495 20
495 56
495 142
495 159
495 228
495 261
495 288
495 324
495 409
495 474
495 483
495 486
495 488
495 493
495 494
495 496
495 498
495 499
495 500
496 13
496 172
496 184
496 240
496 265
496 474
496 488
496 493
496 494
496 495
496 498
496 499
496 500
497 54
497 140
497 247
497 320
497 350
497 366
497 379
497 388
497 398
497 407
497 422
497 425
497 467
497 469
497 478
497 481
497 482
497 485
497 487
497 492
498 12
498 232
498 274
498 356
498 389
498 392
498 394
498 404
498 449
498 474
498 488
498 493
498 494
498 495
498 496
498 499
498 500
499 51
499 218
499 264
499 271
499 426
499 474
499 476
499 488
499 490
499 493
499 494
499 495
499 496
499 498
499 500
500 51
500 99
500 183
500 193
500 241
500 306
500 362
500 441
500 460
500 462
500 474
500 476
500 483
500 486
500 488
500 493
500 494
500 495
500 496
500 498
500 499
