1 31
2 19
3 45
4 9
5 26
6 11
7 8
8 3
9 18
10 46
11 16
12 30
13 4
14 27
15 22
16 31
17 30
18 49
19 44
20 11
21 35
22 12
23 30
24 34
25 17
26 34
27 3
28 3
29 33
30 2
31 13
32 37
33 40
34 9
35 41
36 36
37 22
38 18
39 18
40 22
41 30
42 2
43 42
44 14
45 32
46 42
47 21
48 31
49 33
50 41
51 44
52 46
53 42
54 27
55 49
56 8
57 37
58 23
59 23
60 24
61 46
62 30
63 8
64 31
65 27
66 24
67 29
68 8
69 46
70 22
71 25
72 25
73 25
74 43
75 6
76 48
77 6
78 46
79 43
80 29
81 26
82 47
83 36
84 28
85 17
86 22
87 2
88 41
89 10
90 12
91 41
92 37
93 12
94 17
95 33
96 46
97 48
98 31
99 14
100 8
101 8
102 27
103 5
104 20
105 2
106 14
107 49
108 4
109 17
110 8
111 2
112 34
113 30
114 7
115 46
116 42
117 34
118 34
119 49
120 34
121 20
122 11
123 6
124 24
125 38
126 22
127 31
128 20
129 24
130 24
131 35
132 41
133 45
134 2
135 46
136 10
137 17
138 41
139 21
140 41
141 17
142 48
143 30
144 38
145 22
146 47
147 9
148 46
149 18
150 30
151 27
152 22
153 36
154 27
155 18
156 13
157 29
158 40
159 44
160 29
161 12
162 17
163 21
164 22
165 19
166 25
167 36
168 6
169 35
170 22
171 40
172 24
173 27
174 39
175 22
176 48
177 15
178 46
179 36
180 22
181 7
182 32
183 30
184 36
185 27
186 48
187 30
188 45
189 25
190 17
191 43
192 17
193 46
194 31
195 19
196 6
197 1
198 43
199 45
200 8
201 2
202 46
203 43
204 39
205 7
206 19
207 1
208 40
209 2
210 27
211 36
212 39
213 13
214 32
215 41
216 1
217 42
218 29
219 2
220 18
221 28
222 34
223 16
224 37
225 37
226 46
227 41
228 1
229 47
230 25
231 11
232 7
233 31
234 24
235 44
236 35
237 14
238 36
239 24
240 32
241 36
242 33
243 41
244 36
245 46
246 43
247 22
248 43
249 44
250 8
251 17
252 9
253 17
254 37
255 1
256 1
257 20
258 10
259 20
260 35
261 46
262 40
263 42
264 37
265 36
266 39
267 30
268 3
269 31
270 35
271 4
272 40
273 21
274 45
275 41
276 29
277 32
278 9
279 43
280 17
281 3
282 11
283 38
284 39
285 17
286 12
287 22
288 43
289 45
290 27
291 31
292 39
293 46
294 45
295 25
296 10
297 34
298 24
299 6
300 5
301 9
302 43
303 13
304 39
305 41
306 43
307 8
308 17
309 17
310 17
311 9
312 30
313 15
314 44
315 43
316 28
317 17
318 15
319 23
320 43
321 17
322 31
323 27
324 37
325 47
326 1
327 22
328 27
329 49
330 8
331 30
332 43
333 3
334 12
335 5
336 41
337 46
338 15
339 46
340 48
341 25
342 25
343 46
344 12
345 9
346 16
347 27
348 26
349 16
350 9
351 35
352 34
353 42
354 36
355 11
356 43
357 42
358 44
359 39
360 22
361 2
362 5
363 46
364 27
365 34
366 36
367 39
368 49
369 8
370 32
371 43
372 23
373 26
374 11
375 14
376 30
377 27
378 43
379 38
380 41
381 11
382 1
383 48
384 49
385 13
386 28
387 21
388 43
389 18
390 22
391 2
392 39
393 42
394 44
395 38
396 44
397 9
398 44
399 30
400 49
401 2
402 49
403 19
404 17
405 46
406 49
407 34
408 6
409 6
410 36
411 12
412 11
413 7
414 39
415 43
416 38
417 34
418 36
419 18
420 24
421 27
422 20
423 32
424 23
425 44
426 22
427 15
428 42
429 33
430 24
431 41
432 4
433 43
434 30
435 24
436 39
437 23
438 22
439 2
440 30
441 47
442 24
443 30
444 26
445 49
446 5
447 12
448 6
449 48
450 34
451 39
452 49
453 42
454 10
455 31
456 36
457 42
458 23
459 3
460 4
461 44
462 46
463 12
464 22
465 41
466 22
467 41
468 47
469 46
470 6
471 34
472 1
473 44
474 43
475 39
476 17
477 6
478 24
479 28
480 22
481 20
482 33
483 16
484 41
485 37
486 43
487 16
488 41
489 2
490 30
491 19
492 4
493 31
494 33
495 8
496 47
497 14
498 39
499 15
500 25
