1 24
1 50
1 113
1 118
1 121
2 117
2 349
2 421
2 454
2 455
3 193
3 194
3 197
3 198
3 486
4 187
4 238
4 423
4 447
4 494
5 6
5 45
5 168
5 186
5 480
6 5
6 37
6 45
6 137
6 187
7 8
7 10
7 209
7 241
7 319
8 7
8 10
8 23
8 47
8 236
9 21
9 31
9 60
9 363
9 485
10 7
10 8
10 62
10 87
10 236
11 321
11 335
11 357
11 445
11 461
12 185
12 255
12 258
12 324
12 466
13 15
13 74
13 92
13 236
13 454
14 15
14 23
14 47
14 236
14 420
15 13
15 14
15 210
15 257
15 382
16 18
16 202
16 257
16 321
16 418
17 210
17 211
17 213
17 216
17 219
18 16
18 50
18 56
18 202
18 471
19 101
19 105
19 114
19 433
19 463
20 22
20 167
20 189
20 202
20 345
21 9
21 31
21 39
21 75
21 363
22 20
22 23
22 167
22 445
22 479
23 8
23 14
23 22
23 167
23 490
24 1
24 25
24 28
24 228
24 341
25 24
25 28
25 29
25 135
25 300
26 28
26 143
26 228
26 300
26 381
27 155
27 158
27 211
27 356
27 429
28 24
28 25
28 26
28 214
28 452
29 25
29 30
29 32
29 274
29 375
30 29
30 32
30 219
30 274
30 363
31 9
31 21
31 39
31 363
31 390
32 29
32 30
32 59
32 274
32 429
33 38
33 44
33 154
33 217
33 363
34 129
34 229
34 287
34 290
34 317
35 43
35 51
35 53
35 55
35 233
36 256
36 274
36 335
36 370
36 488
37 6
37 172
37 386
37 422
37 425
38 33
38 44
38 123
38 217
38 401
39 21
39 31
39 217
39 363
39 480
40 71
40 214
40 227
40 238
40 309
41 46
41 47
41 129
41 172
41 373
42 93
42 197
42 199
42 318
42 363
43 35
43 129
43 225
43 317
43 318
44 33
44 38
44 217
44 411
44 500
45 5
45 6
45 122
45 319
45 495
46 41
46 47
46 172
46 271
46 295
47 8
47 14
47 41
47 46
47 412
48 51
48 53
48 217
48 457
48 499
49 52
49 59
49 230
49 286
49 316
50 1
50 18
50 112
50 113
50 118
51 35
51 48
51 55
51 119
51 475
52 49
52 59
52 62
52 111
52 150
53 35
53 48
53 55
53 152
53 491
54 56
54 233
54 259
54 454
54 494
55 35
55 51
55 53
55 56
55 116
56 18
56 54
56 55
56 57
56 233
57 56
57 60
57 167
57 233
57 455
58 60
58 233
58 305
58 453
58 479
59 32
59 49
59 52
59 62
59 132
60 9
60 57
60 58
60 64
60 305
61 123
61 124
61 125
61 127
61 423
62 10
62 52
62 59
62 66
62 315
63 323
63 340
63 391
63 395
63 490
64 60
64 73
64 242
64 305
64 458
65 71
65 75
65 305
65 494
65 499
66 62
66 69
66 74
66 420
66 486
67 108
67 109
67 399
67 461
67 474
68 177
68 188
68 262
68 286
68 490
69 66
69 74
69 339
69 479
69 499
70 129
70 200
70 271
70 272
70 273
71 40
71 65
71 75
71 242
71 472
72 82
72 251
72 253
72 254
72 485
73 64
73 75
73 242
73 305
73 473
74 13
74 66
74 69
74 77
74 106
75 21
75 65
75 71
75 73
75 82
76 93
76 97
76 102
76 145
76 403
77 74
77 79
77 80
77 424
77 465
78 82
78 89
78 421
78 436
78 498
79 77
79 80
79 83
79 253
79 365
80 77
80 79
80 83
80 351
80 453
81 84
81 300
81 378
81 397
81 410
82 72
82 75
82 78
82 85
82 89
83 79
83 80
83 84
83 94
83 194
84 81
84 83
84 86
84 317
84 456
85 82
85 89
85 293
85 428
85 490
86 84
86 87
86 427
86 467
86 500
87 10
87 86
87 88
87 407
87 459
88 87
88 91
88 454
88 461
88 474
89 78
89 82
89 85
89 93
89 472
90 161
90 163
90 213
90 217
90 445
91 88
91 92
91 94
91 314
91 336
92 13
92 91
92 94
92 248
92 424
93 42
93 76
93 89
93 102
93 386
94 83
94 91
94 92
94 188
94 248
95 98
95 287
95 394
95 468
95 489
96 142
96 145
96 268
96 356
96 481
97 76
97 103
97 139
97 371
97 458
98 95
98 99
98 130
98 244
98 255
99 98
99 100
99 244
99 398
99 481
100 99
100 119
100 244
100 360
100 381
101 19
101 105
101 114
101 201
101 234
102 76
102 93
102 103
102 418
102 482
103 97
103 102
103 104
103 124
103 371
104 103
104 347
104 371
104 383
104 472
105 19
105 101
105 106
105 354
105 460
106 74
106 105
106 198
106 426
106 479
107 116
107 235
107 347
107 371
107 433
108 67
108 111
108 343
108 414
108 440
109 67
109 110
109 111
109 442
109 484
110 109
110 111
110 321
110 398
110 481
111 52
111 108
111 109
111 110
111 332
112 50
112 301
112 348
112 490
112 497
113 1
113 50
113 231
113 382
113 477
114 19
114 101
114 119
114 472
114 481
115 117
115 347
115 476
115 478
115 499
116 55
116 107
116 117
116 235
116 347
117 2
117 115
117 116
117 123
117 235
118 1
118 50
118 120
118 223
118 362
119 51
119 100
119 114
119 339
119 415
120 118
120 255
120 279
120 376
120 468
121 1
121 130
121 131
121 291
121 402
122 45
122 168
122 187
122 227
122 407
123 38
123 61
123 117
123 124
123 125
124 61
124 103
124 123
124 125
124 235
125 61
125 123
125 124
125 127
125 480
126 128
126 134
126 144
126 184
126 492
127 61
127 125
127 134
127 144
127 440
128 126
128 134
128 135
128 144
128 500
129 34
129 41
129 43
129 70
129 292
130 98
130 121
130 131
130 207
130 466
131 121
131 130
131 176
131 204
131 486
132 59
132 133
132 135
132 138
132 429
133 132
133 135
133 138
133 273
133 333
134 126
134 127
134 128
134 144
134 335
135 25
135 128
135 132
135 133
135 138
136 206
136 254
136 413
136 452
136 497
137 6
137 215
137 301
137 321
137 388
138 132
138 133
138 135
138 152
138 405
139 97
139 143
139 147
139 366
139 378
140 220
140 269
140 270
140 272
140 461
141 145
141 268
141 448
141 463
141 497
142 96
142 146
142 399
142 449
142 457
143 26
143 139
143 147
143 381
143 470
144 126
144 127
144 128
144 134
144 145
145 76
145 96
145 141
145 144
145 268
146 142
146 156
146 356
146 399
146 496
147 139
147 143
147 345
147 395
147 469
148 149
148 150
148 384
148 419
148 498
149 148
149 150
149 350
149 414
149 432
150 52
150 148
150 149
150 332
150 494
151 189
151 190
151 194
151 424
151 433
152 53
152 138
152 191
152 365
152 437
153 164
153 191
153 274
153 460
153 468
154 33
154 157
154 164
154 191
154 366
155 27
155 158
155 190
155 299
155 477
156 146
156 170
156 268
156 356
156 399
157 154
157 164
157 277
157 476
157 500
158 27
158 155
158 290
158 299
158 471
159 170
159 299
159 371
159 401
159 450
160 162
160 170
160 171
160 294
160 480
161 90
161 169
161 355
161 471
161 496
162 160
162 171
162 286
162 294
162 299
163 90
163 169
163 247
163 459
163 490
164 153
164 154
164 157
164 295
164 387
165 286
165 370
165 397
165 455
165 473
165 498
166 284
166 285
166 362
166 364
166 457
167 20
167 22
167 23
167 57
167 228
168 5
168 122
168 187
168 309
168 381
169 161
169 163
169 173
169 387
169 397
170 156
170 159
170 160
170 171
170 294
171 160
171 162
171 170
171 294
171 473
172 37
172 41
172 46
172 414
172 482
173 169
173 175
173 176
173 199
173 466
174 201
174 415
174 441
174 470
174 489
175 173
175 176
175 424
175 465
175 496
176 131
176 173
176 175
176 178
176 492
177 68
177 335
177 345
177 357
177 476
178 176
178 179
178 180
178 192
178 249
179 178
179 180
179 376
179 429
179 463
180 178
180 179
180 267
180 411
180 458
181 182
181 267
181 349
181 366
181 438
182 181
182 184
182 267
182 476
182 500
183 294
183 361
183 424
183 427
183 435
184 126
184 182
184 186
184 225
184 389
185 12
185 206
185 315
185 433
185 484
186 5
186 184
186 225
186 430
186 480
187 4
187 6
187 122
187 168
187 334
187 479
188 68
188 94
188 262
188 287
188 397
188 484
189 20
189 151
189 190
189 424
189 435
189 493
190 151
190 155
190 189
190 213
190 416
190 424
191 152
191 153
191 154
191 248
191 277
191 374
192 178
192 207
192 209
192 224
192 314
192 419
193 3
193 194
193 198
193 380
193 384
193 498
194 3
194 83
194 151
194 193
194 198
194 424
195 203
195 205
195 309
195 378
195 388
195 497
196 204
196 223
196 393
196 453
196 460
196 461
197 3
197 42
197 198
197 243
197 406
197 473
198 3
198 106
198 193
198 194
198 197
198 318
199 42
199 173
199 201
199 318
199 466
199 485
200 70
200 259
200 275
200 325
200 374
200 381
201 101
201 174
201 199
201 318
201 368
201 415
202 16
202 18
202 20
202 257
202 298
202 394
203 195
203 351
203 388
203 471
203 495
203 496
204 131
204 196
204 223
204 393
204 461
204 483
205 195
205 208
205 378
205 420
205 484
205 486
206 136
206 185
206 254
206 315
206 439
206 477
207 130
207 192
207 209
207 290
207 351
207 385
208 205
208 228
208 237
208 378
208 388
208 419
209 7
209 192
209 207
209 290
209 378
209 438
210 15
210 17
210 211
210 290
210 338
210 362
211 17
211 27
211 210
211 213
211 338
211 494
212 360
212 372
212 402
212 411
212 455
212 473
213 17
213 90
213 190
213 211
213 314
213 338
214 28
214 40
214 251
214 292
214 308
214 370
215 137
215 224
215 301
215 365
215 379
215 456
216 17
216 219
216 221
216 351
216 354
216 400
217 33
217 38
217 39
217 44
217 48
217 90
218 227
218 310
218 327
218 359
218 402
218 440
219 17
219 30
219 216
219 221
219 320
219 354
220 140
220 269
220 270
220 271
220 272
220 495
221 216
221 219
221 229
221 354
221 407
221 432
222 229
222 230
222 317
222 424
222 456
222 477
223 118
223 196
223 204
223 461
223 463
223 469
224 192
224 215
224 284
224 285
224 312
224 452
225 43
225 184
225 186
225 252
225 317
225 397
226 241
226 336
226 400
226 430
226 433
226 452
226 458
227 40
227 122
227 218
227 238
227 308
227 309
228 24
228 26
228 167
228 208
228 237
228 300
229 34
229 221
229 222
229 230
229 287
229 354
230 49
230 222
230 229
230 231
230 358
230 436
231 113
231 230
231 362
231 372
231 488
231 491
232 234
232 237
232 246
232 295
232 412
232 433
233 35
233 54
233 56
233 57
233 58
233 461
234 101
234 232
234 246
234 263
234 295
234 360
235 107
235 116
235 117
235 124
235 313
235 347
236 8
236 10
236 13
236 14
236 439
236 477
237 208
237 228
237 232
237 246
237 295
237 473
238 4
238 40
238 227
238 309
238 424
238 465
239 240
239 241
239 243
239 301
239 329
239 331
240 239
240 243
240 288
240 295
240 329
240 358
241 7
241 226
241 239
241 243
241 329
241 375
242 64
242 71
242 73
242 444
242 497
242 498
243 197
243 239
243 240
243 241
243 329
244 98
244 99
244 100
244 248
244 449
244 495
245 263
245 264
245 265
245 296
245 333
245 390
246 232
246 234
246 237
246 284
246 295
246 492
247 163
247 249
247 252
247 329
247 440
247 459
248 92
248 94
248 191
248 244
248 325
248 467
249 178
249 247
249 251
249 252
249 439
249 462
250 282
250 291
250 296
250 303
250 310
250 461
251 72
251 214
251 249
251 252
251 253
251 444
252 225
252 247
252 249
252 251
252 253
252 397
253 72
253 79
253 251
253 252
253 254
253 416
254 72
254 136
254 206
254 253
254 299
254 462
255 12
255 98
255 120
255 258
255 315
255 473
256 36
256 260
256 315
256 347
256 455
256 478
257 15
257 16
257 202
257 431
257 457
257 494
258 12
258 255
258 260
258 315
258 449
258 495
259 54
259 200
259 275
259 376
259 381
259 466
260 256
260 258
260 261
260 399
260 444
260 497
261 260
261 263
261 264
261 396
261 449
261 495
262 68
262 188
262 286
262 288
262 343
262 414
263 234
263 245
263 261
263 264
263 326
263 480
264 245
264 261
264 263
264 277
264 392
264 406
265 245
265 266
265 333
265 447
265 467
265 492
266 265
266 269
266 333
266 361
266 390
266 483
267 180
267 181
267 182
267 356
267 412
267 496
268 96
268 141
268 145
268 156
268 483
268 494
269 140
269 220
269 266
269 270
269 408
269 483
270 140
270 220
270 269
270 308
270 333
270 383
271 46
271 70
271 220
271 273
271 397
271 399
272 70
272 140
272 220
272 337
272 442
272 483
273 70
273 133
273 271
273 275
273 390
273 404
274 29
274 30
274 32
274 36
274 153
274 358
275 200
275 259
275 273
275 376
275 381
275 463
276 288
276 301
276 321
276 338
276 365
276 489
277 157
277 191
277 264
277 319
277 392
277 434
278 279
278 280
278 345
278 376
278 415
278 470
279 120
279 278
279 280
279 281
279 376
279 385
280 278
280 279
280 281
280 376
280 431
280 457
281 279
281 280
281 283
281 400
281 471
281 496
282 250
282 291
282 296
282 303
282 461
282 498
283 281
283 285
283 312
283 352
283 400
283 477
284 166
284 224
284 246
284 467
284 483
284 492
285 166
285 224
285 283
285 312
285 454
285 474
286 49
286 68
286 162
286 165
286 262
286 397
286 404
287 34
287 95
287 188
287 229
287 288
287 336
287 339
288 240
288 262
288 276
288 287
288 339
288 450
288 477
289 304
289 305
289 306
289 324
289 345
289 362
289 421
290 34
290 158
290 207
290 209
290 210
290 314
290 338
291 121
291 250
291 282
291 296
291 303
291 304
291 341
292 129
292 214
292 309
292 370
292 373
292 380
292 493
293 85
293 328
293 343
293 344
293 394
293 412
293 480
294 160
294 162
294 170
294 171
294 183
294 393
294 467
295 46
295 164
295 232
295 234
295 237
295 240
295 246
296 245
296 250
296 282
296 291
296 297
296 303
296 304
297 296
297 298
297 302
297 306
297 318
297 426
297 431
298 202
298 297
298 302
298 304
298 306
298 394
298 426
299 155
299 158
299 159
299 162
299 254
299 399
299 462
300 25
300 26
300 81
300 228
300 450
300 475
300 479
301 112
301 137
301 215
301 239
301 276
301 321
301 331
302 297
302 298
302 304
302 306
302 345
302 426
302 470
303 250
303 282
303 291
303 296
303 312
303 444
303 476
304 289
304 291
304 296
304 298
304 302
304 426
304 500
305 58
305 60
305 64
305 65
305 73
305 289
305 500
306 289
306 297
306 298
306 302
306 307
306 426
306 476
307 306
307 311
307 370
307 384
307 395
307 426
307 458
308 214
308 227
308 270
308 349
308 370
308 425
308 488
309 40
309 168
309 195
309 227
309 238
309 292
309 497
310 218
310 250
310 359
310 472
310 475
310 477
310 482
311 307
311 313
311 316
311 380
311 391
311 395
311 488
312 224
312 283
312 285
312 303
312 465
312 489
312 500
313 235
313 311
313 316
313 391
313 470
313 490
313 493
314 91
314 192
314 213
314 290
314 320
314 338
314 419
315 62
315 185
315 206
315 255
315 256
315 258
315 426
316 49
316 311
316 313
316 391
316 395
316 450
316 490
317 34
317 43
317 84
317 222
317 225
317 472
317 491
318 42
318 43
318 198
318 199
318 201
318 297
318 377
319 7
319 45
319 277
319 408
319 419
319 483
319 500
320 219
320 314
320 407
320 411
320 413
320 416
320 430
321 11
321 16
321 110
321 137
321 276
321 301
321 418
322 323
322 340
322 353
322 429
322 479
322 482
322 490
323 63
323 322
323 340
323 429
323 460
323 479
323 489
324 12
324 289
324 345
324 348
324 478
324 485
324 490
325 200
325 248
325 326
325 328
325 340
325 429
325 479
326 263
326 325
326 328
326 330
326 377
326 429
326 479
327 218
327 383
327 402
327 440
327 477
328 293
328 325
328 326
328 330
328 331
328 361
328 400
329 239
329 240
329 241
329 243
329 247
329 492
329 494
330 326
330 328
330 331
330 342
330 361
330 418
330 494
331 239
331 301
331 328
331 330
331 361
331 418
331 475
332 111
332 150
332 346
332 350
332 361
332 418
332 496
333 133
333 245
333 265
333 266
333 270
333 404
333 462
334 187
334 337
334 341
334 453
334 459
334 479
334 482
334 491
335 11
335 36
335 134
335 177
335 348
335 365
335 454
335 470
336 91
336 226
336 287
336 369
336 390
336 396
336 452
336 455
337 272
337 334
337 341
337 342
337 352
337 453
337 482
337 483
338 210
338 211
338 213
338 276
338 290
338 314
338 439
338 477
339 69
339 119
339 287
339 288
339 367
339 394
339 410
339 448
340 63
340 322
340 323
340 325
340 411
340 429
340 458
340 479
341 24
341 291
341 334
341 337
341 342
341 352
341 353
341 482
342 330
342 337
342 341
342 352
342 353
342 463
342 464
342 492
343 108
343 262
343 293
343 344
343 369
343 394
343 412
343 425
344 293
344 343
344 369
344 383
344 390
344 394
344 412
344 425
345 20
345 147
345 177
345 278
345 289
345 302
345 324
345 362
346 332
346 350
346 358
346 361
346 418
346 465
347 104
347 107
347 115
347 116
347 235
347 256
347 371
347 493
348 112
348 324
348 335
348 350
348 358
348 364
348 418
348 475
349 2
349 181
349 308
349 386
349 421
349 438
349 454
349 498
350 149
350 332
350 346
350 348
350 358
350 364
350 407
350 432
351 80
351 203
351 207
351 216
351 388
351 403
351 415
351 422
352 283
352 337
352 341
352 342
352 353
352 400
352 463
352 464
353 322
353 341
353 342
353 352
353 463
353 464
353 482
353 485
354 105
354 216
354 219
354 221
354 229
354 357
354 373
354 468
355 161
355 364
355 368
355 412
355 425
355 436
355 443
355 464
356 27
356 96
356 146
356 156
356 267
356 399
356 428
357 11
357 177
357 354
357 362
357 365
357 372
357 450
357 475
358 230
358 240
358 274
358 346
358 348
358 350
358 364
358 368
359 218
359 310
359 380
359 421
359 434
359 455
359 477
359 486
360 100
360 212
360 234
360 366
360 372
360 392
360 454
360 455
361 183
361 266
361 328
361 330
361 331
361 332
361 346
361 418
362 118
362 166
362 210
362 231
362 289
362 345
362 357
362 496
363 9
363 21
363 30
363 31
363 33
363 39
363 42
363 434
364 166
364 348
364 350
364 355
364 358
364 368
364 468
364 489
365 79
365 152
365 215
365 276
365 335
365 357
365 388
365 430
366 139
366 154
366 181
366 360
366 372
366 411
366 416
366 455
367 339
367 374
367 379
367 435
367 448
367 463
367 464
367 485
368 201
368 355
368 358
368 364
368 377
368 417
368 425
368 493
369 336
369 343
369 344
369 390
369 396
369 433
369 456
369 472
370 36
370 165
370 214
370 292
370 307
370 308
370 406
371 97
371 103
371 104
371 107
371 159
371 347
371 420
371 493
372 212
372 231
372 357
372 360
372 366
372 386
372 416
372 475
373 41
373 292
373 354
373 377
373 380
373 400
373 406
373 422
374 191
374 200
374 367
374 375
374 379
374 435
374 463
374 485
375 29
375 241
375 374
375 379
375 384
375 385
375 389
375 435
376 120
376 179
376 259
376 275
376 278
376 279
376 280
376 381
376 463
377 318
377 326
377 368
377 373
377 380
377 406
377 422
377 485
377 493
378 81
378 139
378 195
378 205
378 208
378 209
378 386
378 410
378 419
379 215
379 367
379 374
379 375
379 384
379 389
379 435
379 462
379 488
380 193
380 292
380 311
380 359
380 373
380 377
380 406
380 422
380 488
381 26
381 100
381 143
381 168
381 200
381 259
381 275
381 376
381 395
382 15
382 113
382 387
382 404
382 442
382 447
382 488
382 494
382 496
383 104
383 270
383 327
383 344
383 402
383 420
383 425
383 438
383 440
384 148
384 193
384 307
384 375
384 379
384 385
384 389
384 392
384 496
385 207
385 279
385 375
385 384
385 389
385 392
385 398
385 425
385 435
386 37
386 93
386 349
386 372
386 378
386 410
386 421
386 454
386 498
387 164
387 169
387 382
387 404
387 442
387 447
387 488
387 494
387 496
388 137
388 195
388 203
388 208
388 351
388 365
388 416
388 419
388 430
389 184
389 375
389 379
389 384
389 385
389 392
389 398
389 401
389 405
390 31
390 245
390 266
390 273
390 336
390 344
390 369
390 394
390 396
391 63
391 311
391 313
391 316
391 395
391 403
391 412
391 433
391 490
392 264
392 277
392 360
392 384
392 385
392 389
392 398
392 410
392 414
393 196
393 204
393 294
393 427
393 444
393 448
393 461
393 467
393 478
394 95
394 202
394 293
394 298
394 339
394 343
394 344
394 390
394 396
395 63
395 147
395 307
395 311
395 316
395 381
395 391
395 435
395 490
396 261
396 336
396 369
396 390
396 394
396 403
396 419
396 422
396 452
397 81
397 165
397 169
397 188
397 225
397 252
397 271
397 286
397 452
398 99
398 110
398 385
398 389
398 392
398 410
398 414
398 481
398 482
399 67
399 142
399 146
399 156
399 260
399 271
399 299
399 356
399 446
400 216
400 226
400 281
400 283
400 328
400 352
400 373
400 406
400 430
400 466
401 38
401 159
401 389
401 422
401 427
401 434
401 439
401 441
401 446
401 457
402 121
402 212
402 218
402 327
402 383
402 403
402 420
402 440
402 487
402 499
403 76
403 351
403 391
403 396
403 402
403 407
403 413
403 419
403 420
403 422
404 273
404 286
404 333
404 382
404 387
404 442
404 447
404 468
404 470
404 496
405 138
405 389
405 415
405 428
405 434
405 439
405 441
405 464
405 467
405 485
406 197
406 264
406 370
406 373
406 377
406 380
406 400
406 422
406 498
407 87
407 122
407 221
407 320
407 350
407 403
407 413
407 416
407 420
407 486
408 269
408 319
408 409
408 417
408 423
408 431
408 466
408 473
408 477
408 483
409 408
409 417
409 423
409 431
409 433
409 437
409 444
409 466
409 483
410 81
410 339
410 378
410 386
410 392
410 398
410 414
410 428
410 445
410 467
411 44
411 180
411 212
411 320
411 340
411 366
411 413
411 416
411 468
412 47
412 232
412 267
412 293
412 343
412 344
412 355
412 391
412 425
412 428
413 136
413 320
413 403
413 407
413 411
413 415
413 420
413 471
413 482
413 488
414 108
414 149
414 172
414 262
414 392
414 398
414 410
414 428
414 453
414 496
415 119
415 174
415 201
415 278
415 351
415 405
415 413
415 482
415 488
415 490
416 190
416 253
416 320
416 366
416 372
416 388
416 407
416 411
416 430
416 455
417 368
417 408
417 409
417 431
417 437
417 440
417 466
417 483
417 490
417 491
418 16
418 102
418 321
418 330
418 331
418 332
418 346
418 348
418 361
418 493
419 148
419 192
419 208
419 314
419 319
419 378
419 388
419 396
419 403
419 485
420 14
420 66
420 205
420 371
420 383
420 402
420 403
420 407
420 413
420 486
421 2
421 78
421 289
421 349
421 359
421 386
421 434
421 454
421 455
421 457
422 37
422 351
422 373
422 377
422 380
422 396
422 401
422 403
422 406
422 430
423 4
423 61
423 408
423 409
423 437
423 446
423 466
423 473
423 487
423 499
424 77
424 92
424 151
424 175
424 183
424 189
424 190
424 194
424 222
424 238
425 37
425 308
425 343
425 344
425 355
425 368
425 383
425 385
425 412
425 487
426 106
426 297
426 298
426 302
426 304
426 306
426 307
426 315
426 469
426 499
427 86
427 183
427 393
427 401
427 434
427 436
427 441
427 446
427 457
427 467
428 85
428 356
428 405
428 410
428 412
428 414
428 439
428 445
428 467
428 491
429 27
429 32
429 132
429 179
429 322
429 323
429 325
429 326
429 340
429 466
429 479
430 186
430 226
430 320
430 365
430 388
430 400
430 416
430 422
430 433
430 437
430 452
431 257
431 280
431 297
431 408
431 409
431 417
431 437
431 444
431 446
431 466
431 483
432 149
432 221
432 350
432 451
432 456
432 462
432 465
432 469
432 478
432 481
432 486
433 19
433 107
433 151
433 185
433 226
433 232
433 369
433 391
433 409
433 430
433 452
434 277
434 359
434 363
434 401
434 405
434 421
434 427
434 436
434 439
434 441
434 484
435 183
435 189
435 367
435 374
435 375
435 379
435 385
435 395
435 464
435 470
435 485
436 78
436 230
436 355
436 427
436 434
436 441
436 443
436 446
436 453
436 457
436 485
437 152
437 409
437 417
437 423
437 430
437 431
437 444
437 473
437 483
437 494
438 181
438 209
438 349
438 383
438 443
438 458
438 460
438 471
438 472
438 475
438 480
439 206
439 236
439 249
439 338
439 401
439 405
439 428
439 434
439 441
439 445
439 467
440 108
440 127
440 218
440 247
440 327
440 383
440 402
440 417
440 477
440 490
440 491
441 174
441 401
441 405
441 427
441 434
441 436
441 439
441 457
441 477
442 109
442 272
442 382
442 387
442 404
442 447
442 455
442 468
442 470
442 484
442 496
443 355
443 436
443 438
443 448
443 457
443 458
443 459
443 472
443 475
443 476
443 485
444 242
444 251
444 260
444 303
444 393
444 409
444 431
444 437
444 461
444 483
444 491
445 11
445 22
445 90
445 410
445 428
445 439
445 448
445 459
445 467
445 479
445 491
446 399
446 401
446 423
446 427
446 431
446 436
446 452
446 457
446 473
446 490
446 491
447 4
447 265
447 382
447 387
447 404
447 442
447 469
447 470
447 488
447 494
447 496
448 141
448 339
448 367
448 393
448 443
448 445
448 458
448 459
448 472
448 475
448 476
448 491
449 142
449 244
449 258
449 261
449 450
449 460
449 468
449 470
449 474
449 480
449 487
449 495
450 159
450 288
450 300
450 316
450 357
450 449
450 460
450 468
450 470
450 474
450 480
450 487
451 432
451 456
451 459
451 462
451 465
451 469
451 478
451 481
451 484
451 486
451 487
451 499
452 28
452 136
452 224
452 226
452 336
452 396
452 397
452 430
452 433
452 446
452 490
452 491
453 58
453 80
453 196
453 334
453 337
453 414
453 436
453 459
453 476
453 482
453 487
453 491
454 2
454 13
454 54
454 88
454 285
454 335
454 349
454 360
454 386
454 421
454 464
454 474
455 2
455 57
455 165
455 212
455 256
455 336
455 359
455 360
455 366
455 416
455 421
455 442
456 84
456 215
456 222
456 369
456 432
456 451
456 462
456 465
456 469
456 481
456 488
456 494
457 48
457 142
457 166
457 257
457 280
457 401
457 421
457 427
457 436
457 441
457 443
457 446
458 64
458 97
458 180
458 226
458 307
458 340
458 438
458 443
458 448
458 472
458 475
458 476
458 495
459 87
459 163
459 247
459 334
459 443
459 445
459 448
459 451
459 453
459 476
459 482
459 487
459 491
460 105
460 153
460 196
460 323
460 438
460 449
460 450
460 471
460 474
460 475
460 480
460 487
460 489
461 11
461 67
461 88
461 140
461 196
461 204
461 223
461 233
461 250
461 282
461 393
461 444
461 483
462 249
462 254
462 299
462 333
462 379
462 432
462 451
462 456
462 465
462 469
462 478
462 481
462 494
463 19
463 141
463 179
463 223
463 275
463 342
463 352
463 353
463 367
463 374
463 376
463 464
463 485
464 342
464 352
464 353
464 355
464 367
464 405
464 435
464 454
464 463
464 474
464 485
465 77
465 175
465 238
465 312
465 346
465 432
465 451
465 456
465 462
465 469
465 481
465 488
465 494
466 12
466 130
466 173
466 199
466 259
466 400
466 408
466 409
466 417
466 423
466 429
466 431
466 473
467 86
467 248
467 265
467 284
467 294
467 393
467 405
467 410
467 427
467 428
467 439
467 445
467 476
468 95
468 120
468 153
468 354
468 364
468 404
468 411
468 442
468 449
468 450
468 470
468 471
468 474
469 147
469 223
469 426
469 432
469 447
469 451
469 456
469 462
469 465
469 487
469 488
469 494
469 496
469 499
470 143
470 174
470 278
470 302
470 313
470 335
470 404
470 435
470 442
470 447
470 449
470 450
470 468
470 474
471 18
471 158
471 161
471 203
471 281
471 413
471 438
471 460
471 468
471 472
471 474
471 480
471 487
471 496
472 71
472 89
472 104
472 114
472 310
472 317
472 369
472 438
472 443
472 448
472 458
472 471
472 475
472 487
473 73
473 165
473 171
473 197
473 212
473 237
473 255
473 408
473 423
473 437
473 446
473 466
473 481
473 487
474 67
474 88
474 285
474 449
474 450
474 454
474 460
474 464
474 468
474 470
474 471
474 480
474 485
474 487
475 51
475 300
475 310
475 331
475 348
475 357
475 372
475 438
475 443
475 448
475 458
475 460
475 472
475 480
476 115
476 157
476 177
476 182
476 303
476 306
476 443
476 448
476 453
476 458
476 459
476 467
476 482
476 491
477 113
477 155
477 206
477 222
477 236
477 283
477 288
477 310
477 327
477 338
477 359
477 408
477 440
477 441
478 115
478 256
478 324
478 393
478 432
478 451
478 462
478 481
478 484
478 486
478 493
478 495
478 497
478 499
479 22
479 58
479 69
479 106
479 187
479 300
479 322
479 323
479 325
479 326
479 334
479 340
479 429
479 445
480 5
480 39
480 125
480 160
480 186
480 263
480 293
480 438
480 449
480 450
480 460
480 471
480 474
480 475
480 487
481 96
481 99
481 110
481 114
481 398
481 432
481 451
481 456
481 462
481 465
481 473
481 478
481 484
481 486
481 499
482 102
482 172
482 310
482 322
482 334
482 337
482 341
482 353
482 398
482 413
482 415
482 453
482 459
482 476
482 491
483 204
483 266
483 268
483 269
483 272
483 284
483 319
483 337
483 408
483 409
483 417
483 431
483 437
483 444
483 461
484 109
484 185
484 188
484 205
484 434
484 442
484 451
484 478
484 481
484 486
484 492
484 493
484 495
484 497
484 499
484 500
485 9
485 72
485 199
485 324
485 353
485 367
485 374
485 377
485 405
485 419
485 435
485 436
485 443
485 463
485 464
485 474
486 3
486 66
486 131
486 205
486 359
486 407
486 420
486 432
486 451
486 478
486 481
486 484
486 493
486 495
486 497
486 499
487 402
487 423
487 425
487 449
487 450
487 451
487 453
487 459
487 460
487 469
487 471
487 472
487 473
487 474
487 480
487 497
488 36
488 231
488 308
488 311
488 379
488 380
488 382
488 387
488 413
488 415
488 447
488 456
488 465
488 469
488 494
488 496
489 95
489 174
489 276
489 312
489 323
489 364
489 460
489 492
489 493
489 495
489 497
489 498
489 500
490 23
490 63
490 68
490 85
490 112
490 163
490 313
490 316
490 322
490 324
490 391
490 395
490 415
490 417
490 440
490 446
490 452
490 491
491 53
491 231
491 317
491 334
491 417
491 428
491 440
491 444
491 445
491 446
491 448
491 452
491 453
491 459
491 476
491 482
491 490
491 499
492 126
492 176
492 246
492 265
492 284
492 329
492 342
492 484
492 489
492 493
492 495
492 497
492 498
492 499
492 500
493 189
493 292
493 313
493 347
493 368
493 371
493 377
493 418
493 478
493 484
493 486
493 489
493 492
493 495
493 497
493 498
493 499
493 500
494 4
494 54
494 65
494 150
494 211
494 257
494 268
494 329
494 330
494 382
494 387
494 437
494 447
494 456
494 462
494 465
494 469
494 488
494 496
495 45
495 203
495 220
495 244
495 258
495 261
495 449
495 458
495 478
495 484
495 486
495 489
495 492
495 493
495 497
495 498
495 499
495 500
496 146
496 161
496 175
496 203
496 267
496 281
496 332
496 362
496 382
496 384
496 387
496 404
496 414
496 442
496 447
496 469
496 471
496 488
496 494
497 112
497 136
497 141
497 195
497 242
497 260
497 309
497 478
497 484
497 486
497 487
497 489
497 492
497 493
497 495
497 498
497 499
497 500
498 78
498 148
498 165
498 193
498 242
498 282
498 349
498 386
498 406
498 489
498 492
498 493
498 495
498 497
498 499
498 500
499 48
499 65
499 69
499 115
499 402
499 423
499 426
499 451
499 469
499 478
499 481
499 484
499 486
499 491
499 492
499 493
499 495
499 497
499 498
499 500
500 44
500 86
500 128
500 157
500 182
500 304
500 305
500 312
500 319
500 484
500 489
500 492
500 493
500 495
500 497
500 498
500 499
