1 2
1 4
1 361
1 363
1 497
2 1
2 4
2 7
2 370
2 493
3 110
3 246
3 255
3 257
3 261
3 299
4 1
4 2
4 7
4 182
4 370
5 33
5 95
5 98
5 223
5 497
6 98
6 148
6 203
6 217
6 371
7 2
7 4
7 9
7 182
7 446
8 10
8 11
8 90
8 184
8 461
9 7
9 12
9 14
9 182
9 441
10 8
10 11
10 15
10 107
10 254
11 8
11 10
11 15
11 72
11 90
12 9
12 14
12 16
12 182
12 294
13 31
13 98
13 100
13 110
13 111
14 9
14 12
14 16
14 370
14 483
15 10
15 11
15 19
15 138
15 161
16 12
16 14
16 207
16 282
16 294
17 21
17 23
17 282
17 337
17 499
18 35
18 294
18 371
18 423
18 498
19 15
19 35
19 138
19 427
19 473
20 24
20 25
20 43
20 86
20 352
21 17
21 22
21 23
21 337
21 451
22 21
22 23
22 207
22 282
22 337
23 17
23 21
23 22
23 28
23 29
24 20
24 25
24 35
24 379
24 441
25 20
25 24
25 26
25 43
25 438
26 25
26 252
26 471
26 486
26 487
27 31
27 70
27 93
27 252
27 341
28 23
28 29
28 34
28 41
28 384
29 23
29 28
29 34
29 41
29 361
30 156
30 157
30 158
30 259
30 471
31 13
31 27
31 38
31 70
31 252
32 37
32 160
32 234
32 440
32 495
33 5
33 95
33 98
33 219
33 466
34 28
34 29
34 36
34 41
34 123
34 434
35 18
35 19
35 24
35 43
35 138
36 34
36 41
36 42
36 414
36 460
37 32
37 38
37 87
37 160
37 234
38 31
38 37
38 70
38 244
38 252
39 76
39 130
39 181
39 322
39 352
40 45
40 82
40 160
40 326
40 455
41 28
41 29
41 34
41 36
41 42
42 36
42 41
42 44
42 49
42 54
43 20
43 25
43 35
43 286
43 402
44 42
44 49
44 54
44 466
44 495
45 40
45 46
45 82
45 272
45 350
46 45
46 51
46 82
46 160
46 193
47 50
47 51
47 126
47 172
47 497
48 240
48 253
48 260
48 263
48 392
49 42
49 44
49 54
49 55
49 237
49 367
50 47
50 52
50 53
50 82
50 327
51 46
51 47
51 53
51 126
51 458
52 50
52 53
52 126
52 241
52 395
53 50
53 51
53 52
53 72
53 261
54 42
54 44
54 49
54 55
54 56
55 49
55 54
55 56
55 60
55 432
56 54
56 55
56 58
56 60
56 482
57 61
57 64
57 159
57 464
57 490
58 56
58 60
58 272
58 452
58 454
59 87
59 91
59 92
59 203
59 444
60 55
60 56
60 58
60 272
60 314
61 57
61 64
61 159
61 182
61 492
62 63
62 272
62 342
62 403
62 422
63 62
63 65
63 66
63 272
63 342
64 57
64 61
64 159
64 179
64 339
65 63
65 66
65 68
65 342
65 486
66 63
66 65
66 68
66 342
66 464
67 228
67 237
67 361
67 376
67 432
68 65
68 66
68 77
68 80
68 83
69 242
69 297
69 326
69 338
69 487
70 27
70 31
70 38
70 234
70 252
71 79
71 81
71 84
71 87
71 379
72 11
72 53
72 159
72 345
72 421
73 166
73 169
73 172
73 177
73 344
74 75
74 78
74 84
74 113
74 372
75 74
75 78
75 84
75 216
75 412
76 39
76 228
76 238
76 256
76 322
77 68
77 80
77 83
77 85
77 353
78 74
78 75
78 84
78 159
78 240
79 71
79 81
79 173
79 388
79 482
80 68
80 77
80 83
80 85
80 439
81 71
81 79
81 286
81 466
81 499
82 40
82 45
82 46
82 50
82 461
83 68
83 77
83 80
83 85
83 88
84 71
84 74
84 75
84 78
84 287
85 77
85 80
85 83
85 88
85 96
86 20
86 146
86 147
86 150
86 155
87 37
87 59
87 71
87 171
87 203
88 83
88 85
88 96
88 345
88 479
89 102
89 345
89 404
89 459
89 461
90 8
90 11
90 193
90 254
90 341
91 59
91 92
91 148
91 217
91 394
92 59
92 91
92 179
92 342
92 497
93 27
93 94
93 148
93 179
93 217
94 93
94 179
94 219
94 258
94 490
95 5
95 33
95 179
95 219
95 353
96 85
96 88
96 102
96 345
96 443
97 141
97 143
97 149
97 202
97 406
98 5
98 6
98 13
98 33
98 496
99 102
99 103
99 104
99 345
99 423
100 13
100 110
100 382
100 453
100 463
101 121
101 123
101 167
101 208
101 392
102 89
102 96
102 99
102 103
102 104
103 99
103 102
103 104
103 105
103 423
104 99
104 102
104 103
104 105
104 108
105 103
105 104
105 106
105 108
105 397
106 105
106 108
106 109
106 114
106 313
107 10
107 175
107 180
107 214
107 226
107 274
108 104
108 105
108 106
108 109
108 313
109 106
109 108
109 114
109 313
109 365
110 3
110 13
110 100
110 470
110 472
111 13
111 296
111 324
111 364
111 429
112 113
112 120
112 253
112 290
112 386
113 74
113 112
113 120
113 279
113 488
114 106
114 109
114 313
114 405
114 460
115 119
115 363
115 393
115 454
115 469
116 117
116 118
116 119
116 313
116 463
117 116
117 118
117 119
117 393
117 469
118 116
118 117
118 119
118 122
118 465
119 115
119 116
119 117
119 118
119 122
119 137
120 112
120 113
120 121
120 147
120 386
121 101
121 120
121 123
121 125
121 139
122 118
122 119
122 285
122 412
122 440
123 34
123 101
123 121
123 139
123 466
124 128
124 132
124 304
124 370
124 463
125 121
125 136
125 167
125 371
125 495
126 47
126 51
126 52
126 263
126 438
127 137
127 167
127 229
127 452
127 459
128 124
128 132
128 278
128 285
128 304
129 151
129 193
129 254
129 341
129 440
130 39
130 239
130 255
130 352
130 488
131 136
131 137
131 139
131 167
131 209
132 124
132 128
132 278
132 285
132 304
133 164
133 170
133 269
133 274
133 494
134 184
134 267
134 299
134 398
134 436
135 140
135 143
135 202
135 367
135 387
136 125
136 131
136 139
136 167
136 236
137 119
137 127
137 131
137 231
137 437
138 15
138 19
138 35
138 254
138 404
139 121
139 123
139 131
139 136
139 500
140 135
140 141
140 143
140 202
140 304
141 97
141 140
141 143
141 202
141 472
142 145
142 146
142 147
142 289
142 316
143 97
143 135
143 140
143 141
143 202
144 149
144 199
144 356
144 478
144 499
145 142
145 146
145 147
145 250
145 476
146 86
146 142
146 145
146 147
146 212
147 86
147 120
147 142
147 145
147 146
148 6
148 91
148 93
148 217
148 457
149 97
149 144
149 163
149 199
149 378
150 86
150 152
150 190
150 443
150 489
151 129
151 193
151 336
151 341
151 387
152 150
152 155
152 156
152 435
152 443
153 154
153 162
153 163
153 248
153 385
154 153
154 162
154 163
154 165
154 248
155 86
155 152
155 156
155 257
155 366
156 30
156 152
156 155
156 259
156 458
157 30
157 158
157 161
157 243
157 358
158 30
158 157
158 161
158 243
158 387
159 57
159 61
159 64
159 72
159 78
159 445
160 32
160 37
160 40
160 46
160 234
161 15
161 157
161 158
161 170
161 447
162 153
162 154
162 163
162 165
162 248
163 149
163 153
163 154
163 162
163 199
164 133
164 170
164 341
164 344
164 489
165 154
165 162
165 168
165 248
165 467
166 73
166 168
166 169
166 172
166 195
167 101
167 125
167 127
167 131
167 136
168 165
168 166
168 169
168 248
168 380
169 73
169 166
169 168
169 195
169 242
169 395
170 133
170 161
170 164
170 259
170 376
171 87
171 240
171 263
171 266
171 286
171 462
172 47
172 73
172 166
172 177
172 183
172 344
173 79
173 174
173 186
173 188
173 331
173 434
173 483
174 173
174 178
174 186
174 188
174 331
174 488
175 107
175 231
175 249
175 250
175 324
175 485
176 194
176 213
176 216
176 220
176 221
176 230
177 73
177 172
177 195
177 312
177 344
177 421
178 174
178 186
178 188
178 362
178 394
178 415
179 64
179 92
179 93
179 94
179 95
179 219
180 107
180 214
180 226
180 231
180 274
180 413
181 39
181 239
181 322
181 346
181 352
181 359
182 4
182 7
182 9
182 12
182 61
182 294
182 461
183 172
183 185
183 187
183 189
183 344
183 368
184 8
184 134
184 264
184 267
184 299
184 306
185 183
185 187
185 189
185 230
185 344
185 394
186 173
186 174
186 178
186 188
186 215
186 400
187 183
187 185
187 189
187 190
187 283
187 344
188 173
188 174
188 178
188 186
188 215
188 331
189 183
189 185
189 187
189 190
189 191
189 318
190 150
190 187
190 189
190 191
190 275
190 449
191 189
191 190
191 201
191 275
191 322
191 436
192 296
192 300
192 305
192 311
192 356
192 484
193 46
193 90
193 129
193 151
193 254
193 341
194 176
194 220
194 227
194 232
194 456
194 499
195 166
195 169
195 177
195 396
195 455
195 500
196 197
196 198
196 201
196 206
196 275
196 407
197 196
197 198
197 206
197 211
197 275
197 315
198 196
198 197
198 206
198 211
198 281
198 386
199 144
199 149
199 163
199 248
199 334
199 484
200 284
200 323
200 356
200 400
200 453
200 469
201 191
201 196
201 211
201 275
201 480
201 499
202 97
202 135
202 140
202 141
202 143
202 404
203 6
203 59
203 87
203 417
203 458
203 477
204 231
204 250
204 316
204 324
204 352
204 454
205 212
205 215
205 218
205 224
205 365
205 435
206 196
206 197
206 198
206 211
206 422
206 427
207 16
207 22
207 282
207 294
207 337
207 484
208 101
208 233
208 241
208 258
208 453
208 480
209 131
209 244
209 277
209 364
209 376
209 409
209 480
210 268
210 350
210 354
210 386
210 387
210 399
211 197
211 198
211 201
211 206
211 216
211 221
212 146
212 205
212 215
212 218
212 224
212 365
212 492
213 176
213 216
213 220
213 221
213 233
213 477
214 107
214 180
214 231
214 280
214 324
214 468
215 186
215 188
215 205
215 212
215 218
215 224
216 75
216 176
216 211
216 213
216 220
216 221
217 6
217 91
217 93
217 148
217 267
217 309
218 205
218 212
218 215
218 224
218 400
218 483
219 33
219 94
219 95
219 179
219 284
219 316
220 176
220 194
220 213
220 216
220 221
220 478
221 176
221 211
221 213
221 216
221 220
221 485
222 224
222 225
222 229
222 365
222 376
222 442
223 5
223 251
223 260
223 309
223 316
223 490
224 205
224 212
224 215
224 218
224 222
224 365
225 222
225 229
225 277
225 365
225 458
225 499
226 107
226 180
226 291
226 297
226 326
226 442
227 194
227 230
227 241
227 258
227 268
227 340
228 67
228 76
228 236
228 237
228 238
228 322
229 127
229 222
229 225
229 277
229 376
229 428
229 442
230 176
230 185
230 227
230 232
230 241
230 258
231 137
231 175
231 180
231 204
231 214
231 250
232 194
232 230
232 241
232 258
232 367
232 442
233 208
233 213
233 236
233 256
233 258
233 358
234 32
234 37
234 70
234 160
234 275
234 425
235 236
235 241
235 256
235 426
235 484
235 499
236 136
236 228
236 233
236 235
236 237
236 256
237 49
237 67
237 228
237 236
237 238
237 496
238 76
238 228
238 237
238 256
238 283
238 455
239 130
239 181
239 261
239 297
239 322
239 473
240 48
240 78
240 171
240 263
240 266
240 286
241 52
241 208
241 227
241 230
241 232
241 235
241 258
242 69
242 169
242 291
242 297
242 306
242 326
243 157
243 158
243 323
243 454
243 476
243 493
244 38
244 209
244 245
244 247
244 249
244 416
244 489
245 244
245 247
245 249
245 262
245 364
245 423
246 3
246 255
246 257
246 261
246 302
246 421
247 244
247 245
247 249
247 262
247 364
247 463
248 153
248 154
248 162
248 165
248 168
248 199
249 175
249 244
249 245
249 247
249 262
249 418
249 423
250 145
250 175
250 204
250 231
250 324
250 390
251 223
251 253
251 260
251 286
251 309
251 316
252 26
252 27
252 31
252 38
252 70
252 431
253 48
253 112
253 251
253 260
253 408
253 477
254 10
254 90
254 129
254 138
254 193
254 328
255 3
255 130
255 246
255 261
255 406
255 459
256 76
256 233
256 235
256 236
256 238
256 411
257 3
257 155
257 246
257 261
257 352
257 493
258 94
258 208
258 227
258 230
258 232
258 233
258 241
259 30
259 156
259 170
259 336
259 407
259 496
260 48
260 223
260 251
260 253
260 309
260 316
261 3
261 53
261 239
261 246
261 255
261 257
262 245
262 247
262 249
262 270
262 364
262 423
263 48
263 126
263 171
263 240
263 266
263 286
264 184
264 267
264 271
264 299
264 306
264 401
265 269
265 270
265 271
265 273
265 281
265 486
266 171
266 240
266 263
266 298
266 468
266 495
267 134
267 184
267 217
267 264
267 299
267 306
268 210
268 227
268 334
268 354
268 358
268 386
268 387
269 133
269 265
269 270
269 271
269 273
269 281
269 464
270 262
270 265
270 269
270 271
270 273
270 305
270 423
271 264
271 265
271 269
271 270
271 273
271 281
271 330
272 45
272 58
272 60
272 62
272 63
272 342
272 470
273 265
273 269
273 270
273 271
273 281
273 330
273 452
274 107
274 133
274 180
274 345
274 452
274 456
274 486
275 190
275 191
275 196
275 197
275 201
275 234
275 342
276 280
276 318
276 328
276 336
276 346
276 378
276 492
277 209
277 225
277 229
277 364
277 376
277 383
277 423
278 128
278 132
278 285
278 304
278 343
278 433
278 489
279 113
279 290
279 321
279 328
279 333
279 371
279 487
280 214
280 276
280 328
280 336
280 346
280 378
280 449
281 198
281 265
281 269
281 271
281 273
281 330
281 414
282 16
282 17
282 22
282 207
282 293
282 294
282 337
283 187
283 238
283 322
283 330
283 346
283 352
283 425
284 200
284 219
284 287
284 323
284 356
284 490
284 491
285 122
285 128
285 132
285 278
285 295
285 304
285 415
286 43
286 81
286 171
286 240
286 251
286 263
286 341
287 84
287 284
287 296
287 323
287 330
287 356
287 486
288 357
288 380
288 381
288 397
288 402
288 407
288 414
289 142
289 318
289 334
289 346
289 358
289 378
289 386
290 112
290 279
290 319
290 321
290 333
290 371
290 465
291 226
291 242
291 297
291 411
291 476
291 477
291 486
292 303
292 307
292 396
292 426
292 436
292 438
292 454
293 282
293 302
293 314
293 350
293 353
293 404
293 491
294 12
294 16
294 18
294 182
294 207
294 282
294 484
295 285
295 303
295 307
295 396
295 426
295 436
295 438
295 454
296 111
296 192
296 287
296 300
296 323
296 330
296 356
296 492
297 69
297 226
297 239
297 242
297 291
297 498
297 500
298 266
298 300
298 305
298 311
298 319
298 407
298 450
299 3
299 134
299 184
299 264
299 267
299 306
299 479
300 192
300 296
300 298
300 305
300 311
300 319
300 324
301 338
301 359
301 379
301 412
301 421
301 428
301 454
302 246
302 293
302 314
302 350
302 353
302 363
302 367
302 370
303 292
303 295
303 307
303 396
303 426
303 438
303 454
304 124
304 128
304 132
304 140
304 278
304 285
304 384
305 192
305 270
305 298
305 300
305 311
305 333
305 381
306 184
306 242
306 264
306 267
306 299
306 348
306 485
307 292
307 295
307 303
307 308
307 310
307 312
307 474
308 307
308 310
308 312
308 315
308 317
308 320
308 500
309 217
309 223
309 251
309 260
309 316
309 324
309 362
310 307
310 308
310 312
310 315
310 317
310 320
310 325
311 192
311 298
311 300
311 305
311 319
311 333
311 404
312 177
312 307
312 308
312 310
312 315
312 317
312 320
312 325
313 106
313 108
313 109
313 114
313 116
313 444
313 490
314 60
314 293
314 302
314 350
314 353
314 363
314 404
315 197
315 308
315 310
315 312
315 317
315 320
315 325
315 476
316 142
316 204
316 219
316 223
316 251
316 260
316 309
317 308
317 310
317 312
317 315
317 320
317 325
317 327
318 189
318 276
318 289
318 334
318 346
318 358
318 386
318 497
319 290
319 298
319 300
319 311
319 333
319 446
319 478
320 308
320 310
320 312
320 315
320 317
320 325
320 327
321 279
321 290
321 333
321 371
321 389
321 397
321 402
322 39
322 76
322 181
322 191
322 228
322 239
322 283
323 200
323 243
323 284
323 287
323 296
323 330
323 428
323 442
324 111
324 175
324 204
324 214
324 250
324 300
324 309
325 310
325 312
325 315
325 317
325 320
325 327
325 329
326 40
326 69
326 226
326 242
326 409
326 427
326 487
327 50
327 317
327 320
327 325
327 329
327 335
327 343
327 348
328 254
328 276
328 279
328 280
328 336
328 361
328 371
328 378
329 325
329 327
329 335
329 343
329 347
329 348
329 374
329 457
330 271
330 273
330 281
330 283
330 287
330 296
330 323
330 491
331 173
331 174
331 188
331 362
331 380
331 400
331 415
331 433
332 340
332 349
332 368
332 392
332 445
332 448
332 455
332 466
333 279
333 290
333 305
333 311
333 319
333 321
333 371
333 494
334 199
334 268
334 289
334 318
334 354
334 358
334 373
334 387
335 327
335 329
335 343
335 347
335 348
335 374
335 386
335 487
336 151
336 259
336 276
336 280
336 328
336 346
336 371
336 378
337 17
337 21
337 22
337 207
337 282
337 375
337 444
337 469
338 69
338 301
338 393
338 403
338 409
338 421
338 469
338 490
339 64
339 355
339 366
339 372
339 379
339 382
339 388
339 469
340 227
340 332
340 349
340 368
340 392
340 431
340 445
340 455
340 466
341 27
341 90
341 129
341 151
341 164
341 193
341 286
341 355
342 62
342 63
342 65
342 66
342 92
342 272
342 275
342 469
343 278
343 327
343 329
343 335
343 347
343 348
343 351
343 374
344 73
344 164
344 172
344 177
344 183
344 185
344 187
344 429
345 72
345 88
345 89
345 96
345 99
345 274
345 472
345 482
346 181
346 276
346 280
346 283
346 289
346 318
346 336
346 378
347 329
347 335
347 343
347 348
347 351
347 374
347 436
347 498
348 306
348 327
348 329
348 335
348 343
348 347
348 351
348 374
349 332
349 340
349 368
349 369
349 373
349 392
349 445
349 455
350 45
350 210
350 293
350 302
350 314
350 354
350 363
350 404
351 343
351 347
351 348
351 355
351 372
351 374
351 466
351 479
352 20
352 39
352 130
352 181
352 204
352 257
352 283
352 468
353 77
353 95
353 293
353 302
353 314
353 354
353 363
353 500
354 210
354 268
354 334
354 350
354 353
354 386
354 387
354 459
355 339
355 341
355 351
355 366
355 374
355 382
355 388
355 496
356 144
356 192
356 200
356 284
356 287
356 296
356 419
356 494
357 288
357 380
357 383
357 401
357 410
357 415
357 442
357 489
358 157
358 233
358 268
358 289
358 318
358 334
358 378
358 464
359 181
359 301
359 379
359 393
359 403
359 412
359 428
359 469
359 491
360 384
360 391
360 395
360 422
360 430
360 432
360 433
360 440
360 493
361 1
361 29
361 67
361 328
361 367
361 370
361 471
361 474
361 497
362 178
362 309
362 331
362 383
362 394
362 400
362 401
362 415
362 442
363 1
363 115
363 302
363 314
363 350
363 353
363 367
363 370
363 426
364 111
364 209
364 245
364 247
364 262
364 277
364 376
364 475
364 483
365 109
365 205
365 212
365 222
365 224
365 225
365 443
365 452
365 453
366 155
366 339
366 355
366 372
366 382
366 388
366 420
366 469
366 493
367 49
367 135
367 232
367 302
367 361
367 363
367 370
367 462
367 470
368 183
368 332
368 340
368 349
368 369
368 373
368 392
368 437
368 445
369 349
369 368
369 373
369 390
369 392
369 403
369 408
369 437
369 484
370 2
370 4
370 14
370 124
370 302
370 361
370 363
370 367
370 487
371 6
371 18
371 125
371 279
371 290
371 321
371 328
371 333
371 336
372 74
372 339
372 351
372 366
372 379
372 382
372 388
372 469
372 482
373 334
373 349
373 368
373 369
373 392
373 408
373 437
373 499
373 500
374 329
374 335
374 343
374 347
374 348
374 351
374 355
374 382
374 385
375 337
375 389
375 399
375 416
375 433
375 434
375 452
375 464
375 468
376 67
376 170
376 209
376 222
376 229
376 277
376 364
376 423
376 499
377 405
377 410
377 413
377 429
377 450
377 457
377 467
377 475
377 483
378 149
378 276
378 280
378 289
378 328
378 336
378 346
378 358
378 438
379 24
379 71
379 301
379 339
379 359
379 372
379 388
379 428
379 469
380 168
380 288
380 331
380 357
380 381
380 397
380 402
380 407
380 414
381 288
381 305
381 380
381 397
381 402
381 407
381 414
381 438
381 468
382 100
382 339
382 355
382 366
382 372
382 374
382 388
382 424
382 469
383 277
383 357
383 362
383 397
383 401
383 414
383 415
383 442
383 453
384 28
384 304
384 360
384 395
384 422
384 430
384 432
384 433
384 434
384 452
385 153
385 374
385 391
385 398
385 406
385 411
385 420
385 425
385 427
385 478
386 112
386 120
386 198
386 210
386 268
386 289
386 318
386 335
386 354
386 387
387 135
387 151
387 158
387 210
387 268
387 334
387 354
387 386
387 452
387 494
388 79
388 339
388 355
388 366
388 372
388 379
388 382
388 389
388 419
388 469
389 321
389 375
389 388
389 395
389 399
389 416
389 433
389 434
389 445
389 452
390 250
390 369
390 398
390 408
390 422
390 425
390 427
390 437
390 472
390 483
391 360
391 385
391 406
391 411
391 415
391 420
391 432
391 465
391 499
391 500
392 48
392 101
392 332
392 340
392 349
392 368
392 369
392 373
392 408
392 437
393 115
393 117
393 338
393 359
393 396
393 403
393 407
393 409
393 412
393 421
394 91
394 178
394 185
394 362
394 397
394 399
394 400
394 415
394 442
394 498
395 52
395 169
395 360
395 384
395 389
395 401
395 406
395 422
395 430
395 432
395 440
396 195
396 292
396 295
396 303
396 393
396 426
396 436
396 438
396 454
396 496
397 105
397 288
397 321
397 380
397 381
397 383
397 394
397 402
397 414
397 471
398 134
398 385
398 390
398 408
398 411
398 420
398 425
398 427
398 437
398 474
399 210
399 375
399 389
399 394
399 416
399 430
399 433
399 434
399 452
399 454
400 186
400 200
400 218
400 331
400 362
400 394
400 401
400 415
400 442
400 467
401 264
401 357
401 362
401 383
401 395
401 400
401 442
401 476
401 481
401 485
402 43
402 288
402 321
402 380
402 381
402 397
402 407
402 414
402 428
402 485
403 62
403 338
403 359
403 369
403 393
403 404
403 407
403 409
403 412
403 421
404 89
404 138
404 202
404 293
404 311
404 314
404 350
404 403
404 430
404 492
405 114
405 377
405 410
405 413
405 417
405 429
405 443
405 444
405 459
405 461
406 97
406 255
406 385
406 391
406 395
406 411
406 420
406 422
406 432
406 440
407 196
407 259
407 288
407 298
407 380
407 381
407 393
407 402
407 403
407 409
408 253
408 369
408 373
408 390
408 392
408 398
408 425
408 427
408 437
408 475
409 209
409 326
409 338
409 393
409 403
409 407
409 414
409 421
409 426
409 498
410 357
410 377
410 405
410 413
410 417
410 429
410 450
410 457
410 467
410 475
411 256
411 291
411 385
411 391
411 398
411 406
411 420
411 425
411 427
411 492
412 75
412 122
412 301
412 359
412 393
412 403
412 414
412 421
412 428
412 437
413 180
413 377
413 405
413 410
413 417
413 429
413 443
413 444
413 450
413 457
414 36
414 281
414 288
414 380
414 381
414 383
414 397
414 402
414 409
414 412
415 178
415 285
415 331
415 357
415 362
415 383
415 391
415 394
415 400
415 442
416 244
416 375
416 389
416 399
416 426
416 430
416 433
416 434
416 452
416 499
417 203
417 405
417 410
417 413
417 418
417 429
417 443
417 444
417 459
417 461
418 249
418 417
418 419
418 443
418 444
418 449
418 453
418 459
418 461
418 464
418 468
419 356
419 388
419 418
419 443
419 444
419 449
419 453
419 459
419 461
419 467
419 468
420 366
420 385
420 391
420 398
420 406
420 411
420 425
420 440
420 475
420 491
420 496
421 72
421 177
421 246
421 301
421 338
421 393
421 403
421 409
421 412
421 428
421 462
422 62
422 206
422 360
422 384
422 390
422 395
422 406
422 430
422 432
422 440
422 476
423 18
423 99
423 103
423 245
423 249
423 262
423 270
423 277
423 376
423 434
423 480
424 382
424 435
424 441
424 458
424 463
424 465
424 471
424 484
424 487
424 492
424 498
425 234
425 283
425 385
425 390
425 398
425 408
425 411
425 420
425 427
425 437
425 481
426 235
426 292
426 295
426 303
426 363
426 396
426 409
426 416
426 436
426 438
426 454
427 19
427 206
427 326
427 385
427 390
427 398
427 408
427 411
427 425
427 437
427 457
428 229
428 301
428 323
428 359
428 379
428 402
428 412
428 421
428 449
428 469
428 494
429 111
429 344
429 377
429 405
429 410
429 413
429 417
429 443
429 444
429 459
429 461
430 360
430 384
430 395
430 399
430 404
430 416
430 422
430 432
430 440
430 455
430 488
431 252
431 340
431 434
431 445
431 449
431 451
431 453
431 455
431 464
431 466
431 468
432 55
432 67
432 360
432 384
432 391
432 395
432 406
432 422
432 430
432 440
432 448
433 278
433 331
433 360
433 375
433 384
433 389
433 399
433 416
433 434
433 452
433 488
434 34
434 173
434 375
434 384
434 389
434 399
434 416
434 423
434 431
434 433
434 452
434 476
435 152
435 205
435 424
435 441
435 448
435 451
435 458
435 470
435 471
435 472
435 476
435 492
436 134
436 191
436 292
436 295
436 347
436 396
436 426
436 438
436 441
436 454
436 455
436 475
437 137
437 368
437 369
437 373
437 390
437 392
437 398
437 408
437 412
437 425
437 427
437 445
438 25
438 126
438 292
438 295
438 303
438 378
438 381
438 396
438 426
438 436
438 454
438 467
439 80
439 446
439 447
439 460
439 465
439 474
439 480
439 486
439 490
439 491
439 497
439 500
440 32
440 122
440 129
440 360
440 395
440 406
440 420
440 422
440 430
440 432
440 465
440 470
441 9
441 24
441 424
441 435
441 436
441 458
441 463
441 465
441 471
441 484
441 487
441 492
441 500
442 222
442 226
442 229
442 232
442 323
442 357
442 362
442 383
442 394
442 400
442 401
442 415
442 486
443 96
443 150
443 152
443 365
443 405
443 413
443 417
443 418
443 419
443 429
443 444
443 459
443 461
444 59
444 313
444 337
444 405
444 413
444 417
444 418
444 419
444 429
444 443
444 459
444 461
444 473
445 159
445 332
445 340
445 349
445 368
445 389
445 431
445 437
445 449
445 455
445 464
445 466
445 492
446 7
446 319
446 439
446 447
446 460
446 463
446 465
446 474
446 480
446 484
446 486
446 487
446 500
447 161
447 439
447 446
447 460
447 472
447 474
447 478
447 480
447 486
447 490
447 491
447 496
447 497
448 332
448 432
448 435
448 450
448 451
448 458
448 470
448 472
448 475
448 476
448 483
448 499
448 500
449 190
449 280
449 418
449 419
449 428
449 431
449 445
449 453
449 455
449 464
449 466
449 468
449 500
450 298
450 377
450 410
450 413
450 448
450 451
450 457
450 459
450 467
450 475
450 483
450 491
450 499
451 21
451 431
451 435
451 448
451 450
451 457
451 467
451 470
451 472
451 475
451 476
451 482
451 483
451 499
452 58
452 127
452 273
452 274
452 365
452 375
452 384
452 387
452 389
452 399
452 416
452 433
452 434
452 466
453 100
453 200
453 208
453 365
453 383
453 418
453 419
453 431
453 449
453 457
453 464
453 466
453 468
453 493
454 58
454 115
454 204
454 243
454 292
454 295
454 301
454 303
454 396
454 399
454 426
454 436
454 438
454 489
455 40
455 195
455 238
455 332
455 340
455 349
455 430
455 431
455 436
455 445
455 449
455 464
455 466
455 468
456 194
456 274
456 462
456 473
456 477
456 478
456 481
456 482
456 485
456 489
456 494
456 495
456 496
456 498
457 148
457 329
457 377
457 410
457 413
457 427
457 450
457 451
457 453
457 467
457 475
457 481
457 483
457 499
458 51
458 156
458 203
458 225
458 424
458 435
458 441
458 448
458 471
458 472
458 484
458 487
458 491
458 492
459 89
459 127
459 255
459 354
459 405
459 417
459 418
459 419
459 429
459 443
459 444
459 450
459 460
459 461
460 36
460 114
460 439
460 446
460 447
460 459
460 463
460 465
460 474
460 480
460 484
460 486
460 491
460 500
461 8
461 82
461 89
461 182
461 405
461 417
461 418
461 419
461 429
461 443
461 444
461 459
461 468
461 470
462 171
462 367
462 421
462 456
462 473
462 477
462 478
462 481
462 482
462 485
462 489
462 490
462 491
462 496
462 497
463 100
463 116
463 124
463 247
463 424
463 441
463 446
463 460
463 465
463 471
463 484
463 486
463 487
463 492
463 500
464 57
464 66
464 269
464 358
464 375
464 418
464 431
464 445
464 449
464 453
464 455
464 466
464 468
464 483
464 497
465 118
465 290
465 391
465 424
465 439
465 440
465 441
465 446
465 460
465 463
465 471
465 486
465 487
465 492
465 500
466 33
466 44
466 81
466 123
466 332
466 340
466 351
466 431
466 445
466 449
466 452
466 453
466 455
466 464
466 468
467 165
467 377
467 400
467 410
467 419
467 438
467 450
467 451
467 457
467 470
467 475
467 481
467 483
467 496
467 499
468 214
468 266
468 352
468 375
468 381
468 418
468 419
468 431
468 449
468 453
468 455
468 461
468 464
468 466
468 475
469 115
469 117
469 200
469 337
469 338
469 339
469 342
469 359
469 366
469 372
469 379
469 382
469 388
469 428
469 495
470 110
470 272
470 367
470 435
470 440
470 448
470 451
470 461
470 467
470 472
470 475
470 476
470 483
470 490
470 499
471 26
471 30
471 361
471 397
471 424
471 435
471 441
471 458
471 463
471 465
471 476
471 484
471 487
471 492
471 500
472 110
472 141
472 345
472 390
472 435
472 447
472 448
472 451
472 458
472 470
472 475
472 476
472 483
472 485
472 495
472 499
473 19
473 239
473 444
473 456
473 462
473 477
473 479
473 481
473 482
473 485
473 488
473 489
473 493
473 494
473 495
473 498
474 307
474 361
474 398
474 439
474 446
474 447
474 460
474 477
474 478
474 480
474 483
474 485
474 490
474 491
474 496
474 497
475 364
475 377
475 408
475 410
475 420
475 436
475 448
475 450
475 451
475 457
475 467
475 468
475 470
475 472
475 483
475 499
476 145
476 243
476 291
476 315
476 401
476 422
476 434
476 435
476 448
476 451
476 470
476 471
476 472
476 484
476 487
476 497
476 499
477 203
477 213
477 253
477 291
477 456
477 462
477 473
477 474
477 478
477 480
477 481
477 482
477 485
477 490
477 491
477 496
477 497
478 144
478 220
478 319
478 385
478 447
478 456
478 462
478 474
478 477
478 480
478 482
478 485
478 490
478 491
478 496
478 497
478 500
479 88
479 299
479 351
479 473
479 481
479 488
479 489
479 493
479 494
479 495
479 498
480 201
480 208
480 209
480 423
480 439
480 446
480 447
480 460
480 474
480 477
480 478
480 486
480 490
480 491
480 492
480 496
480 497
481 401
481 425
481 456
481 457
481 462
481 467
481 473
481 477
481 479
481 482
481 485
481 489
481 493
481 494
481 495
481 496
481 498
482 56
482 79
482 345
482 372
482 451
482 456
482 462
482 473
482 477
482 478
482 481
482 485
482 489
482 490
482 496
482 497
482 498
483 14
483 173
483 218
483 364
483 377
483 390
483 448
483 450
483 451
483 457
483 464
483 467
483 470
483 472
483 474
483 475
483 499
484 192
484 199
484 207
484 235
484 294
484 369
484 424
484 441
484 446
484 458
484 460
484 463
484 471
484 476
484 486
484 487
484 492
484 500
485 175
485 221
485 306
485 401
485 402
485 456
485 462
485 472
485 473
485 474
485 477
485 478
485 481
485 482
485 490
485 491
485 496
485 497
486 26
486 65
486 265
486 274
486 287
486 291
486 439
486 442
486 446
486 447
486 460
486 463
486 465
486 480
486 484
486 487
486 492
486 500
487 26
487 69
487 279
487 326
487 335
487 370
487 424
487 441
487 446
487 458
487 463
487 465
487 471
487 476
487 484
487 486
487 492
487 500
488 113
488 130
488 174
488 430
488 433
488 473
488 479
488 489
488 493
488 494
488 495
488 498
489 150
489 164
489 244
489 278
489 357
489 454
489 456
489 462
489 473
489 479
489 481
489 482
489 488
489 493
489 494
489 495
489 498
490 57
490 94
490 223
490 284
490 313
490 338
490 439
490 447
490 462
490 470
490 474
490 477
490 478
490 480
490 482
490 485
490 491
490 496
490 497
491 284
491 293
491 330
491 359
491 420
491 439
491 447
491 450
491 458
491 460
491 462
491 474
491 477
491 478
491 480
491 485
491 490
491 496
491 497
492 61
492 212
492 276
492 296
492 404
492 411
492 424
492 435
492 441
492 445
492 458
492 463
492 465
492 471
492 480
492 484
492 486
492 487
492 500
493 2
493 243
493 257
493 360
493 366
493 453
493 473
493 479
493 481
493 488
493 489
493 494
493 495
493 498
494 133
494 333
494 356
494 387
494 428
494 456
494 473
494 479
494 481
494 488
494 489
494 493
494 495
494 498
495 32
495 44
495 125
495 266
495 456
495 469
495 472
495 473
495 479
495 481
495 488
495 489
495 493
495 494
495 498
496 98
496 237
496 259
496 355
496 396
496 420
496 447
496 456
496 462
496 467
496 474
496 477
496 478
496 480
496 481
496 482
496 485
496 490
496 491
496 497
497 1
497 5
497 47
497 92
497 318
497 361
497 439
497 447
497 462
497 464
497 474
497 476
497 477
497 478
497 480
497 482
497 485
497 490
497 491
497 496
498 18
498 297
498 347
498 394
498 409
498 424
498 456
498 473
498 479
498 481
498 482
498 488
498 489
498 493
498 494
498 495
499 17
499 81
499 144
499 194
499 201
499 225
499 235
499 373
499 376
499 391
499 416
499 448
499 450
499 451
499 457
499 467
499 470
499 472
499 475
499 476
499 483
500 139
500 195
500 297
500 308
500 353
500 373
500 391
500 439
500 441
500 446
500 448
500 449
500 460
500 463
500 465
500 471
500 478
500 484
500 486
500 487
500 492
