1 61
1 313
1 356
1 466
1 473
2 5
2 43
2 191
2 404
2 440
3 9
3 11
3 166
3 413
3 429
4 8
4 10
4 13
4 474
4 495
5 2
5 7
5 8
5 265
5 443
6 63
6 66
6 434
6 435
6 478
7 5
7 8
7 130
7 273
7 489
8 4
8 5
8 7
8 484
8 500
9 3
9 11
9 175
9 189
9 201
10 4
10 49
10 373
10 443
10 490
11 3
11 9
11 41
11 83
11 477
12 15
12 73
12 479
13 4
13 343
13 443
13 450
13 454
14 197
14 199
14 230
14 240
14 270
15 12
15 73
15 123
15 315
15 332
16 19
16 32
16 232
16 246
16 443
17 220
17 221
17 316
17 469
17 482
18 73
18 249
18 308
18 332
18 348
19 16
19 232
19 274
19 443
19 449
20 129
20 229
20 232
20 365
20 404
21 28
21 282
21 332
21 344
21 347
21 386
22 24
22 365
22 418
22 442
22 487
23 28
23 332
23 380
23 488
23 490
24 22
24 26
24 29
24 194
24 272
25 64
25 65
25 72
25 432
25 498
26 24
26 29
26 365
26 466
26 473
27 31
27 440
27 451
27 457
27 465
28 21
28 23
28 88
28 431
28 440
29 24
29 26
29 31
29 138
29 229
30 35
30 320
30 420
30 478
30 492
31 27
31 29
31 34
31 44
31 143
32 16
32 35
32 127
32 197
32 488
33 178
33 180
33 364
33 446
33 496
34 31
34 36
34 37
34 55
34 112
35 30
35 32
35 296
35 375
35 494
36 34
36 37
36 249
36 322
36 348
37 34
37 36
37 322
37 362
37 436
38 78
38 294
38 296
38 338
39 40
39 446
39 468
39 491
39 495
40 39
40 322
40 339
40 488
40 490
41 11
41 248
41 262
41 264
41 265
42 56
42 306
42 313
42 377
42 385
43 2
43 44
43 45
43 96
43 409
44 31
44 43
44 50
44 339
44 409
45 43
45 58
45 293
45 339
45 409
46 49
46 52
46 298
46 361
46 417
47 48
47 113
47 190
47 345
47 494
48 47
48 77
48 79
48 81
48 494
49 10
49 46
49 52
49 233
49 409
50 44
50 51
50 53
50 77
50 370
51 50
51 53
51 78
51 338
51 465
52 46
52 49
52 53
52 61
52 491
53 50
53 51
53 52
53 75
53 415
54 58
54 62
54 219
54 385
54 443
55 34
55 59
55 66
55 313
55 420
56 42
56 121
56 191
56 313
56 485
57 287
57 377
57 389
58 45
58 54
58 359
58 385
58 411
59 55
59 60
59 147
59 312
59 485
60 59
60 161
60 196
60 295
60 319
61 1
61 52
61 247
61 467
61 500
62 54
62 362
62 385
62 436
62 476
63 6
63 262
63 301
63 302
63 434
64 25
64 139
64 203
64 290
64 383
65 25
65 139
65 360
65 424
65 499
66 6
66 55
66 302
66 420
66 434
67 74
67 236
67 446
67 468
67 492
68 251
68 306
68 360
68 487
68 493
69 70
69 114
69 302
69 385
69 407
70 69
70 334
70 416
70 428
70 495
71 75
71 77
71 457
71 465
71 466
72 25
72 74
72 316
72 404
72 425
73 12
73 15
73 18
73 194
73 272
74 67
74 72
74 409
74 445
74 460
75 53
75 71
75 77
75 415
75 462
76 160
76 163
76 165
76 342
76 489
77 48
77 50
77 71
77 75
77 385
78 38
78 51
78 80
78 82
78 294
78 338
79 48
79 81
79 248
79 399
79 496
80 78
80 82
80 276
80 453
80 486
81 48
81 79
81 86
81 358
81 393
82 78
82 80
82 292
82 303
82 410
83 11
83 86
83 87
83 399
83 456
84 212
84 431
84 439
84 455
84 472
85 277
85 320
85 378
85 395
85 438
86 81
86 83
86 87
86 457
86 465
87 83
87 86
87 89
87 322
87 326
88 28
88 89
88 402
88 431
88 476
89 87
89 88
89 402
89 484
89 493
90 92
90 132
90 394
90 459
90 486
91 212
91 274
91 356
91 358
91 417
92 90
92 93
92 102
92 364
92 496
93 92
93 102
93 397
93 402
93 479
94 203
94 213
94 278
94 295
94 346
95 98
95 142
95 266
95 411
95 414
96 43
96 109
96 110
96 121
96 476
97 147
97 150
97 153
97 199
97 239
98 95
98 212
98 427
98 448
98 470
99 380
99 443
99 481
99 490
99 496
100 172
100 179
100 221
100 279
100 423
101 216
101 218
101 219
101 315
101 332
102 92
102 93
102 188
102 423
102 489
103 273
103 391
103 403
103 419
103 431
104 106
104 107
104 128
104 421
104 495
105 201
105 217
105 326
105 381
105 447
106 104
106 107
106 420
106 474
106 495
107 104
107 106
107 111
107 292
107 303
108 109
108 122
108 433
108 440
108 494
109 96
109 108
109 379
109 397
109 479
110 96
110 184
110 387
110 418
110 442
111 107
111 114
111 215
111 253
111 499
112 34
112 184
112 354
112 420
112 492
113 47
113 124
113 252
113 374
113 376
114 69
114 111
114 116
114 407
114 493
115 117
115 140
115 144
115 184
115 426
116 114
116 120
116 388
116 462
116 493
117 115
117 119
117 324
117 352
117 410
118 176
118 177
118 178
118 180
118 489
119 117
119 296
119 433
119 465
119 494
120 116
120 121
120 269
120 358
120 477
121 56
121 96
121 120
121 358
121 362
122 108
122 130
122 275
122 276
122 494
123 15
123 124
123 315
123 332
123 446
124 113
124 123
124 146
124 224
124 374
125 127
125 342
125 462
126 127
126 300
126 487
126 491
126 498
127 32
127 125
127 126
127 197
127 246
128 104
128 131
128 329
128 377
128 447
129 20
129 133
129 134
129 138
129 362
130 7
130 122
130 133
130 229
130 276
131 128
131 132
131 404
131 425
131 461
132 90
132 131
132 140
132 486
132 492
133 129
133 130
133 134
133 273
133 358
134 129
134 133
134 183
134 362
134 477
135 137
135 144
135 453
135 486
135 492
136 138
136 142
136 143
136 195
136 483
137 135
137 144
137 189
137 201
137 285
138 29
138 129
138 136
138 142
138 143
139 64
139 65
139 247
139 298
139 361
140 115
140 132
140 277
140 389
140 483
141 145
141 448
141 470
141 471
141 497
142 95
142 136
142 138
142 143
142 281
143 31
143 136
143 138
143 142
143 182
144 115
144 135
144 137
144 145
144 483
145 141
145 144
145 426
145 482
145 483
146 124
146 148
146 151
146 374
146 402
147 59
147 97
147 150
147 218
147 461
148 146
148 151
148 403
148 470
148 471
149 182
149 195
149 238
149 327
149 485
150 97
150 147
150 307
150 416
150 444
150 454
150 458
150 475
151 146
151 148
151 154
151 215
151 253
152 251
152 254
152 258
152 360
152 473
153 97
153 179
153 330
153 346
153 408
154 151
154 155
154 157
154 208
154 304
155 154
155 157
155 162
155 181
155 407
156 256
156 344
156 346
156 394
157 154
157 155
157 162
157 166
157 429
158 292
158 293
158 294
158 466
158 473
159 160
159 344
159 405
159 409
159 445
159 460
160 76
160 159
160 202
160 205
160 242
161 60
161 196
161 271
161 286
161 414
162 155
162 157
162 391
162 449
162 459
163 76
163 166
163 481
163 488
163 490
164 167
164 169
164 290
164 328
164 383
165 76
165 166
165 245
166 3
166 157
166 163
166 165
166 190
166 413
166 429
167 164
167 169
167 328
167 467
167 493
168 173
168 283
168 284
168 493
168 500
169 164
169 167
169 328
169 379
169 479
170 174
170 177
170 317
170 328
170 494
171 406
171 433
171 474
171 493
171 495
172 100
172 186
172 231
172 449
172 459
173 168
173 281
173 282
173 378
173 438
174 170
174 177
174 326
174 390
174 398
175 9
175 267
175 268
175 285
175 443
176 118
176 198
176 326
176 438
176 496
177 118
177 170
177 174
177 326
177 489
178 33
178 118
178 234
178 326
178 350
179 100
179 153
179 186
179 207
179 251
180 33
180 118
180 181
180 388
180 462
181 155
181 180
181 375
181 407
181 446
182 143
182 149
182 183
182 375
182 470
183 134
183 182
183 446
183 477
183 484
184 110
184 112
184 115
184 360
184 499
185 191
185 202
185 271
185 470
185 482
186 172
186 179
186 345
186 390
186 398
187 269
187 272
187 273
187 470
187 471
188 102
188 228
188 329
188 423
188 430
189 9
189 137
189 194
189 196
189 285
190 47
190 166
190 246
190 345
190 429
191 2
191 56
191 185
191 192
191 193
192 191
192 193
192 390
192 424
192 499
193 191
193 192
193 378
193 390
193 438
194 24
194 73
194 189
194 196
194 245
195 136
195 149
195 198
195 368
195 483
196 60
196 161
196 189
196 194
196 295
197 14
197 32
197 127
197 400
197 415
198 176
198 195
198 327
198 368
198 496
199 14
199 97
199 221
199 253
199 279
200 235
200 254
200 258
200 281
200 411
201 9
201 105
201 137
201 217
201 381
201 435
202 160
202 185
202 203
202 213
202 214
202 368
203 64
203 94
203 202
203 213
203 290
203 383
204 206
204 213
204 295
204 396
204 486
204 492
205 160
205 206
205 230
205 271
205 335
205 445
206 204
206 205
206 209
206 275
206 309
206 388
207 179
207 208
207 247
207 251
207 291
207 388
208 154
208 207
208 214
208 244
208 302
208 430
209 206
209 211
209 215
209 244
209 309
209 498
210 225
210 226
210 234
210 316
210 445
210 460
211 209
211 215
211 322
211 326
211 452
212 84
212 91
212 98
212 392
212 395
212 437
213 94
213 202
213 203
213 204
213 295
213 453
214 202
214 208
214 215
214 242
214 244
214 335
215 111
215 151
215 209
215 211
215 214
215 253
216 101
216 219
216 233
216 414
216 428
216 489
217 105
217 201
217 381
217 445
217 460
217 493
218 101
218 147
218 349
218 357
218 396
218 458
219 54
219 101
219 216
219 333
219 357
219 443
220 17
220 221
220 223
220 427
220 448
220 470
221 17
221 100
221 199
221 220
221 226
221 357
222 224
222 343
222 347
222 354
222 371
222 450
223 220
223 357
223 367
223 398
223 469
223 482
224 124
224 222
224 232
224 347
224 356
224 423
225 210
225 226
225 252
225 421
225 457
225 463
226 210
226 221
226 225
226 228
226 239
226 316
227 310
227 316
227 319
227 375
227 433
227 498
228 188
228 226
228 231
228 236
228 376
228 463
229 20
229 29
229 130
229 272
229 273
229 475
230 14
230 205
230 270
230 291
230 295
230 388
231 172
231 228
231 233
231 236
231 449
231 459
232 16
232 19
232 20
232 224
232 365
232 423
233 49
233 216
233 231
233 236
233 310
233 414
234 178
234 210
234 310
234 350
234 468
234 487
235 200
235 254
235 258
235 261
235 337
235 499
236 67
236 228
236 231
236 233
236 446
236 468
237 239
237 243
237 245
237 264
237 357
237 499
238 149
238 287
238 302
238 329
238 343
238 483
239 97
239 226
239 237
239 243
239 245
239 376
240 14
240 253
240 255
240 268
240 364
240 456
241 270
241 280
241 381
241 444
241 474
241 495
242 160
242 214
242 376
242 391
242 419
242 470
243 237
243 239
243 245
243 278
243 354
243 498
244 208
244 209
244 214
244 291
244 437
244 440
245 165
245 194
245 237
245 239
245 243
245 272
246 16
246 127
246 190
246 345
246 410
246 415
247 61
247 139
247 207
247 319
247 323
247 327
248 41
248 79
248 255
248 297
248 345
248 499
249 18
249 36
249 252
249 255
249 308
249 470
250 388
250 408
250 437
250 456
250 462
250 477
251 68
251 152
251 179
251 207
251 303
251 323
252 113
252 225
252 249
252 255
252 463
253 111
253 151
253 199
253 215
253 240
253 263
254 152
254 200
254 235
254 360
254 418
254 442
255 240
255 248
255 249
255 252
255 456
255 496
256 156
256 257
256 260
256 362
256 436
256 478
257 256
257 260
257 412
257 446
257 466
257 473
258 152
258 200
258 235
258 260
258 360
258 464
259 260
259 262
259 330
259 367
259 469
259 482
260 256
260 257
260 258
260 259
260 421
260 447
261 235
261 342
261 347
261 377
261 389
261 499
262 41
262 63
262 259
262 330
262 381
262 464
263 253
263 264
263 266
263 498
264 41
264 237
264 263
264 266
264 365
264 499
265 5
265 41
265 266
265 330
265 333
265 443
266 95
266 263
266 264
266 265
266 287
266 411
267 175
267 268
267 343
267 361
267 371
267 450
268 175
268 240
268 267
268 269
268 456
268 496
269 120
269 187
269 268
269 383
269 399
269 477
270 14
270 230
270 241
270 280
270 381
270 444
271 161
271 185
271 205
271 286
271 299
271 335
272 24
272 73
272 187
272 229
272 245
272 273
273 7
273 103
273 133
273 187
273 229
273 272
274 19
274 91
274 275
274 276
274 320
274 356
275 122
275 206
275 274
275 320
275 372
275 419
276 80
276 122
276 130
276 274
276 453
276 492
277 85
277 140
277 278
277 279
277 426
277 483
278 94
278 243
278 277
278 279
278 320
278 498
279 100
279 199
279 277
279 278
279 372
279 376
280 241
280 270
280 307
280 325
280 444
280 500
281 142
281 173
281 200
281 287
281 372
281 427
282 21
282 173
282 283
282 344
282 409
282 422
283 168
283 282
283 284
283 448
283 470
283 471
284 168
284 283
284 288
284 387
284 418
284 442
285 137
285 175
285 189
285 290
285 434
285 454
286 161
286 271
286 297
286 300
286 399
286 412
287 57
287 238
287 266
287 281
287 329
287 411
288 284
288 290
288 299
288 328
288 339
288 490
289 301
289 307
289 444
289 469
289 482
289 493
290 64
290 164
290 203
290 285
290 288
290 292
291 207
291 230
291 244
291 388
291 456
291 496
292 82
292 107
292 158
292 290
292 293
292 303
293 45
293 158
293 292
293 359
293 449
293 497
294 38
294 78
294 158
294 297
294 338
294 414
295 60
295 94
295 196
295 204
295 213
295 230
296 35
296 38
296 119
296 317
296 319
296 500
297 248
297 286
297 294
297 414
297 477
297 484
298 46
298 139
298 337
298 361
298 414
298 437
299 271
299 288
299 300
299 328
299 337
299 388
300 126
300 286
300 299
300 337
300 467
300 487
300 491
301 63
301 289
301 307
301 308
301 418
301 421
301 447
302 63
302 66
302 69
302 208
302 238
302 428
302 430
303 82
303 107
303 251
303 292
303 306
303 314
303 410
304 154
304 306
304 342
304 347
304 354
304 377
304 430
305 314
305 331
305 333
305 335
305 336
305 378
305 438
306 42
306 68
306 303
306 304
306 314
306 377
306 430
307 150
307 280
307 289
307 301
307 308
307 475
307 480
308 18
308 249
308 301
308 307
308 325
308 348
308 418
309 206
309 209
309 361
309 405
309 410
309 421
309 434
310 227
310 233
310 234
310 415
310 481
310 488
310 490
311 336
311 349
311 350
311 351
311 406
311 451
311 474
312 59
312 317
312 324
312 389
312 418
312 461
312 480
313 1
313 42
313 55
313 56
313 412
313 466
313 473
314 303
314 305
314 306
314 315
314 438
315 15
315 101
315 123
315 314
315 332
315 334
315 338
316 17
316 72
316 210
316 226
316 227
316 404
316 425
317 170
317 296
317 312
317 324
317 325
317 433
317 483
318 392
318 397
318 468
318 474
318 477
319 60
319 227
319 247
319 296
319 375
319 386
319 494
320 30
320 85
320 274
320 275
320 278
320 453
320 492
321 323
321 355
321 364
321 380
321 481
321 488
321 495
322 36
322 37
322 40
322 87
322 211
322 339
323 247
323 251
323 321
323 327
323 349
323 350
323 353
324 117
324 312
324 317
324 325
324 331
324 352
324 410
325 280
325 308
325 317
325 324
325 418
325 493
325 500
326 87
326 105
326 174
326 176
326 177
326 178
326 211
327 149
327 198
327 247
327 323
327 390
327 402
327 486
328 164
328 167
328 169
328 170
328 288
328 299
328 339
329 128
329 188
329 238
329 287
329 381
329 464
329 478
330 153
330 259
330 262
330 265
330 402
330 408
330 500
331 305
331 324
331 333
331 335
331 439
331 472
331 493
332 15
332 18
332 21
332 23
332 101
332 123
332 315
333 219
333 265
333 305
333 331
333 335
333 336
333 443
334 70
334 315
334 338
334 341
334 406
334 474
334 495
335 205
335 214
335 271
335 305
335 331
335 333
335 336
336 305
336 311
336 333
336 335
336 431
336 437
336 440
337 235
337 298
337 299
337 300
337 406
337 451
337 495
338 38
338 51
338 78
338 294
338 315
338 334
338 341
339 40
339 44
339 45
339 288
339 322
339 328
339 462
340 351
340 369
340 371
340 374
340 428
340 476
340 484
341 334
341 338
341 343
341 409
341 445
341 460
342 76
342 125
342 261
342 304
342 414
342 485
342 489
343 13
343 222
343 238
343 267
343 341
343 353
343 452
344 21
344 156
344 159
344 282
344 346
344 422
345 47
345 186
345 190
345 246
345 248
345 390
345 398
346 94
346 153
346 156
346 344
346 403
346 434
346 452
347 21
347 222
347 224
347 261
347 304
347 386
347 422
348 18
348 36
348 308
348 408
348 413
348 415
348 430
349 218
349 311
349 323
349 350
349 351
349 401
349 485
350 178
350 234
350 311
350 323
350 349
350 351
350 446
351 311
351 340
351 349
351 350
351 353
351 428
351 497
352 117
352 324
352 376
352 386
352 396
352 398
352 452
353 323
353 343
353 351
353 355
353 364
353 371
353 450
354 112
354 222
354 243
354 304
354 356
354 419
354 498
355 321
355 353
355 364
355 366
355 389
355 396
355 461
356 1
356 91
356 224
356 274
356 354
356 417
356 459
356 461
357 218
357 219
357 221
357 223
357 237
357 365
357 424
357 499
358 81
358 91
358 120
358 121
358 133
358 362
358 393
358 468
359 58
359 293
359 373
359 384
359 457
359 479
359 490
359 497
360 65
360 68
360 152
360 184
360 254
360 258
360 365
360 499
361 46
361 139
361 267
361 298
361 309
361 400
361 405
361 410
362 37
362 62
362 121
362 129
362 134
362 256
362 358
362 394
363 373
363 384
363 439
363 457
363 468
363 472
363 490
363 500
364 33
364 92
364 240
364 321
364 353
364 355
364 366
364 496
365 20
365 22
365 26
365 232
365 264
365 357
365 360
365 424
366 355
366 364
366 367
366 369
366 372
366 434
366 484
366 498
367 223
367 259
367 366
367 369
367 469
367 482
367 484
367 492
368 195
368 198
368 202
368 390
368 427
368 441
368 448
369 340
369 366
369 367
369 371
369 372
369 419
369 434
369 484
370 50
370 382
370 404
370 411
370 416
370 440
370 488
370 490
371 222
371 267
371 340
371 353
371 369
371 374
371 450
371 484
372 275
372 279
372 281
372 366
372 369
372 436
372 452
372 481
373 10
373 359
373 363
373 384
373 414
373 457
373 468
373 489
374 113
374 124
374 146
374 340
374 371
374 400
374 426
374 484
375 35
375 181
375 182
375 227
375 319
375 446
375 453
375 494
376 113
376 228
376 239
376 242
376 279
376 352
376 386
376 419
377 42
377 57
377 128
377 261
377 304
377 306
377 385
377 389
378 85
378 173
378 193
378 305
378 379
378 380
378 382
378 387
379 109
379 169
379 378
379 380
379 382
379 387
379 397
379 479
380 23
380 99
380 321
380 378
380 379
380 382
380 387
380 406
381 105
381 201
381 217
381 241
381 262
381 270
381 329
381 464
382 370
382 378
382 379
382 380
382 406
382 441
382 481
382 490
383 64
383 164
383 203
383 269
383 405
383 412
383 437
383 461
384 359
384 363
384 373
384 457
384 463
384 465
384 468
384 490
385 42
385 54
385 58
385 62
385 69
385 77
385 377
385 430
386 21
386 319
386 347
386 352
386 376
386 396
386 422
386 470
387 110
387 284
387 378
387 379
387 380
387 406
387 418
387 442
388 116
388 180
388 206
388 207
388 230
388 250
388 291
388 299
389 57
389 140
389 261
389 312
389 355
389 377
389 461
389 485
390 174
390 186
390 192
390 193
390 327
390 345
390 368
390 398
391 103
391 162
391 242
391 403
391 419
391 457
391 463
391 465
392 212
392 318
392 393
392 395
392 397
392 437
392 468
392 474
393 81
393 358
393 392
393 397
393 446
393 457
393 468
393 474
393 500
394 90
394 156
394 362
394 420
394 427
394 436
394 451
394 455
395 85
395 212
395 392
395 436
395 438
395 440
395 445
395 453
395 478
396 204
396 218
396 352
396 355
396 386
396 401
396 452
396 470
396 485
397 93
397 109
397 318
397 379
397 392
397 393
397 474
397 477
397 479
398 174
398 186
398 223
398 345
398 352
398 390
398 421
398 452
398 463
399 79
399 83
399 269
399 286
399 401
399 407
399 423
399 475
399 487
400 197
400 361
400 374
400 405
400 410
400 422
400 458
401 349
401 396
401 399
401 407
401 423
401 461
401 474
401 485
401 487
402 88
402 89
402 93
402 146
402 327
402 330
402 435
402 468
402 476
403 103
403 148
403 346
403 391
403 420
403 432
403 451
403 452
403 498
404 2
404 20
404 72
404 131
404 316
404 370
404 411
404 425
404 440
405 159
405 309
405 361
405 383
405 400
405 409
405 410
406 171
406 311
406 334
406 337
406 380
406 382
406 387
406 413
406 451
407 69
407 114
407 155
407 181
407 399
407 401
407 423
407 477
407 487
408 153
408 250
408 330
408 348
408 412
408 415
408 430
408 478
408 497
409 43
409 44
409 45
409 49
409 74
409 159
409 282
409 341
409 405
410 82
410 117
410 246
410 303
410 309
410 324
410 361
410 400
410 405
411 58
411 95
411 200
411 266
411 287
411 370
411 404
411 416
411 473
412 257
412 286
412 313
412 383
412 408
412 437
412 461
412 466
412 473
413 3
413 166
413 348
413 406
413 415
413 429
413 430
414 95
414 161
414 216
414 233
414 294
414 297
414 298
414 342
414 373
414 489
415 53
415 75
415 197
415 246
415 310
415 348
415 408
415 413
415 430
415 461
416 70
416 150
416 370
416 411
416 427
416 454
416 458
416 462
416 475
416 480
417 46
417 91
417 356
417 425
417 449
417 454
417 459
417 465
417 476
417 485
418 22
418 110
418 254
418 284
418 301
418 308
418 312
418 325
418 387
418 491
419 103
419 242
419 275
419 354
419 369
419 376
419 391
419 431
419 452
419 498
420 30
420 55
420 66
420 106
420 112
420 394
420 403
420 431
420 451
420 492
421 104
421 225
421 260
421 301
421 309
421 398
421 447
421 452
421 455
421 464
422 282
422 344
422 347
422 386
422 400
422 426
422 455
422 456
422 458
422 463
423 100
423 102
423 188
423 224
423 232
423 399
423 401
423 407
423 477
423 487
424 65
424 192
424 357
424 365
424 439
424 455
424 458
424 462
424 473
424 499
425 72
425 131
425 316
425 404
425 417
425 438
425 445
425 453
425 465
425 485
426 115
426 145
426 277
426 374
426 422
426 435
426 447
426 456
426 483
426 493
427 98
427 220
427 281
427 368
427 394
427 416
427 441
427 451
427 471
427 488
428 70
428 216
428 302
428 340
428 351
428 434
428 473
428 476
428 478
428 497
429 3
429 157
429 166
429 190
429 413
429 433
429 436
429 449
429 475
429 487
430 188
430 208
430 302
430 304
430 306
430 348
430 385
430 408
430 413
430 415
431 28
431 84
431 88
431 103
431 336
431 419
431 420
431 437
431 440
431 451
432 25
432 403
432 442
432 448
432 450
432 452
432 480
432 491
432 495
432 498
433 108
433 119
433 171
433 227
433 317
433 429
433 436
433 449
433 475
433 479
434 6
434 63
434 66
434 285
434 309
434 346
434 366
434 369
434 428
434 498
435 6
435 201
435 402
435 426
435 447
435 456
435 476
435 478
435 493
435 497
436 37
436 62
436 256
436 372
436 394
436 395
436 429
436 433
436 449
436 475
437 212
437 244
437 250
437 298
437 336
437 383
437 392
437 412
437 431
437 461
438 85
438 173
438 176
438 193
438 305
438 314
438 395
438 425
438 445
438 453
438 478
439 84
439 331
439 363
439 424
439 454
439 462
439 463
439 470
439 473
439 487
439 500
440 2
440 27
440 28
440 108
440 244
440 336
440 370
440 395
440 404
440 431
440 486
441 368
441 382
441 427
441 460
441 469
441 471
441 479
441 481
441 482
441 488
442 22
442 110
442 254
442 284
442 387
442 432
442 448
442 450
442 459
442 480
442 491
443 5
443 10
443 13
443 16
443 19
443 54
443 99
443 175
443 219
443 265
443 333
444 150
444 241
444 270
444 280
444 289
444 447
444 475
444 480
445 74
445 159
445 205
445 210
445 217
445 341
445 395
445 425
445 438
445 453
445 478
446 33
446 39
446 67
446 123
446 181
446 183
446 236
446 257
446 350
446 375
446 393
447 105
447 128
447 260
447 301
447 421
447 426
447 435
447 444
447 456
447 464
447 493
448 98
448 141
448 220
448 283
448 368
448 432
448 442
448 450
448 459
448 480
448 491
449 19
449 162
449 172
449 231
449 293
449 417
449 429
449 433
449 436
449 475
449 487
450 13
450 222
450 267
450 353
450 371
450 432
450 442
450 448
450 459
450 480
450 491
451 27
451 311
451 337
451 394
451 403
451 406
451 420
451 427
451 431
451 474
451 495
452 211
452 343
452 346
452 352
452 372
452 396
452 398
452 403
452 419
452 421
452 432
453 80
453 135
453 213
453 276
453 320
453 375
453 395
453 425
453 438
453 445
453 478
453 486
454 13
454 150
454 285
454 416
454 417
454 439
454 458
454 465
454 475
454 476
454 480
454 485
455 84
455 394
455 421
455 422
455 424
455 458
455 462
455 463
455 467
455 491
455 493
455 500
456 83
456 240
456 250
456 255
456 268
456 291
456 422
456 426
456 435
456 447
456 460
456 496
457 27
457 71
457 86
457 225
457 359
457 363
457 373
457 384
457 391
457 393
457 468
457 490
458 150
458 218
458 400
458 416
458 422
458 424
458 454
458 455
458 463
458 475
458 480
458 488
459 90
459 162
459 172
459 231
459 356
459 417
459 442
459 448
459 450
459 483
459 486
459 491
460 74
460 159
460 210
460 217
460 341
460 441
460 456
460 471
460 479
460 481
460 482
460 490
461 131
461 147
461 312
461 355
461 356
461 383
461 389
461 401
461 412
461 415
461 437
461 485
462 75
462 116
462 125
462 180
462 250
462 339
462 416
462 424
462 439
462 455
462 463
462 473
463 225
463 228
463 252
463 384
463 391
463 398
463 422
463 439
463 455
463 458
463 462
463 465
464 258
464 262
464 329
464 381
464 421
464 447
464 467
464 472
464 489
464 492
464 494
464 495
464 496
465 27
465 51
465 71
465 86
465 119
465 384
465 391
465 417
465 425
465 454
465 463
465 476
465 485
466 1
466 26
466 71
466 158
466 257
466 313
466 412
466 469
466 482
466 483
466 486
466 488
466 498
467 61
467 167
467 300
467 455
467 464
467 487
467 489
467 491
467 492
467 494
467 495
467 496
467 499
468 39
468 67
468 234
468 236
468 318
468 358
468 363
468 373
468 384
468 392
468 393
468 402
468 457
469 17
469 223
469 259
469 289
469 367
469 441
469 466
469 473
469 481
469 482
469 483
469 488
469 498
470 98
470 141
470 148
470 182
470 185
470 187
470 220
470 242
470 249
470 283
470 386
470 396
470 439
471 141
471 148
471 187
471 283
471 427
471 441
471 460
471 479
471 481
471 482
471 490
471 491
471 494
472 84
472 331
472 363
472 464
472 484
472 487
472 489
472 491
472 492
472 494
472 495
472 496
472 499
473 1
473 26
473 152
473 158
473 257
473 313
473 411
473 412
473 424
473 428
473 439
473 462
473 469
473 474
474 4
474 106
474 171
474 241
474 311
474 318
474 334
474 392
474 393
474 397
474 401
474 451
474 473
474 477
475 150
475 229
475 307
475 399
475 416
475 429
475 433
475 436
475 444
475 449
475 454
475 458
475 477
475 480
476 62
476 88
476 96
476 340
476 402
476 417
476 428
476 435
476 454
476 465
476 478
476 481
476 485
476 497
477 11
477 120
477 134
477 183
477 250
477 269
477 297
477 318
477 397
477 407
477 423
477 474
477 475
477 478
478 6
478 30
478 256
478 329
478 395
478 408
478 428
478 435
478 438
478 445
478 453
478 476
478 477
478 497
479 12
479 93
479 109
479 169
479 359
479 379
479 397
479 433
479 441
479 460
479 471
479 481
479 482
479 485
480 307
480 312
480 416
480 432
480 442
480 444
480 448
480 450
480 454
480 458
480 475
480 489
480 492
480 495
481 99
481 163
481 310
481 321
481 372
481 382
481 441
481 460
481 469
481 471
481 476
481 479
481 482
481 488
482 17
482 145
482 185
482 223
482 259
482 289
482 367
482 441
482 460
482 466
482 469
482 471
482 479
482 481
482 490
483 136
483 140
483 144
483 145
483 195
483 238
483 277
483 317
483 426
483 459
483 466
483 469
483 486
483 488
483 498
484 8
484 89
484 183
484 297
484 340
484 366
484 367
484 369
484 371
484 374
484 472
484 487
484 491
484 493
484 500
485 56
485 59
485 149
485 342
485 349
485 389
485 396
485 401
485 417
485 425
485 454
485 461
485 465
485 476
485 479
486 80
486 90
486 132
486 135
486 204
486 327
486 440
486 453
486 459
486 466
486 483
486 488
486 491
486 492
486 498
487 22
487 68
487 126
487 234
487 300
487 399
487 401
487 407
487 423
487 429
487 439
487 449
487 467
487 472
487 484
488 23
488 32
488 40
488 163
488 310
488 321
488 370
488 427
488 441
488 458
488 466
488 469
488 481
488 483
488 486
488 498
489 7
489 76
489 102
489 118
489 177
489 216
489 342
489 373
489 414
489 464
489 467
489 472
489 480
489 492
489 494
489 495
490 10
490 23
490 40
490 99
490 163
490 288
490 310
490 359
490 363
490 370
490 382
490 384
490 457
490 460
490 471
490 482
491 39
491 52
491 126
491 300
491 418
491 432
491 442
491 448
491 450
491 455
491 459
491 467
491 471
491 472
491 484
491 486
491 493
491 498
492 30
492 67
492 112
492 132
492 135
492 204
492 276
492 320
492 367
492 420
492 464
492 467
492 472
492 480
492 486
492 489
492 494
492 495
493 68
493 89
493 114
493 116
493 167
493 168
493 171
493 217
493 289
493 325
493 331
493 426
493 435
493 447
493 455
493 484
493 491
493 498
494 35
494 47
494 48
494 108
494 119
494 122
494 170
494 319
494 375
494 464
494 467
494 471
494 472
494 489
494 492
494 496
494 499
494 500
495 4
495 39
495 70
495 104
495 106
495 171
495 241
495 321
495 334
495 337
495 432
495 451
495 464
495 467
495 472
495 480
495 489
495 492
496 33
496 79
496 92
496 99
496 176
496 198
496 255
496 268
496 291
496 364
496 456
496 464
496 467
496 472
496 494
496 497
496 499
496 500
497 141
497 293
497 351
497 359
497 408
497 428
497 435
497 476
497 478
497 496
497 499
497 500
498 25
498 126
498 209
498 227
498 243
498 263
498 278
498 354
498 366
498 403
498 419
498 432
498 434
498 466
498 469
498 483
498 486
498 488
498 491
498 493
499 65
499 111
499 184
499 192
499 235
499 237
499 248
499 261
499 264
499 357
499 360
499 424
499 467
499 472
499 494
499 496
499 497
499 500
500 8
500 61
500 168
500 280
500 296
500 325
500 330
500 363
500 393
500 439
500 455
500 484
500 494
500 496
500 497
500 499
