1 20
2 9
3 3
4 29
5 26
6 39
7 31
8 37
9 29
10 18
11 20
12 17
13 45
14 38
15 47
16 9
17 38
18 9
19 46
20 25
21 21
22 21
23 34
24 13
25 14
26 2
27 25
28 36
29 42
30 28
31 40
32 28
33 6
34 27
35 16
36 7
37 29
38 22
39 28
40 30
41 19
42 39
43 23
44 4
45 19
46 29
47 31
48 17
49 12
50 49
51 28
52 8
53 26
54 5
55 39
56 42
57 6
58 14
59 15
60 9
61 47
62 8
63 7
64 17
65 4
66 35
67 22
68 31
69 43
70 34
71 43
72 35
73 28
74 38
75 12
76 42
77 38
78 10
79 21
80 40
81 41
82 1
83 46
84 28
85 24
86 17
87 2
88 31
89 40
90 2
91 14
92 21
93 41
94 31
95 24
96 25
97 22
98 34
99 19
100 23
101 3
102 38
103 26
104 31
105 27
106 3
107 20
108 25
109 31
110 14
111 42
112 15
113 42
114 22
115 20
116 42
117 28
118 3
119 20
120 25
121 33
122 31
123 28
124 7
125 31
126 15
127 19
128 28
129 15
130 1
131 3
132 26
133 15
134 13
135 46
136 48
137 18
138 43
139 41
140 25
141 26
142 12
143 6
144 9
145 26
146 27
147 22
148 12
149 12
150 36
151 22
152 48
153 47
154 31
155 34
156 37
157 1
158 10
159 28
160 3
161 5
162 33
163 21
164 9
165 23
166 43
167 5
168 37
169 35
170 27
171 15
172 21
173 37
174 38
175 37
176 2
177 35
178 6
179 26
180 38
181 4
182 3
183 42
184 1
185 31
186 25
187 20
188 29
189 12
190 36
191 22
192 33
193 14
194 9
195 27
196 12
197 17
198 45
199 45
200 22
201 25
202 36
203 9
204 14
205 22
206 33
207 12
208 12
209 43
210 11
211 38
212 4
213 28
214 9
215 13
216 4
217 48
218 43
219 30
220 2
221 18
222 25
223 38
224 1
225 28
226 25
227 31
228 39
229 44
230 28
231 35
232 12
233 35
234 30
235 44
236 13
237 7
238 20
239 46
240 31
241 13
242 36
243 45
244 36
245 9
246 45
247 22
248 18
249 10
250 35
251 39
252 11
253 49
254 22
255 38
256 17
257 10
258 43
259 12
260 39
261 1
262 32
263 1
264 19
265 43
266 16
267 35
268 14
269 16
270 36
271 33
272 25
273 2
274 22
275 12
276 45
277 6
278 9
279 28
280 41
281 39
282 37
283 21
284 46
285 6
286 39
287 12
288 16
289 48
290 14
291 17
292 39
293 39
294 16
295 22
296 33
297 10
298 22
299 26
300 9
301 4
302 11
303 25
304 35
305 31
306 32
307 35
308 32
309 25
310 18
311 20
312 9
313 33
314 1
315 23
316 45
317 11
318 26
319 26
320 40
321 30
322 31
323 12
324 40
325 38
326 42
327 8
328 41
329 1
330 15
331 38
332 6
333 4
334 32
335 22
336 35
337 23
338 43
339 6
340 15
341 31
342 26
343 34
344 7
345 36
346 35
347 31
348 6
349 13
350 26
351 11
352 43
353 14
354 22
355 42
356 49
357 13
358 35
359 13
360 42
361 23
362 44
363 42
364 15
365 49
366 43
367 33
368 5
369 30
370 38
371 28
372 27
373 46
374 14
375 15
376 29
377 24
378 47
379 38
380 35
381 45
382 21
383 8
384 24
385 9
386 2
387 47
388 34
389 20
390 15
391 5
392 44
393 17
394 17
395 32
396 26
397 15
398 25
399 25
400 24
401 4
402 47
403 24
404 22
405 8
406 25
407 44
408 9
409 43
410 49
411 4
412 12
413 38
414 19
415 35
416 29
417 20
418 4
419 49
420 13
421 13
422 6
423 35
424 40
425 16
426 31
427 9
428 48
429 19
430 1
431 17
432 15
433 22
434 3
435 3
436 36
437 31
438 9
439 2
440 31
441 41
442 32
443 32
444 10
445 44
446 27
447 17
448 16
449 39
450 24
451 47
452 27
453 21
454 14
455 49
456 29
457 19
458 34
459 35
460 16
461 18
462 49
463 41
464 36
465 34
466 42
467 6
468 6
469 21
470 12
471 23
472 31
473 31
474 48
475 36
476 14
477 3
478 41
479 22
480 4
481 4
482 39
483 42
484 39
485 25
486 2
487 28
488 45
489 39
490 22
491 25
492 3
493 25
494 6
495 3
496 28
497 12
498 13
499 28
500 43
