1 3
1 274
1 304
1 312
1 480
2 32
2 77
2 78
2 79
2 497
3 1
3 6
3 24
3 312
3 353
4 154
4 278
4 288
4 302
4 485
5 6
5 288
5 302
5 353
5 415
6 3
6 5
6 50
6 288
6 302
7 28
7 42
7 124
7 150
7 151
8 9
8 10
8 26
8 302
8 342
9 8
9 10
9 21
9 292
9 406
10 8
10 9
10 35
10 302
10 471
11 109
11 110
11 112
11 113
11 278
12 20
12 191
12 196
12 434
12 484
13 14
13 16
13 25
13 256
13 470
14 13
14 16
14 17
14 256
14 463
15 30
15 33
15 247
15 439
15 470
16 13
16 14
16 17
16 38
16 417
17 14
17 16
17 186
17 256
17 423
18 19
18 87
18 186
18 296
18 479
19 18
19 20
19 186
19 470
19 486
20 12
20 19
20 186
20 372
20 446
21 9
21 22
21 24
21 25
21 392
22 21
22 24
22 25
22 467
22 499
23 50
23 96
23 200
23 352
23 477
24 3
24 21
24 22
24 236
24 411
25 13
25 21
25 22
25 26
25 236
26 8
26 25
26 229
26 236
26 495
27 55
27 132
27 133
27 171
27 307
28 7
28 36
28 124
28 138
28 150
29 58
29 59
29 174
29 309
29 396
30 15
30 32
30 229
30 247
30 355
31 35
31 201
31 479
31 484
31 490
32 2
32 30
32 33
32 35
32 236
33 15
33 32
33 35
33 98
33 247
34 35
34 38
34 47
34 468
34 488
35 10
35 31
35 32
35 33
35 34
36 28
36 130
36 131
36 133
36 474
37 38
37 39
37 40
37 388
37 489
38 16
38 34
38 37
38 39
38 40
39 37
39 38
39 40
39 280
40 37
40 38
40 39
40 43
40 346
41 43
41 346
41 374
41 476
41 493
42 7
42 51
42 69
42 72
42 74
43 40
43 41
43 49
43 52
43 346
44 46
44 137
44 139
44 295
44 451
45 103
45 151
45 152
45 177
45 460
46 44
46 89
46 91
46 93
46 488
47 34
47 154
47 167
47 194
47 435
48 52
48 53
48 289
48 314
48 419
49 43
49 53
49 82
49 346
49 490
50 6
50 23
50 96
50 200
50 251
51 42
51 67
51 68
51 121
51 190
52 43
52 48
52 53
52 314
52 346
53 48
53 49
53 52
53 314
53 364
54 56
54 57
54 76
54 459
54 470
55 27
55 135
55 213
55 222
55 307
56 54
56 57
56 174
56 309
56 430
57 54
57 56
57 174
57 276
57 309
58 29
58 59
58 60
58 147
58 323
59 29
59 58
59 60
59 347
60 58
60 59
60 62
60 226
60 228
61 93
61 105
61 106
61 107
61 109
62 60
62 63
62 64
62 228
62 435
63 62
63 64
63 181
63 429
63 475
64 62
64 63
64 65
64 84
64 228
65 64
65 66
65 90
65 190
65 294
66 65
66 294
66 333
66 416
66 466
67 51
67 294
67 324
67 463
67 494
68 51
68 69
68 182
68 294
68 453
69 42
69 68
69 70
69 74
69 100
70 69
70 72
70 74
70 75
70 467
71 73
71 171
71 450
71 456
71 489
72 42
72 70
72 75
72 86
72 444
73 71
73 85
73 157
73 160
73 258
74 42
74 69
74 70
74 75
74 118
75 70
75 72
75 74
75 76
75 192
76 54
76 75
76 77
76 291
76 407
77 2
77 76
77 352
77 376
77 420
78 2
78 79
78 80
78 81
78 105
79 2
79 78
79 80
79 295
79 351
80 78
80 79
80 81
80 84
80 88
81 78
81 80
81 84
81 239
81 459
82 49
82 86
82 87
82 380
82 485
83 85
83 158
83 171
83 181
83 478
84 64
84 80
84 81
84 86
84 478
85 73
85 83
85 158
85 416
85 471
86 72
86 82
86 84
86 87
86 93
87 18
87 82
87 86
87 93
87 281
88 80
88 101
88 103
88 105
88 106
89 46
89 91
89 94
89 164
89 346
90 65
90 146
90 148
90 149
90 254
91 46
91 89
91 94
91 395
91 406
92 102
92 118
92 119
92 120
92 121
93 46
93 61
93 86
93 87
93 94
94 89
94 91
94 93
94 382
94 500
95 167
95 182
95 191
95 197
95 483
96 23
96 50
96 260
96 354
96 411
97 99
97 135
97 200
97 251
97 476
98 33
98 226
98 354
98 452
98 489
99 97
99 155
99 195
99 200
99 410
100 69
100 101
100 103
100 195
100 460
101 88
101 100
101 103
101 220
101 497
102 92
102 115
102 116
102 117
102 119
103 45
103 88
103 100
103 101
103 195
104 134
104 135
104 139
104 295
104 304
105 61
105 78
105 88
105 164
105 463
106 61
106 88
106 203
106 309
106 483
107 61
107 109
107 140
107 320
107 488
108 128
108 374
108 422
108 425
108 458
109 11
109 61
109 107
109 113
109 158
110 11
110 188
110 299
110 480
110 497
111 146
111 194
111 254
111 308
111 353
112 11
112 113
112 188
112 262
112 461
113 11
113 109
113 112
113 126
113 188
114 116
114 138
114 150
114 402
114 409
115 102
115 116
115 117
115 152
115 188
116 102
116 114
116 115
116 117
116 456
117 102
117 115
117 116
117 119
117 411
118 74
118 92
118 120
118 287
118 482
119 92
119 102
119 117
119 208
119 373
120 92
120 118
120 122
120 123
120 429
121 51
121 92
121 123
121 125
121 127
122 120
122 160
122 178
122 181
122 314
123 120
123 121
123 125
123 127
123 354
124 7
124 28
124 224
124 348
124 382
125 121
125 123
125 127
125 129
125 461
126 113
126 153
126 154
126 194
126 480
127 121
127 123
127 125
127 129
127 136
128 108
128 147
128 161
128 162
128 374
129 125
129 127
129 131
129 427
129 428
130 36
130 131
130 133
130 150
130 431
131 36
131 129
131 130
131 133
131 435
132 27
132 133
132 187
132 465
132 468
133 27
133 36
133 130
133 131
133 132
134 104
134 165
134 222
134 307
134 479
135 55
135 97
135 104
135 222
135 307
136 127
136 137
136 141
136 295
136 473
137 44
137 136
137 141
137 156
137 486
138 28
138 114
138 149
138 182
138 254
139 44
139 104
139 141
139 190
139 343
140 107
140 157
140 167
140 258
140 350
141 136
141 137
141 139
141 144
141 462
142 143
142 144
142 145
142 312
142 403
143 142
143 144
143 145
143 162
143 487
144 141
144 142
144 143
144 145
144 461
145 142
145 143
145 144
145 146
145 267
146 90
146 111
146 145
146 469
146 472
147 58
147 128
147 161
147 162
147 163
147 168
148 90
148 149
148 254
148 414
148 456
149 90
149 138
149 148
149 254
149 372
150 7
150 28
150 114
150 130
150 151
151 7
151 45
151 150
151 185
151 493
152 45
152 115
152 153
152 274
152 473
153 126
153 152
153 177
153 194
153 372
154 4
154 47
154 126
154 293
154 360
155 99
155 156
155 194
155 220
155 327
156 137
156 155
156 167
156 220
156 258
157 73
157 140
157 197
157 220
157 258
158 83
158 85
158 109
158 171
158 371
159 160
159 239
159 281
159 379
159 500
160 73
160 122
160 159
160 171
160 239
160 271
161 128
161 147
161 162
161 168
161 473
161 477
162 128
162 143
162 147
162 161
162 163
162 168
163 147
163 162
163 168
163 307
163 374
163 498
164 89
164 105
164 209
164 282
164 297
164 320
164 466
165 134
165 330
165 347
165 351
165 352
165 376
166 172
166 192
166 274
166 308
166 313
166 325
167 47
167 95
167 140
167 156
167 220
167 370
168 147
168 161
168 162
168 163
168 169
168 393
169 168
169 172
169 271
169 284
169 291
169 477
170 179
170 244
170 284
170 291
170 437
170 463
171 27
171 71
171 83
171 158
171 160
171 375
172 166
172 169
172 179
172 271
172 284
172 291
173 185
173 189
173 193
173 202
173 210
173 363
174 29
174 56
174 57
174 228
174 288
174 309
175 176
175 177
175 179
175 180
175 184
175 434
176 175
176 179
176 180
176 193
176 271
176 447
177 45
177 153
177 175
177 194
177 334
177 489
178 122
178 239
178 355
178 441
178 498
178 499
179 170
179 172
179 175
179 176
179 180
179 350
180 175
180 176
180 179
180 184
180 185
180 458
181 63
181 83
181 122
181 239
181 261
181 462
182 68
182 95
182 138
182 191
182 196
182 239
183 243
183 250
183 296
183 356
183 400
183 482
184 175
184 180
184 185
184 430
184 469
184 482
185 151
185 173
185 180
185 184
185 189
185 415
186 17
186 18
186 19
186 20
186 273
186 408
187 132
187 260
187 281
187 348
187 392
187 416
188 110
188 112
188 113
188 115
188 450
188 486
189 173
189 185
189 193
189 202
189 338
189 363
190 51
190 65
190 139
190 294
190 377
190 460
191 12
191 95
191 182
191 196
191 279
191 416
192 75
192 166
192 199
192 313
192 325
192 343
193 173
193 176
193 189
193 202
193 363
193 393
194 47
194 111
194 126
194 153
194 155
194 177
195 99
195 100
195 103
195 202
195 306
195 461
196 12
196 182
196 191
196 345
196 358
196 377
197 95
197 157
197 316
197 373
197 424
197 499
198 204
198 299
198 315
198 318
198 319
198 490
199 192
199 209
199 248
199 274
199 293
199 373
200 23
200 50
200 97
200 99
200 251
200 500
201 31
201 203
201 289
201 316
201 329
201 420
202 173
202 189
202 193
202 195
202 363
202 499
203 106
203 201
203 289
203 316
203 340
203 484
204 198
204 242
204 253
204 299
204 315
204 469
205 208
205 210
205 211
205 363
205 378
205 498
206 334
206 336
206 355
206 371
206 375
206 413
207 214
207 215
207 275
207 289
207 395
207 470
208 119
208 205
208 210
208 211
208 212
208 363
209 164
209 199
209 282
209 297
209 306
209 348
210 173
210 205
210 208
210 211
210 212
210 483
211 205
211 208
211 210
211 212
211 258
211 443
212 208
212 210
212 211
212 218
212 227
212 454
213 55
213 245
213 275
213 376
213 389
213 491
214 207
214 215
214 241
214 245
214 275
214 449
215 207
215 214
215 245
215 275
215 495
215 500
216 218
216 219
216 337
216 365
216 456
216 469
217 233
217 237
217 238
217 388
217 464
217 491
218 212
218 216
218 219
218 337
218 454
218 500
219 216
219 218
219 221
219 223
219 337
219 452
220 101
220 155
220 156
220 157
220 167
220 258
221 219
221 223
221 224
221 227
221 382
221 442
222 55
222 134
222 135
222 307
222 344
222 495
223 219
223 221
223 224
223 227
223 337
223 388
224 124
224 221
224 223
224 227
224 230
224 298
225 237
225 238
225 243
225 251
225 400
225 410
226 60
226 98
226 232
226 241
226 259
226 415
227 212
227 221
227 223
227 224
227 230
227 298
228 60
228 62
228 64
228 174
228 408
228 464
229 26
229 30
229 236
229 247
229 289
229 386
230 224
230 227
230 298
230 327
230 353
230 479
231 233
231 235
231 327
231 388
231 448
231 463
232 226
232 241
232 259
232 318
232 366
232 455
233 217
233 231
233 235
233 238
233 388
233 500
234 236
234 262
234 264
234 335
234 342
234 406
235 231
235 233
235 237
235 238
235 327
235 479
236 24
236 25
236 26
236 32
236 229
236 234
237 217
237 225
237 235
237 238
237 454
237 467
238 217
238 225
238 233
238 235
238 237
238 247
239 81
239 159
239 160
239 178
239 181
239 182
240 260
240 287
240 308
240 313
240 320
240 384
241 214
241 226
241 232
241 259
241 459
241 489
242 204
242 253
242 279
242 285
242 286
242 331
243 183
243 225
243 356
243 400
243 440
243 450
244 170
244 246
244 249
244 303
244 398
244 400
245 213
245 214
245 215
245 259
245 347
245 359
246 244
246 249
246 250
246 301
246 303
246 356
247 15
247 30
247 33
247 229
247 238
247 267
248 199
248 274
248 293
248 325
248 373
248 424
249 244
249 246
249 270
249 303
249 356
249 472
250 183
250 246
250 303
250 356
250 395
250 439
251 50
251 97
251 200
251 225
251 340
251 445
252 255
252 257
252 263
252 280
252 303
252 397
253 204
253 242
253 285
253 286
253 385
253 486
254 90
254 111
254 138
254 148
254 149
254 261
255 252
255 257
255 263
255 303
255 331
255 448
256 13
256 14
256 17
256 335
256 368
256 400
257 252
257 255
257 263
257 272
257 404
257 449
258 73
258 140
258 156
258 157
258 211
258 220
259 226
259 232
259 241
259 245
259 369
259 482
260 96
260 187
260 240
260 281
260 306
260 340
260 416
261 181
261 254
261 280
261 330
261 352
261 360
261 403
262 112
262 234
262 292
262 310
262 372
262 406
262 428
263 252
263 255
263 257
263 264
263 272
263 381
263 475
264 234
264 263
264 292
264 335
264 339
264 390
264 455
265 266
265 269
265 276
265 379
265 401
265 446
265 489
266 265
266 269
266 276
266 337
266 401
266 446
266 489
267 145
267 247
267 280
267 339
267 360
267 403
267 408
268 278
268 310
268 325
268 352
268 354
268 377
268 483
269 265
269 266
269 273
269 276
269 300
269 401
269 488
270 249
270 328
270 338
270 366
270 379
270 389
270 451
271 160
271 169
271 172
271 176
271 284
271 291
271 425
272 257
272 263
272 277
272 279
272 285
272 404
272 482
273 186
273 269
273 276
273 290
273 300
273 438
273 489
274 1
274 152
274 166
274 199
274 248
274 313
274 373
275 207
275 213
275 214
275 215
275 289
275 489
275 492
276 57
276 265
276 266
276 269
276 273
276 290
276 305
277 272
277 279
277 285
277 342
277 404
277 425
277 496
278 4
278 11
278 268
278 304
278 353
278 358
278 377
279 191
279 242
279 272
279 277
279 285
279 404
279 465
280 39
280 252
280 261
280 267
280 360
280 403
280 415
281 87
281 159
281 187
281 260
281 306
281 340
281 394
282 164
282 209
282 297
282 340
282 347
282 348
282 359
283 303
283 332
283 369
283 393
283 415
283 422
283 459
284 169
284 170
284 172
284 271
284 291
284 405
284 422
285 242
285 253
285 272
285 277
285 279
285 388
285 418
286 242
286 253
286 299
286 315
286 356
286 443
286 478
287 118
287 240
287 308
287 320
287 343
287 384
287 492
288 4
288 5
288 6
288 174
288 312
288 329
288 383
289 48
289 201
289 203
289 207
289 229
289 275
289 439
290 273
290 276
290 300
290 305
290 311
290 317
290 431
291 76
291 169
291 170
291 172
291 271
291 284
291 461
292 9
292 262
292 264
292 300
292 372
292 381
292 406
293 154
293 199
293 248
293 309
293 350
293 370
293 373
294 65
294 66
294 67
294 68
294 190
294 327
294 370
295 44
295 79
295 104
295 136
295 365
295 465
295 475
296 18
296 183
296 339
296 384
296 408
296 412
296 431
297 164
297 209
297 282
297 320
297 324
297 348
297 384
298 224
298 227
298 230
298 327
298 332
298 436
298 472
299 110
299 198
299 204
299 286
299 315
299 427
299 468
300 269
300 273
300 290
300 292
300 305
300 311
300 317
301 246
301 328
301 382
301 389
301 394
301 420
301 460
302 4
302 5
302 6
302 8
302 10
302 444
302 460
303 244
303 246
303 249
303 250
303 252
303 255
303 283
304 1
304 104
304 278
304 312
304 353
304 377
304 422
305 276
305 290
305 300
305 311
305 317
305 340
305 427
306 195
306 209
306 260
306 281
306 340
306 420
306 467
307 27
307 55
307 134
307 135
307 163
307 222
307 368
308 111
308 166
308 240
308 287
308 343
308 384
308 402
309 29
309 56
309 57
309 106
309 174
309 293
309 314
310 262
310 268
310 358
310 372
310 378
310 406
310 462
311 290
311 300
311 305
311 317
311 321
311 427
311 491
312 1
312 3
312 142
312 288
312 304
312 353
312 423
313 166
313 192
313 240
313 274
313 325
313 343
313 371
314 48
314 52
314 53
314 122
314 309
314 315
314 442
315 198
315 204
315 286
315 299
315 314
315 437
315 484
316 197
316 201
316 203
316 319
316 373
316 429
316 493
317 290
317 300
317 305
317 311
317 321
317 391
317 427
318 198
318 232
318 319
318 350
318 370
318 401
318 460
319 198
319 316
319 318
319 350
319 370
319 479
319 496
320 107
320 164
320 240
320 287
320 297
320 384
320 494
321 311
321 317
321 329
321 331
321 344
321 393
321 427
322 323
322 329
322 331
322 341
322 345
322 427
322 498
323 58
323 322
323 324
323 378
323 395
323 407
323 411
323 429
324 67
324 297
324 323
324 378
324 395
324 407
324 409
324 434
325 166
325 192
325 248
325 268
325 313
325 343
325 344
325 373
326 367
326 387
326 391
326 399
326 447
326 452
326 466
326 488
327 155
327 230
327 231
327 235
327 294
327 298
327 388
327 428
328 270
328 301
328 379
328 382
328 389
328 394
328 414
328 487
329 201
329 288
329 321
329 322
329 331
329 341
329 344
329 345
330 165
330 261
330 347
330 376
330 392
330 394
330 445
330 485
331 242
331 255
331 321
331 322
331 329
331 341
331 344
331 345
332 283
332 298
332 369
332 398
332 415
332 459
332 479
332 486
333 66
333 381
333 383
333 385
333 386
333 390
333 411
333 472
334 177
334 206
334 355
334 371
334 375
334 409
334 413
334 427
335 234
335 256
335 264
335 339
335 342
335 368
335 486
335 495
336 206
336 355
336 371
336 375
336 413
336 424
336 477
336 492
337 216
337 218
337 219
337 223
337 266
337 392
337 459
337 486
338 189
338 270
338 366
338 379
338 385
338 416
338 431
338 437
339 264
339 267
339 296
339 335
339 342
339 368
339 408
339 425
340 203
340 251
340 260
340 281
340 282
340 305
340 306
340 348
341 322
341 329
341 331
341 344
341 345
341 427
341 457
341 497
342 8
342 234
342 277
342 335
342 339
342 368
342 398
342 408
343 139
343 192
343 287
343 308
343 313
343 325
343 357
343 422
344 222
344 321
344 325
344 329
344 331
344 341
344 345
344 427
345 196
345 322
345 329
345 331
345 341
345 344
345 361
345 368
346 40
346 41
346 43
346 49
346 52
346 89
346 455
346 472
347 59
347 165
347 245
347 282
347 330
347 351
347 360
347 376
348 124
348 187
348 209
348 282
348 297
348 340
348 367
348 403
349 357
349 359
349 361
349 364
349 365
349 424
349 439
349 498
350 140
350 179
350 293
350 318
350 319
350 370
350 432
350 487
351 79
351 165
351 347
351 376
351 392
351 397
351 404
351 426
352 23
352 77
352 165
352 261
352 268
352 360
352 403
352 485
353 3
353 5
353 111
353 230
353 278
353 304
353 312
353 354
354 96
354 98
354 123
354 268
354 353
354 358
354 372
354 377
355 30
355 178
355 206
355 334
355 336
355 371
355 375
355 413
356 183
356 243
356 246
356 249
356 250
356 286
356 400
356 499
357 343
357 349
357 359
357 361
357 364
357 365
357 424
357 433
358 196
358 278
358 310
358 354
358 372
358 377
358 390
358 480
359 245
359 282
359 349
359 357
359 361
359 364
359 365
359 424
360 154
360 261
360 267
360 280
360 347
360 352
360 474
360 479
361 345
361 349
361 357
361 359
361 364
361 365
361 437
361 488
362 397
362 398
362 417
362 436
362 439
362 450
362 479
362 483
363 173
363 189
363 193
363 202
363 205
363 208
363 368
363 484
364 53
364 349
364 357
364 359
364 361
364 365
364 417
364 424
365 216
365 295
365 349
365 357
365 359
365 361
365 364
365 424
366 232
366 270
366 338
366 376
366 379
366 381
366 385
366 431
367 326
367 348
367 387
367 391
367 399
367 426
367 452
367 488
368 256
368 307
368 335
368 339
368 342
368 345
368 363
368 495
369 259
369 283
369 332
369 393
369 425
369 459
369 486
369 499
370 167
370 293
370 294
370 318
370 319
370 350
370 373
370 405
371 158
371 206
371 313
371 334
371 336
371 355
371 375
371 413
371 483
372 20
372 149
372 153
372 262
372 292
372 310
372 354
372 358
372 406
373 119
373 197
373 199
373 248
373 274
373 293
373 316
373 325
373 370
374 41
374 108
374 128
374 163
374 393
374 422
374 425
374 442
374 471
375 171
375 206
375 334
375 336
375 355
375 371
375 407
375 413
375 482
376 77
376 165
376 213
376 330
376 347
376 351
376 366
376 459
376 492
377 190
377 196
377 268
377 278
377 304
377 354
377 358
377 397
377 426
378 205
378 310
378 323
378 324
378 386
378 395
378 407
378 409
378 434
379 159
379 265
379 270
379 328
379 338
379 366
379 382
379 389
379 417
380 82
380 396
380 412
380 419
380 435
380 445
380 449
380 453
380 469
381 263
381 292
381 333
381 366
381 383
381 385
381 390
381 431
381 499
382 94
382 124
382 221
382 301
382 328
382 379
382 389
382 420
382 441
383 288
383 333
383 381
383 385
383 390
383 406
383 422
383 431
383 490
384 240
384 287
384 296
384 297
384 308
384 320
384 399
384 438
384 481
385 253
385 333
385 338
385 366
385 381
385 383
385 410
385 431
385 491
386 229
386 333
386 378
386 390
386 411
386 429
386 434
386 450
386 499
387 326
387 367
387 399
387 405
387 429
387 441
387 452
387 488
387 493
388 37
388 217
388 223
388 231
388 233
388 285
388 327
388 432
388 456
389 213
389 270
389 301
389 328
389 379
389 382
389 394
389 449
389 458
390 264
390 333
390 358
390 381
390 383
390 386
390 411
390 429
390 431
391 317
391 326
391 367
391 399
391 405
391 441
391 452
391 488
391 493
392 21
392 187
392 330
392 337
392 351
392 400
392 416
392 468
392 495
393 168
393 193
393 283
393 321
393 369
393 374
393 422
393 425
393 493
394 281
394 301
394 328
394 330
394 389
394 420
394 436
394 460
394 485
395 91
395 207
395 250
395 323
395 324
395 378
395 407
395 434
395 468
396 29
396 380
396 412
396 414
396 433
396 435
396 445
396 449
396 453
397 252
397 351
397 362
397 377
397 398
397 417
397 436
397 439
397 460
398 244
398 332
398 342
398 362
398 397
398 417
398 436
398 439
398 450
399 326
399 367
399 384
399 387
399 391
399 405
399 433
399 438
399 441
400 183
400 225
400 243
400 244
400 256
400 356
400 392
400 492
400 498
401 265
401 266
401 269
401 318
401 419
401 446
401 464
401 468
401 489
402 114
402 308
402 405
402 414
402 433
402 441
402 445
402 449
402 496
403 142
403 261
403 267
403 280
403 348
403 352
403 408
403 464
403 474
404 257
404 272
404 277
404 279
404 351
404 407
404 479
404 488
404 494
405 284
405 370
405 387
405 391
405 399
405 402
405 433
405 441
405 500
406 9
406 91
406 234
406 262
406 292
406 310
406 372
406 383
406 433
407 76
407 323
407 324
407 375
407 378
407 395
407 404
407 409
407 434
408 186
408 228
408 267
408 296
408 339
408 342
408 403
408 466
408 480
409 114
409 324
409 334
409 378
409 407
409 413
409 420
409 434
409 487
410 99
410 225
410 385
410 413
410 415
410 417
410 450
410 479
410 485
410 486
411 24
411 96
411 117
411 323
411 333
411 386
411 390
411 429
411 435
411 487
412 296
412 380
412 396
412 419
412 421
412 448
412 453
412 477
412 486
412 495
413 206
413 334
413 336
413 355
413 371
413 375
413 409
413 410
413 416
413 473
414 148
414 328
414 396
414 402
414 418
414 433
414 435
414 441
414 445
414 449
415 5
415 185
415 226
415 280
415 283
415 332
415 410
415 459
415 479
415 486
416 66
416 85
416 187
416 191
416 260
416 338
416 392
416 413
416 476
416 487
417 16
417 362
417 364
417 379
417 397
417 398
417 410
417 439
417 450
417 499
418 285
418 414
418 423
418 430
418 454
418 458
418 481
418 483
418 484
418 491
419 48
419 380
419 401
419 412
419 421
419 448
419 453
419 473
419 475
419 477
420 77
420 201
420 301
420 306
420 382
420 394
420 409
420 433
420 436
420 460
421 412
421 419
421 428
421 432
421 436
421 442
421 448
421 453
421 475
421 477
422 108
422 283
422 284
422 304
422 343
422 374
422 383
422 393
422 425
422 481
423 17
423 312
423 418
423 430
423 440
423 458
423 465
423 481
423 484
423 491
424 197
424 248
424 336
424 349
424 357
424 359
424 364
424 365
424 477
424 488
425 108
425 271
425 277
425 339
425 369
425 374
425 393
425 422
425 453
425 489
426 351
426 367
426 377
426 438
426 443
426 466
426 485
426 487
426 488
426 499
427 129
427 299
427 305
427 311
427 317
427 321
427 322
427 334
427 341
427 344
428 129
428 262
428 327
428 421
428 432
428 442
428 456
428 461
428 463
428 475
429 63
429 120
429 316
429 323
429 386
429 387
429 390
429 411
429 434
429 494
430 56
430 184
430 418
430 423
430 440
430 444
430 465
430 470
430 480
430 484
431 130
431 290
431 296
431 338
431 366
431 381
431 383
431 385
431 390
431 487
432 350
432 388
432 421
432 428
432 434
432 442
432 448
432 453
432 456
432 475
432 476
433 357
433 396
433 399
433 402
433 405
433 406
433 414
433 420
433 441
433 445
433 449
434 12
434 175
434 324
434 378
434 386
434 395
434 407
434 409
434 429
434 432
434 481
435 47
435 62
435 131
435 380
435 396
435 411
435 414
435 441
435 445
435 449
435 488
436 298
436 362
436 394
436 397
436 398
436 420
436 421
436 439
436 453
436 459
436 460
437 170
437 315
437 338
437 361
437 446
437 451
437 464
437 468
437 472
437 482
437 489
438 273
438 384
438 399
438 426
438 443
438 452
438 466
438 473
438 485
438 487
438 499
439 15
439 250
439 289
439 349
439 362
439 397
439 398
439 417
439 436
439 450
439 498
440 243
440 423
440 430
440 444
440 465
440 470
440 480
440 484
440 490
440 493
440 494
441 178
441 382
441 387
441 391
441 399
441 402
441 405
441 414
441 433
441 435
441 478
442 221
442 314
442 374
442 421
442 428
442 432
442 456
442 461
442 463
442 469
442 491
443 211
443 286
443 426
443 438
443 452
443 460
443 466
443 473
443 485
443 487
443 488
444 72
444 302
444 430
444 440
444 447
444 455
444 465
444 470
444 480
444 484
444 499
445 251
445 330
445 380
445 396
445 402
445 414
445 433
445 435
445 448
445 449
445 496
446 20
446 265
446 266
446 401
446 437
446 451
446 468
446 472
446 482
446 489
446 497
447 176
447 326
447 444
447 455
447 470
447 473
447 480
447 481
447 485
447 487
447 499
448 231
448 255
448 412
448 419
448 421
448 432
448 445
448 453
448 475
448 477
448 496
449 214
449 257
449 380
449 389
449 396
449 402
449 414
449 433
449 435
449 445
449 477
450 71
450 188
450 243
450 362
450 386
450 398
450 410
450 417
450 439
450 486
450 499
451 44
451 270
451 437
451 446
451 461
451 463
451 464
451 469
451 472
451 482
451 497
452 98
452 219
452 326
452 367
452 387
452 391
452 438
452 443
452 466
452 477
452 488
453 68
453 380
453 396
453 412
453 419
453 421
453 425
453 432
453 436
453 448
453 475
453 477
454 212
454 218
454 237
454 418
454 458
454 467
454 476
454 478
454 481
454 483
454 491
454 494
455 232
455 264
455 346
455 444
455 447
455 465
455 470
455 472
455 473
455 480
455 487
455 499
456 71
456 116
456 148
456 216
456 388
456 428
456 432
456 442
456 461
456 463
456 469
456 475
457 341
457 474
457 490
457 492
457 493
457 495
457 496
457 497
457 498
457 500
458 108
458 180
458 389
458 418
458 423
458 454
458 467
458 476
458 481
458 483
458 484
458 491
459 54
459 81
459 241
459 283
459 332
459 337
459 369
459 376
459 415
459 436
459 486
459 489
460 45
460 100
460 190
460 301
460 302
460 318
460 394
460 397
460 420
460 436
460 443
460 482
461 112
461 125
461 144
461 195
461 291
461 428
461 442
461 451
461 456
461 463
461 464
461 469
462 141
462 181
462 310
462 467
462 471
462 476
462 478
462 490
462 493
462 494
462 495
462 497
463 14
463 67
463 105
463 170
463 231
463 428
463 442
463 451
463 456
463 461
463 464
463 469
464 217
464 228
464 401
464 403
464 437
464 451
464 461
464 463
464 468
464 469
464 472
464 482
465 132
465 279
465 295
465 423
465 430
465 440
465 444
465 455
465 470
465 480
465 481
465 484
466 66
466 164
466 326
466 408
466 426
466 438
466 443
466 452
466 469
466 480
466 485
466 487
466 488
467 22
467 70
467 237
467 306
467 454
467 458
467 462
467 471
467 476
467 478
467 483
467 491
467 494
468 34
468 132
468 299
468 392
468 395
468 401
468 437
468 446
468 464
468 472
468 482
468 484
468 489
469 146
469 184
469 204
469 216
469 380
469 442
469 451
469 456
469 461
469 463
469 464
469 466
469 479
470 13
470 15
470 19
470 54
470 207
470 430
470 440
470 444
470 447
470 455
470 465
470 480
470 499
471 10
471 85
471 374
471 462
471 467
471 476
471 478
471 483
471 491
471 493
471 494
471 495
471 497
472 146
472 249
472 298
472 333
472 346
472 437
472 446
472 451
472 455
472 464
472 468
472 482
472 489
473 136
473 152
473 161
473 413
473 419
473 438
473 443
473 447
473 455
473 485
473 487
473 491
473 499
474 36
474 360
474 403
474 457
474 490
474 492
474 493
474 495
474 496
474 497
474 498
474 500
475 63
475 263
475 295
475 419
475 421
475 428
475 432
475 448
475 453
475 456
475 477
475 490
475 494
476 41
476 97
476 416
476 432
476 454
476 458
476 462
476 467
476 471
476 478
476 483
476 491
476 494
477 23
477 161
477 169
477 336
477 412
477 419
477 421
477 424
477 448
477 449
477 452
477 453
477 475
478 83
478 84
478 286
478 441
478 454
478 462
478 467
478 471
478 476
478 483
478 494
478 495
478 497
478 498
479 18
479 31
479 134
479 230
479 235
479 319
479 332
479 360
479 362
479 404
479 410
479 415
479 469
479 486
480 1
480 110
480 126
480 358
480 408
480 430
480 440
480 444
480 447
480 455
480 465
480 466
480 470
480 499
481 384
481 418
481 422
481 423
481 434
481 447
481 454
481 458
481 465
481 484
481 491
481 494
481 495
481 497
482 118
482 183
482 184
482 259
482 272
482 375
482 437
482 446
482 451
482 460
482 464
482 468
482 472
482 494
483 95
483 106
483 210
483 268
483 362
483 371
483 418
483 454
483 458
483 467
483 471
483 476
483 478
483 491
483 494
484 12
484 31
484 203
484 315
484 363
484 418
484 423
484 430
484 440
484 444
484 458
484 465
484 468
484 481
484 491
485 4
485 82
485 330
485 352
485 394
485 410
485 426
485 438
485 443
485 447
485 466
485 473
485 487
485 496
485 499
486 19
486 137
486 188
486 253
486 332
486 335
486 337
486 369
486 410
486 412
486 415
486 450
486 459
486 479
486 500
487 143
487 328
487 350
487 409
487 411
487 416
487 426
487 431
487 438
487 443
487 447
487 455
487 466
487 473
487 485
487 499
488 34
488 46
488 107
488 269
488 326
488 361
488 367
488 387
488 391
488 404
488 424
488 426
488 435
488 443
488 452
488 466
489 37
489 71
489 98
489 177
489 241
489 265
489 266
489 273
489 275
489 401
489 425
489 437
489 446
489 459
489 468
489 472
490 31
490 49
490 198
490 383
490 440
490 457
490 462
490 474
490 475
490 492
490 493
490 495
490 496
490 497
490 498
490 500
491 213
491 217
491 311
491 385
491 418
491 423
491 442
491 454
491 458
491 467
491 471
491 473
491 476
491 481
491 483
491 484
492 275
492 287
492 336
492 376
492 400
492 457
492 474
492 490
492 496
492 498
492 500
493 41
493 151
493 316
493 387
493 391
493 393
493 440
493 457
493 462
493 471
493 474
493 490
493 495
493 496
493 497
493 498
493 500
494 67
494 320
494 404
494 429
494 440
494 454
494 462
494 467
494 471
494 475
494 476
494 478
494 481
494 482
494 483
494 495
494 497
495 26
495 215
495 222
495 335
495 368
495 392
495 412
495 457
495 462
495 471
495 474
495 478
495 481
495 490
495 493
495 494
495 497
495 498
496 277
496 319
496 402
496 445
496 448
496 457
496 474
496 485
496 490
496 492
496 493
496 498
496 500
497 2
497 101
497 110
497 341
497 446
497 451
497 457
497 462
497 471
497 474
497 478
497 481
497 490
497 493
497 494
497 495
497 498
497 500
498 163
498 178
498 205
498 322
498 349
498 400
498 439
498 457
498 474
498 478
498 490
498 492
498 493
498 495
498 496
498 497
498 500
499 22
499 178
499 197
499 202
499 356
499 369
499 381
499 386
499 417
499 426
499 438
499 444
499 447
499 450
499 455
499 470
499 473
499 480
499 485
499 487
500 94
500 159
500 200
500 215
500 218
500 233
500 405
500 457
500 474
500 486
500 490
500 492
500 493
500 496
500 497
500 498
