1 280
1 359
1 369
1 464
1 480
2 7
2 287
2 333
2 385
2 482
3 4
3 56
3 383
3 393
3 394
4 3
4 383
4 394
4 432
4 470
5 6
5 10
5 118
5 146
5 448
6 5
6 10
6 394
6 437
6 445
7 2
7 8
7 289
7 480
7 492
8 7
8 65
8 284
8 326
8 485
9 33
9 128
9 131
9 272
9 391
10 5
10 6
10 11
10 432
10 470
11 10
11 12
11 405
11 438
11 491
12 11
12 13
12 380
12 405
12 457
13 12
13 14
13 52
13 270
13 405
14 13
14 22
14 338
14 400
14 413
15 19
15 62
15 72
15 460
15 495
16 17
16 338
16 400
16 460
16 495
17 16
17 18
17 20
17 264
17 382
18 17
18 20
18 25
18 67
18 338
19 15
19 59
19 68
19 417
19 421
20 17
20 18
20 21
20 292
20 312
21 20
21 24
21 25
21 149
21 463
22 14
22 222
22 223
22 285
22 413
23 310
23 329
23 383
23 397
23 449
24 21
24 25
24 31
24 364
24 456
25 18
25 21
25 24
25 31
25 325
26 27
26 98
26 174
26 203
26 319
27 26
27 42
27 98
27 341
27 445
28 29
28 35
28 59
28 148
28 427
29 28
29 35
29 86
29 461
29 498
30 189
30 190
30 191
30 488
30 499
31 24
31 25
31 32
31 116
31 133
32 31
32 34
32 154
32 325
32 457
33 9
33 43
33 74
33 183
33 391
34 32
34 153
34 325
34 395
34 499
35 28
35 29
35 39
35 313
35 476
36 39
36 42
36 170
36 295
36 345
37 51
37 92
37 188
37 348
37 399
38 43
38 345
38 468
38 469
38 497
39 35
39 36
39 42
39 344
39 391
40 241
40 288
40 456
40 460
40 482
41 74
41 296
41 304
41 394
41 409
42 27
42 36
42 39
42 341
42 437
43 33
43 38
43 99
43 345
43 405
44 135
44 294
44 297
44 325
44 426
45 49
45 193
45 219
45 294
45 383
46 49
46 95
46 255
46 294
46 352
47 59
47 148
47 180
47 182
47 465
48 57
48 164
48 315
48 465
48 477
49 45
49 46
49 187
49 306
49 378
50 52
50 54
50 369
50 419
50 436
51 37
51 75
51 293
51 315
51 399
52 13
52 50
52 54
52 250
52 369
53 256
53 260
53 287
53 385
53 452
54 50
54 52
54 132
54 235
54 369
55 56
55 60
55 64
55 278
55 428
56 3
56 55
56 64
56 106
56 369
57 48
57 124
57 270
57 399
57 465
58 206
58 364
58 367
58 370
58 371
59 19
59 28
59 47
59 355
59 427
60 55
60 64
60 98
60 456
60 491
61 220
61 222
61 278
61 349
61 428
62 15
62 237
62 278
62 316
62 428
63 115
63 192
63 239
63 451
63 480
64 55
64 56
64 60
64 387
64 489
65 8
65 101
65 224
65 284
65 461
65 485
66 68
66 209
66 389
66 409
66 461
67 18
67 108
67 217
67 284
67 302
68 19
68 66
68 71
68 389
68 421
69 309
69 389
69 449
69 489
69 493
70 132
70 133
70 282
70 410
70 420
71 68
71 268
71 309
71 389
71 435
72 15
72 84
72 145
72 254
72 301
73 78
73 87
73 182
73 309
73 474
74 33
74 41
74 308
74 366
74 391
75 51
75 86
75 281
75 348
75 355
76 78
76 309
76 388
76 472
76 493
77 94
77 95
77 96
77 338
77 494
78 73
78 76
78 230
78 262
78 487
79 80
79 81
79 82
79 174
79 319
80 79
80 81
80 82
80 108
80 294
81 79
81 80
81 82
81 459
81 479
82 79
82 80
82 81
82 219
82 286
83 85
83 91
83 123
83 130
83 431
84 72
84 86
84 101
84 363
84 365
85 83
85 91
85 97
85 244
85 259
86 29
86 75
86 84
86 424
86 485
87 73
87 90
87 429
87 491
87 493
88 212
88 268
88 270
88 468
88 469
89 90
89 391
89 403
89 410
89 454
90 87
90 89
90 299
90 309
90 457
91 83
91 85
91 97
91 459
91 479
92 37
92 93
92 376
92 424
92 485
93 92
93 176
93 188
93 225
93 413
94 77
94 95
94 464
94 467
94 471
95 46
95 77
95 94
95 202
95 274
96 77
96 103
96 369
96 475
96 480
97 85
97 91
97 99
97 419
97 436
98 26
98 27
98 60
98 184
98 491
99 43
99 97
99 100
99 280
99 473
100 99
100 106
100 109
101 65
101 84
101 368
101 378
101 389
102 103
102 222
102 400
102 439
102 468
103 96
103 102
103 332
103 458
103 488
103 499
104 105
104 107
104 251
104 451
104 463
105 104
105 107
105 144
105 438
105 491
106 56
106 100
106 109
106 326
106 482
107 104
107 105
107 215
107 252
107 479
108 67
108 80
108 114
108 382
108 497
109 100
109 106
109 110
109 362
109 435
110 109
110 111
110 113
110 394
110 443
111 110
111 113
111 419
111 437
111 445
112 125
112 126
112 379
112 460
112 495
113 110
113 111
113 120
113 419
113 436
114 108
114 121
114 370
114 379
114 415
115 63
115 191
115 216
115 365
115 421
116 31
116 170
116 206
116 229
116 297
117 119
117 138
117 368
117 489
117 498
118 5
118 155
118 273
118 274
118 275
119 117
119 120
119 310
119 368
119 456
120 113
120 119
120 368
120 394
120 443
121 114
121 190
121 223
121 230
121 233
122 123
122 127
122 293
122 303
122 344
123 83
123 122
123 130
123 344
123 368
124 57
124 125
124 230
124 355
124 399
125 112
125 124
125 295
125 345
125 384
126 112
126 129
126 414
126 465
126 477
127 122
127 344
127 403
127 467
127 471
128 9
128 130
128 136
128 286
128 344
129 126
129 132
129 481
129 487
129 494
130 83
130 123
130 128
130 135
130 286
131 9
131 132
131 302
131 339
131 382
132 54
132 70
132 129
132 131
132 235
132 302
133 31
133 70
133 134
133 145
133 254
134 133
134 137
134 358
134 417
134 496
135 44
135 130
135 253
135 286
135 495
136 128
136 140
136 286
136 335
136 481
137 134
137 138
137 460
137 474
137 495
138 117
138 137
138 142
138 201
138 387
139 144
139 237
139 278
139 339
139 428
140 136
140 141
140 143
140 158
140 497
141 140
141 143
141 185
141 459
141 479
142 138
142 144
142 344
142 391
142 476
143 140
143 141
143 150
143 185
143 431
144 105
144 139
144 142
144 390
144 491
145 72
145 133
145 153
145 156
145 259
146 5
146 147
146 155
146 216
146 500
147 146
147 149
147 162
147 216
147 248
148 28
148 47
148 343
148 373
148 499
149 21
149 147
149 216
149 373
149 490
150 143
150 151
150 154
150 329
150 373
151 150
151 154
151 373
151 467
151 471
152 214
152 215
152 258
152 271
152 486
153 34
153 145
153 156
153 382
153 395
154 32
154 150
154 151
154 155
154 457
155 118
155 146
155 154
155 157
155 158
156 145
156 153
156 198
156 487
156 494
157 155
157 158
157 159
157 322
157 415
158 140
158 155
158 157
158 159
158 497
159 157
159 158
159 160
159 276
159 478
160 159
160 167
160 231
160 489
160 495
161 162
161 381
161 389
161 468
161 469
162 147
162 161
162 163
162 248
162 290
163 162
163 164
163 197
163 417
163 496
164 48
164 163
164 327
164 372
164 477
165 205
165 434
165 441
165 460
165 487
166 219
166 351
166 423
166 442
166 481
167 160
167 168
167 172
167 460
167 495
168 167
168 172
168 173
168 488
168 499
169 261
169 262
169 264
169 277
169 447
169 478
170 36
170 116
170 228
170 229
170 295
170 384
171 196
171 197
171 207
171 233
171 386
171 464
172 167
172 168
172 173
172 367
172 423
172 493
173 168
173 172
173 175
173 322
173 379
173 415
174 26
174 79
174 203
174 219
174 244
174 311
175 173
175 176
175 177
175 292
175 312
175 366
176 93
176 175
176 177
176 178
176 225
176 413
177 175
177 176
177 178
177 451
177 463
177 473
178 176
178 177
178 186
178 229
178 401
178 498
179 201
179 207
179 221
179 250
179 282
179 489
180 47
180 187
180 188
180 371
180 444
180 453
181 347
181 348
181 354
181 442
181 474
181 493
182 47
182 73
182 186
182 187
182 429
182 493
183 33
183 201
183 202
183 204
183 280
183 353
184 98
184 268
184 310
184 317
184 326
184 435
185 141
185 143
185 216
185 256
185 293
185 439
186 178
186 182
186 187
186 281
186 313
186 476
187 49
187 180
187 182
187 186
187 386
187 398
188 37
188 93
188 180
188 191
188 227
188 462
189 30
189 190
189 338
189 452
189 475
189 492
190 30
190 121
190 189
190 223
190 233
190 479
191 30
191 115
191 188
191 227
191 331
191 365
192 63
192 193
192 204
192 365
192 462
192 484
193 45
193 192
193 195
193 329
193 431
193 451
194 380
194 381
194 406
194 451
194 457
194 469
195 193
195 200
195 315
195 364
195 381
195 451
196 171
196 198
196 280
196 322
196 370
196 379
197 163
197 171
197 198
197 353
197 359
197 496
198 156
198 196
198 197
198 381
198 487
198 494
199 200
199 342
199 353
199 388
199 416
199 432
200 195
200 199
200 201
200 218
200 315
200 353
201 138
201 179
201 183
201 200
201 353
201 387
202 95
202 183
202 204
202 255
202 274
202 369
203 26
203 174
203 237
203 243
203 311
203 487
204 183
204 192
204 202
204 398
204 484
204 496
205 165
205 208
205 390
205 404
205 460
205 491
206 58
206 116
206 227
206 232
206 366
206 426
207 171
207 179
207 221
207 250
207 282
207 411
208 205
208 377
208 392
208 460
208 482
208 490
209 66
209 210
209 211
209 352
209 460
209 500
210 209
210 211
210 258
210 279
210 399
210 430
211 209
211 210
211 258
211 347
211 466
211 481
212 88
212 246
212 279
212 336
212 414
212 445
213 214
213 258
213 317
213 321
213 435
213 493
214 152
214 213
214 215
214 339
214 451
214 455
215 107
215 152
215 214
215 302
215 459
215 479
216 115
216 146
216 147
216 149
216 185
216 433
217 67
217 220
217 302
217 373
217 405
217 441
218 200
218 225
218 308
218 342
218 377
218 456
219 45
219 82
219 166
219 174
219 233
219 431
220 61
220 217
220 349
220 451
220 455
220 473
221 179
221 207
221 250
221 282
221 289
221 440
222 22
222 61
222 102
222 336
222 349
222 439
223 22
223 121
223 190
223 224
223 285
223 386
224 65
224 223
224 226
224 238
224 285
224 498
225 93
225 176
225 218
225 308
225 342
225 413
226 224
226 227
226 257
226 264
226 382
226 395
227 188
227 191
227 206
227 226
227 257
227 373
228 170
228 236
228 304
228 400
228 451
228 483
229 116
229 170
229 178
229 236
229 401
229 498
230 78
230 121
230 124
230 266
230 267
230 406
231 160
231 247
231 295
231 383
231 395
231 489
232 206
232 236
232 257
232 452
232 475
232 492
233 121
233 171
233 190
233 219
233 244
233 411
234 319
234 323
234 339
234 382
234 488
234 499
235 54
235 132
235 287
235 302
235 322
236 228
236 229
236 232
236 341
236 437
236 445
237 62
237 139
237 203
237 238
237 243
237 428
238 224
238 237
238 239
238 243
238 485
238 498
239 63
239 238
239 288
239 416
239 480
239 492
240 241
240 265
240 288
240 416
240 443
241 40
241 240
241 242
241 371
241 405
241 453
242 241
242 245
242 246
242 464
242 467
242 471
243 203
243 237
243 238
243 412
243 416
243 471
244 85
244 174
244 233
244 297
244 356
244 360
245 242
245 246
245 247
245 332
245 488
245 499
246 212
246 242
246 245
246 247
246 472
246 493
247 231
247 245
247 246
247 263
247 483
247 500
248 147
248 162
248 251
248 290
248 295
248 395
249 251
249 287
249 295
249 333
249 385
249 395
250 52
250 179
250 207
250 221
250 279
250 289
251 104
251 248
251 249
251 253
251 463
251 490
252 107
252 253
252 254
252 417
252 459
252 479
253 135
253 251
253 252
253 254
253 301
253 417
254 72
254 133
254 252
254 253
254 255
254 417
255 46
255 202
255 254
255 256
255 274
255 490
256 53
256 185
256 255
256 259
256 293
256 303
257 226
257 227
257 232
257 285
257 296
257 426
258 152
258 210
258 211
258 213
258 322
258 415
259 85
259 145
259 256
259 260
259 261
259 349
260 53
260 259
260 261
260 281
260 391
260 476
261 169
261 259
261 260
261 264
261 382
261 395
262 78
262 169
262 263
262 266
262 267
262 393
263 247
263 262
263 264
263 321
263 450
263 500
264 17
264 169
264 226
264 261
264 263
264 321
265 240
265 266
265 267
265 321
265 407
266 230
266 262
266 265
266 267
266 321
266 402
267 230
267 262
267 265
267 266
267 268
267 336
268 71
268 88
268 184
268 267
268 269
268 435
269 268
269 270
269 271
269 346
269 473
269 490
270 13
270 57
270 88
270 269
270 271
270 430
271 152
271 269
271 270
271 272
271 446
271 486
272 9
272 271
272 273
272 335
272 414
272 490
273 118
273 272
273 274
273 287
273 333
273 385
274 95
274 118
274 202
274 255
274 273
274 424
275 118
275 278
275 331
275 373
275 441
275 447
276 159
276 296
276 305
276 358
276 467
276 478
277 169
277 278
277 292
277 427
277 447
277 478
278 55
278 61
278 62
278 139
278 275
278 277
278 292
279 210
279 212
279 250
279 397
279 402
279 414
279 430
280 1
280 99
280 183
280 196
280 359
280 381
280 498
281 75
281 186
281 260
281 308
281 316
281 355
281 497
282 70
282 179
282 207
282 221
282 289
282 454
282 481
283 292
283 296
283 358
283 381
283 468
283 469
284 8
284 65
284 67
284 302
284 349
284 380
284 424
285 22
285 223
285 224
285 257
285 432
285 444
285 470
286 82
286 128
286 130
286 135
286 136
286 329
286 431
287 2
287 53
287 235
287 249
287 273
287 332
287 385
288 40
288 239
288 240
288 353
288 416
288 422
288 496
289 7
289 221
289 250
289 282
289 291
289 480
289 492
290 162
290 248
290 360
290 390
290 392
290 455
290 488
291 289
291 298
291 300
291 434
291 482
291 487
291 494
292 20
292 175
292 277
292 278
292 283
292 296
292 426
293 51
293 122
293 185
293 256
293 303
293 315
293 420
294 44
294 45
294 46
294 80
294 324
294 352
294 497
295 36
295 125
295 170
295 231
295 248
295 249
295 488
296 41
296 257
296 276
296 283
296 292
296 358
296 366
297 44
297 116
297 244
297 317
297 327
297 356
297 453
298 291
298 299
298 300
298 414
298 454
298 465
298 477
299 90
299 298
299 300
299 406
299 454
299 457
299 480
300 291
300 298
300 299
300 416
300 425
300 447
300 454
301 72
301 253
301 307
301 311
301 349
301 454
301 484
302 67
302 131
302 132
302 215
302 217
302 235
302 284
303 122
303 256
303 293
303 307
303 311
303 454
303 495
304 41
304 228
304 305
304 317
304 409
304 450
304 500
305 276
305 304
305 317
305 432
305 444
305 470
306 49
306 320
306 330
306 333
306 398
306 409
306 411
307 301
307 303
307 311
307 372
307 415
307 423
307 442
308 74
308 218
308 225
308 281
308 317
308 334
308 362
309 69
309 71
309 73
309 76
309 90
309 380
309 406
310 23
310 119
310 184
310 326
310 374
310 392
310 482
311 174
311 203
311 301
311 303
311 307
311 319
311 415
312 20
312 175
312 314
312 318
312 409
312 426
312 452
313 35
313 186
313 343
313 398
313 432
313 450
313 497
314 312
314 318
314 409
314 415
314 452
314 475
314 492
315 48
315 51
315 195
315 200
315 293
315 374
315 377
316 62
316 281
316 321
316 334
316 342
316 355
316 362
317 184
317 213
317 297
317 304
317 305
317 308
317 334
318 312
318 314
318 404
318 409
318 438
318 452
318 491
319 26
319 79
319 234
319 311
319 331
319 382
319 416
320 306
320 328
320 330
320 381
320 452
320 468
320 469
321 213
321 263
321 264
321 265
321 266
321 316
321 362
322 157
322 173
322 196
322 235
322 258
322 332
322 408
323 234
323 327
323 331
323 451
323 488
323 499
324 294
324 325
324 378
324 383
324 388
324 456
324 497
325 25
325 32
325 34
325 44
325 324
325 345
325 497
326 8
326 106
326 184
326 310
326 462
326 484
326 496
327 164
327 297
327 323
327 331
327 414
327 465
327 477
328 320
328 330
328 333
328 334
328 345
328 384
328 427
329 23
329 150
329 193
329 286
329 355
329 494
329 498
330 306
330 320
330 328
330 334
330 460
330 474
330 495
331 191
331 275
331 319
331 323
331 327
331 448
331 453
332 103
332 245
332 287
332 322
332 361
332 375
332 458
333 2
333 249
333 273
333 306
333 328
333 334
333 452
334 308
334 316
334 317
334 328
334 330
334 333
334 337
334 435
335 136
335 272
335 337
335 340
335 436
335 459
335 463
335 490
336 212
336 222
336 267
336 393
336 402
336 439
336 445
336 450
337 334
337 335
337 340
337 341
337 357
337 419
337 436
338 14
338 16
338 18
338 77
338 189
338 400
338 481
338 494
339 131
339 139
339 214
339 234
339 412
339 463
339 473
339 490
340 335
340 337
340 341
340 346
340 412
340 464
340 471
341 27
341 42
341 236
341 337
341 340
341 346
341 348
341 445
342 199
342 218
342 225
342 316
342 388
342 416
342 425
342 450
343 148
343 313
343 363
343 365
343 378
343 403
343 413
343 438
344 39
344 122
344 123
344 127
344 128
344 142
344 391
344 497
345 36
345 38
345 43
345 125
345 325
345 328
345 352
345 427
346 269
346 340
346 341
346 347
346 348
346 451
346 455
346 490
347 181
347 211
347 346
347 348
347 454
347 466
347 481
347 487
348 37
348 75
348 181
348 341
348 346
348 347
348 355
348 430
349 61
349 220
349 222
349 259
349 284
349 301
349 356
349 360
350 385
350 386
350 387
350 396
350 460
350 474
350 495
351 166
351 354
351 356
351 429
351 437
351 472
351 477
351 493
352 46
352 209
352 294
352 345
352 359
352 468
352 483
352 500
353 183
353 197
353 199
353 200
353 201
353 288
353 417
353 484
354 181
354 351
354 356
354 402
354 433
354 434
354 437
354 466
355 59
355 75
355 124
355 281
355 316
355 329
355 348
355 430
356 244
356 297
356 349
356 351
356 354
356 360
356 437
356 446
357 337
357 361
357 362
357 366
357 419
357 436
357 446
358 134
358 276
358 283
358 296
358 417
358 462
358 488
358 496
359 1
359 197
359 280
359 352
359 418
359 483
359 490
359 500
360 244
360 290
360 349
360 356
360 390
360 392
360 455
360 492
361 332
361 357
361 362
361 366
361 396
361 446
361 458
361 499
362 109
362 308
362 316
362 321
362 357
362 361
362 366
362 446
363 84
363 343
363 365
363 389
363 397
363 414
363 424
363 447
364 24
364 58
364 195
364 367
364 370
364 374
364 459
364 482
365 84
365 115
365 191
365 192
365 343
365 363
365 368
365 450
366 74
366 175
366 206
366 296
366 357
366 361
366 362
366 437
367 58
367 172
367 364
367 370
367 423
367 461
367 472
367 493
368 101
368 117
368 119
368 120
368 123
368 365
368 378
368 389
369 1
369 50
369 52
369 54
369 56
369 96
369 202
369 475
370 58
370 114
370 196
370 364
370 367
370 374
370 379
370 408
371 58
371 180
371 241
371 374
371 375
371 376
371 441
371 448
372 164
372 307
372 384
372 399
372 420
372 429
372 442
372 483
372 493
373 148
373 149
373 150
373 151
373 217
373 227
373 275
373 448
373 453
374 310
374 315
374 364
374 370
374 371
374 375
374 376
374 377
374 482
375 332
375 371
375 374
375 376
375 377
375 396
375 458
375 488
375 499
376 92
376 371
376 374
376 375
376 377
376 461
376 485
376 498
377 208
377 218
377 315
377 374
377 375
377 376
377 385
377 386
377 482
378 49
378 101
378 324
378 343
378 368
378 388
378 389
378 438
378 456
379 112
379 114
379 173
379 196
379 370
379 384
379 412
379 420
379 468
380 12
380 194
380 284
380 309
380 393
380 398
380 406
380 432
380 445
381 161
381 194
381 195
381 198
381 280
381 283
381 320
381 395
382 17
382 108
382 131
382 153
382 226
382 234
382 261
382 319
382 395
383 3
383 4
383 23
383 45
383 231
383 324
383 394
383 397
383 449
384 125
384 170
384 328
384 372
384 379
384 387
384 396
384 399
384 427
385 2
385 53
385 249
385 273
385 287
385 350
385 377
385 386
385 396
386 171
386 187
386 223
386 350
386 377
386 385
386 396
386 398
386 411
387 64
387 138
387 201
387 350
387 384
387 396
387 397
387 399
387 449
388 76
388 199
388 324
388 342
388 378
388 416
388 419
388 456
388 478
389 66
389 68
389 69
389 71
389 101
389 161
389 363
389 368
389 378
390 144
390 205
390 290
390 360
390 392
390 404
390 438
390 455
390 496
391 9
391 33
391 39
391 74
391 89
391 142
391 260
391 344
391 476
392 208
392 290
392 310
392 360
392 390
392 455
392 456
392 482
392 494
393 3
393 262
393 336
393 380
393 402
393 445
393 462
393 484
393 496
394 3
394 4
394 6
394 41
394 110
394 120
394 383
394 407
394 443
395 34
395 153
395 226
395 231
395 248
395 249
395 261
395 381
395 382
396 350
396 361
396 375
396 384
396 385
396 386
396 387
396 458
396 499
397 23
397 279
397 363
397 383
397 387
397 424
397 447
397 468
397 489
398 187
398 204
398 306
398 313
398 380
398 386
398 411
398 432
398 450
399 37
399 51
399 57
399 124
399 210
399 372
399 384
399 387
399 455
400 14
400 16
400 102
400 228
400 338
400 405
400 450
400 483
400 500
401 178
401 229
401 431
401 455
401 485
401 487
401 488
401 493
401 498
402 266
402 279
402 336
402 354
402 393
402 433
402 434
402 445
402 466
403 89
403 127
403 343
403 410
403 413
403 438
403 440
403 454
403 475
403 486
404 205
404 318
404 390
404 410
404 411
404 438
404 487
404 491
404 493
404 494
405 11
405 12
405 13
405 43
405 217
405 241
405 400
405 441
405 448
405 453
406 194
406 230
406 299
406 309
406 380
406 435
406 441
406 462
406 464
406 489
407 265
407 394
407 443
407 458
407 470
407 472
407 484
407 492
407 496
407 499
408 322
408 370
408 410
408 411
408 415
408 421
408 455
408 495
409 41
409 66
409 304
409 306
409 312
409 314
409 318
409 452
409 483
409 500
410 70
410 89
410 403
410 404
410 408
410 411
410 421
410 423
410 446
410 486
411 207
411 233
411 306
411 386
411 398
411 404
411 408
411 410
411 421
411 423
412 243
412 339
412 340
412 379
412 420
412 427
412 464
412 467
412 468
413 14
413 22
413 93
413 176
413 225
413 343
413 403
413 419
413 438
413 456
414 126
414 212
414 272
414 279
414 298
414 327
414 363
414 465
414 477
414 492
415 114
415 157
415 173
415 258
415 307
415 311
415 314
415 408
415 440
415 493
416 199
416 239
416 240
416 243
416 288
416 300
416 319
416 342
416 388
416 447
417 19
417 134
417 163
417 252
417 253
417 254
417 353
417 358
417 422
417 456
418 359
418 428
418 429
418 433
418 439
418 450
418 463
418 477
418 483
418 500
419 50
419 97
419 111
419 113
419 337
419 357
419 388
419 413
419 438
419 449
420 70
420 293
420 372
420 379
420 412
420 440
420 446
420 454
420 468
420 486
421 19
421 68
421 115
421 408
421 410
421 411
421 422
421 423
421 481
421 494
422 288
422 417
422 421
422 423
422 428
422 429
422 433
422 462
422 484
422 496
423 166
423 172
423 307
423 367
423 410
423 411
423 421
423 422
423 428
423 472
424 86
424 92
424 274
424 284
424 363
424 397
424 427
424 447
424 461
424 498
425 300
425 342
425 442
425 447
425 457
425 478
425 480
425 485
425 486
425 494
426 44
426 206
426 257
426 292
426 312
426 439
426 444
426 448
426 461
426 465
427 28
427 59
427 277
427 328
427 345
427 384
427 412
427 424
427 447
427 468
428 55
428 61
428 62
428 139
428 237
428 418
428 422
428 423
428 429
428 433
429 87
429 182
429 351
429 372
429 418
429 422
429 428
429 433
429 463
429 472
430 210
430 270
430 279
430 348
430 355
430 433
430 434
430 453
430 463
430 477
431 83
431 143
431 193
431 219
431 286
431 401
431 475
431 485
431 487
431 488
431 493
432 4
432 10
432 199
432 285
432 305
432 313
432 380
432 398
432 444
432 450
432 470
433 216
433 354
433 402
433 418
433 422
433 428
433 429
433 430
433 463
433 466
433 494
434 165
434 291
434 354
434 402
434 430
434 441
434 453
434 463
434 466
434 477
434 481
435 71
435 109
435 184
435 213
435 268
435 334
435 406
435 441
435 453
435 462
435 464
436 50
436 97
436 113
436 335
436 337
436 357
436 440
436 459
436 474
436 481
436 482
437 6
437 42
437 111
437 236
437 351
437 354
437 356
437 366
437 445
437 446
437 450
438 11
438 105
438 318
438 343
438 378
438 390
438 403
438 404
438 413
438 419
438 491
439 102
439 185
439 222
439 336
439 418
439 426
439 444
439 448
439 450
439 461
439 465
440 221
440 403
440 415
440 420
440 436
440 446
440 459
440 474
440 481
440 482
440 486
441 165
441 217
441 275
441 371
441 405
441 406
441 434
441 435
441 448
441 462
441 464
442 166
442 181
442 307
442 372
442 425
442 443
442 457
442 471
442 472
442 479
442 486
443 110
443 120
443 240
443 394
443 407
443 442
443 457
443 466
443 471
443 479
443 492
444 180
444 285
444 305
444 426
444 432
444 439
444 448
444 461
444 465
444 470
445 6
445 27
445 111
445 212
445 236
445 336
445 341
445 380
445 393
445 402
445 437
446 271
446 356
446 357
446 361
446 362
446 410
446 420
446 437
446 440
446 454
446 486
447 169
447 275
447 277
447 300
447 363
447 397
447 416
447 424
447 425
447 427
447 478
448 5
448 331
448 371
448 373
448 405
448 426
448 439
448 441
448 444
448 453
448 461
448 465
449 23
449 69
449 383
449 387
449 419
449 467
449 469
449 471
449 475
449 489
449 490
449 495
450 263
450 304
450 313
450 336
450 342
450 365
450 398
450 400
450 418
450 432
450 437
450 439
451 63
451 104
451 177
451 193
451 194
451 195
451 214
451 220
451 228
451 323
451 346
451 490
452 53
452 189
452 232
452 312
452 314
452 318
452 320
452 333
452 409
452 475
452 480
452 492
453 180
453 241
453 297
453 331
453 373
453 405
453 430
453 434
453 435
453 448
453 464
453 477
454 89
454 282
454 298
454 299
454 300
454 301
454 303
454 347
454 403
454 420
454 446
454 486
455 214
455 220
455 290
455 346
455 360
455 390
455 392
455 399
455 401
455 408
455 463
455 473
456 24
456 40
456 60
456 119
456 218
456 324
456 378
456 388
456 392
456 413
456 417
456 482
457 12
457 32
457 90
457 154
457 194
457 299
457 425
457 442
457 443
457 466
457 471
457 479
458 103
458 332
458 361
458 375
458 396
458 407
458 470
458 472
458 484
458 489
458 492
458 496
459 81
459 91
459 141
459 215
459 252
459 335
459 364
459 436
459 440
459 474
459 479
459 481
459 482
460 15
460 16
460 40
460 112
460 137
460 165
460 167
460 205
460 208
460 209
460 330
460 350
460 495
461 29
461 65
461 66
461 367
461 376
461 424
461 426
461 439
461 444
461 448
461 465
461 485
461 498
462 188
462 192
462 326
462 358
462 393
462 406
462 422
462 435
462 441
462 464
462 477
462 484
462 496
463 21
463 104
463 177
463 251
463 335
463 339
463 418
463 429
463 430
463 433
463 434
463 455
463 477
464 1
464 94
464 171
464 242
464 340
464 406
464 412
464 435
464 441
464 453
464 462
464 467
464 471
465 47
465 48
465 57
465 126
465 298
465 327
465 414
465 426
465 439
465 444
465 448
465 461
465 477
466 211
466 347
466 354
466 402
466 433
466 434
466 443
466 457
466 467
466 471
466 479
466 481
466 490
467 94
467 127
467 151
467 242
467 276
467 412
467 449
467 464
467 466
467 469
467 479
467 490
467 495
468 38
468 88
468 102
468 161
468 283
468 320
468 352
468 379
468 397
468 412
468 420
468 427
468 469
469 38
469 88
469 161
469 194
469 283
469 320
469 449
469 467
469 468
469 471
469 479
469 490
469 495
470 4
470 10
470 285
470 305
470 407
470 432
470 444
470 458
470 472
470 489
470 492
470 496
470 499
471 94
471 127
471 151
471 242
471 243
471 340
471 442
471 443
471 449
471 457
471 464
471 466
471 469
471 479
472 76
472 246
472 351
472 367
472 407
472 423
472 429
472 442
472 458
472 470
472 473
472 483
472 489
472 492
473 99
473 177
473 220
473 269
473 339
473 455
473 472
473 480
473 483
473 485
473 486
473 489
473 490
473 494
474 73
474 137
474 181
474 330
474 350
474 436
474 440
474 459
474 481
474 482
474 495
475 96
475 189
475 232
475 314
475 369
475 403
475 431
475 449
475 452
475 487
475 488
475 492
475 493
475 495
476 35
476 142
476 186
476 260
476 391
476 478
476 484
476 491
476 496
476 497
476 498
476 499
476 500
477 48
477 126
477 164
477 298
477 327
477 351
477 414
477 418
477 430
477 434
477 453
477 462
477 463
477 465
478 159
478 169
478 276
478 277
478 388
478 425
478 447
478 476
478 484
478 491
478 492
478 496
478 497
478 498
478 499
479 81
479 91
479 107
479 141
479 190
479 215
479 252
479 442
479 443
479 457
479 459
479 466
479 467
479 469
479 471
480 1
480 7
480 63
480 96
480 239
480 289
480 299
480 425
480 452
480 473
480 483
480 485
480 486
480 489
480 494
481 129
481 136
481 166
481 211
481 282
481 338
481 347
481 421
481 434
481 436
481 440
481 459
481 466
481 474
481 482
481 487
482 2
482 40
482 106
482 208
482 291
482 310
482 364
482 374
482 377
482 392
482 436
482 440
482 456
482 459
482 474
482 481
483 228
483 247
483 352
483 359
483 372
483 400
483 409
483 418
483 472
483 473
483 480
483 485
483 486
483 489
483 494
483 500
484 192
484 204
484 301
484 326
484 353
484 393
484 407
484 422
484 458
484 462
484 476
484 478
484 492
484 497
484 498
484 499
485 8
485 65
485 86
485 92
485 238
485 376
485 401
485 425
485 431
485 461
485 473
485 480
485 483
485 486
485 489
485 494
486 152
486 271
486 403
486 410
486 420
486 425
486 440
486 442
486 446
486 454
486 473
486 480
486 483
486 485
486 493
486 494
487 78
487 129
487 156
487 165
487 198
487 203
487 291
487 347
487 401
487 404
487 431
487 475
487 481
487 488
487 493
487 494
487 495
488 30
488 103
488 168
488 234
488 245
488 290
488 295
488 323
488 358
488 375
488 401
488 431
488 475
488 487
488 493
488 496
488 499
489 64
489 69
489 117
489 160
489 179
489 231
489 397
489 406
489 449
489 458
489 470
489 472
489 473
489 480
489 483
489 485
489 494
490 149
490 208
490 251
490 255
490 269
490 272
490 335
490 339
490 346
490 359
490 449
490 451
490 466
490 467
490 469
490 473
490 495
490 499
491 11
491 60
491 87
491 98
491 105
491 144
491 205
491 318
491 404
491 438
491 476
491 478
491 497
491 498
491 500
492 7
492 189
492 232
492 239
492 289
492 314
492 360
492 407
492 414
492 443
492 452
492 458
492 470
492 472
492 475
492 478
492 484
492 496
492 499
493 69
493 76
493 87
493 172
493 181
493 182
493 213
493 246
493 351
493 367
493 372
493 401
493 404
493 415
493 431
493 475
493 486
493 487
493 488
494 77
494 129
494 156
494 198
494 291
494 329
494 338
494 392
494 404
494 421
494 425
494 433
494 473
494 480
494 483
494 485
494 486
494 487
494 489
495 15
495 16
495 112
495 135
495 137
495 160
495 167
495 303
495 330
495 350
495 408
495 449
495 460
495 467
495 469
495 474
495 475
495 487
495 490
496 134
496 163
496 197
496 204
496 288
496 326
496 358
496 390
496 393
496 407
496 422
496 458
496 462
496 470
496 476
496 478
496 488
496 492
496 497
496 499
497 38
497 108
497 140
497 158
497 281
497 294
497 313
497 324
497 325
497 344
497 476
497 478
497 484
497 491
497 496
497 498
497 499
497 500
498 29
498 117
498 178
498 224
498 229
498 238
498 280
498 329
498 376
498 401
498 424
498 461
498 476
498 478
498 484
498 491
498 497
498 500
499 30
499 34
499 103
499 148
499 168
499 234
499 245
499 323
499 361
499 375
499 396
499 407
499 470
499 476
499 478
499 484
499 488
499 490
499 492
499 496
499 497
500 146
500 209
500 247
500 263
500 304
500 352
500 359
500 400
500 409
500 418
500 476
500 483
500 491
500 497
500 498
