1 2
1 8
1 9
1 280
1 374
2 1
2 8
2 9
2 11
2 374
3 6
3 187
3 238
3 338
3 428
4 46
4 49
4 187
4 321
4 495
5 110
5 111
5 114
5 115
5 117
6 3
6 15
6 49
6 164
6 485
7 15
7 17
7 30
7 205
7 451
8 1
8 2
8 9
8 11
8 498
9 1
9 2
9 8
9 10
9 11
10 9
10 11
10 12
10 283
10 350
11 2
11 8
11 9
11 10
11 12
12 10
12 11
12 13
12 18
12 283
13 12
13 16
13 18
13 20
13 498
14 27
14 207
14 271
14 282
14 406
15 6
15 7
15 30
15 262
15 369
16 13
16 18
16 20
16 22
16 283
17 7
17 30
17 187
17 315
17 412
18 12
18 13
18 16
18 20
18 22
19 21
19 26
19 37
19 169
19 342
20 13
20 16
20 18
20 22
20 240
21 19
21 37
21 275
21 357
21 368
22 16
22 18
22 20
22 23
22 240
23 22
23 24
23 29
23 240
23 355
23 374
24 23
24 25
24 28
24 29
24 240
25 24
25 28
25 29
25 240
25 338
26 19
26 37
26 95
26 284
26 384
27 14
27 32
27 152
27 271
27 282
28 24
28 25
28 29
28 270
28 311
29 23
29 24
29 25
29 28
29 311
30 7
30 15
30 17
30 37
30 349
31 193
31 212
31 216
31 233
31 481
32 27
32 152
32 203
32 222
32 271
33 140
33 142
33 232
33 320
33 325
34 48
34 51
34 54
34 235
34 468
35 101
35 157
35 159
35 342
35 437
36 131
36 155
36 189
36 247
36 423
37 19
37 21
37 26
37 30
37 407
38 39
38 43
38 47
38 50
38 311
39 38
39 47
39 50
39 426
39 491
40 191
40 215
40 223
40 242
40 247
41 52
41 55
41 56
41 57
41 63
42 131
42 155
42 287
42 303
42 434
43 38
43 47
43 50
43 270
43 380
44 82
44 83
44 85
44 88
44 371
45 64
45 67
45 70
45 76
45 226
46 4
46 287
46 303
46 321
46 323
47 38
47 39
47 43
47 50
47 389
48 34
48 51
48 54
48 455
48 466
49 4
49 6
49 187
49 238
49 296
50 38
50 39
50 43
50 47
50 311
51 34
51 48
51 54
51 307
51 381
52 41
52 54
52 57
52 58
52 483
53 60
53 64
53 67
53 226
53 305
54 34
54 48
54 51
54 52
54 395
55 41
55 56
55 58
55 272
55 498
56 41
56 55
56 58
56 260
56 412
57 41
57 52
57 58
57 238
57 473
58 52
58 55
58 56
58 57
58 493
59 61
59 63
59 65
59 321
59 472
60 53
60 64
60 67
60 226
60 473
61 59
61 63
61 65
61 77
61 336
62 80
62 175
62 176
62 180
62 461
63 41
63 59
63 61
63 296
63 367
64 45
64 53
64 60
64 67
64 226
65 59
65 61
65 332
65 363
65 436
66 77
66 202
66 427
66 440
66 484
67 45
67 53
67 60
67 64
67 226
68 70
68 72
68 76
68 79
68 401
69 96
69 100
69 278
69 379
69 447
70 45
70 68
70 72
70 76
70 79
71 158
71 202
71 324
71 383
71 467
72 68
72 70
72 76
72 79
72 473
73 241
73 266
73 279
73 285
73 408
74 78
74 158
74 202
74 210
74 404
75 94
75 103
75 108
75 347
75 493
76 45
76 68
76 70
76 72
76 79
77 61
77 66
77 158
77 398
77 462
78 74
78 202
78 287
78 452
78 454
79 68
79 70
79 72
79 76
79 428
80 62
80 100
80 175
80 176
80 206
81 84
81 202
81 303
81 366
81 488
82 44
82 83
82 85
82 433
82 488
83 44
83 82
83 85
83 371
83 480
84 81
84 86
84 87
84 105
84 234
85 44
85 82
85 83
85 371
85 452
86 84
86 87
86 105
86 112
86 385
87 84
87 86
87 105
87 205
87 497
88 44
88 89
88 309
88 360
88 362
89 88
89 93
89 309
89 327
89 362
90 93
90 97
90 308
90 363
90 491
91 92
91 104
91 205
91 419
91 482
92 91
92 95
92 104
92 205
92 380
93 89
93 90
93 97
93 309
93 327
94 75
94 98
94 99
94 103
94 460
95 26
95 92
95 104
95 107
95 447
96 69
96 170
96 171
96 172
96 447
97 90
97 93
97 99
97 308
97 327
98 94
98 99
98 103
98 372
98 465
99 94
99 97
99 98
99 102
99 103
100 69
100 80
100 174
100 175
100 379
101 35
101 113
101 157
101 162
101 342
102 99
102 103
102 308
102 327
102 430
103 75
103 94
103 98
103 99
103 102
103 129
104 91
104 92
104 95
104 107
104 245
105 84
105 86
105 87
105 205
105 386
106 108
106 110
106 111
106 330
106 500
107 95
107 104
107 119
107 436
107 469
108 75
108 106
108 110
108 475
108 500
109 136
109 177
109 178
109 182
109 183
110 5
110 106
110 108
110 111
110 309
111 5
111 106
111 110
111 117
111 339
112 86
112 114
112 118
112 277
112 372
112 491
113 101
113 153
113 154
113 156
113 258
114 5
114 112
114 115
114 117
114 118
115 5
115 114
115 117
115 118
115 437
116 129
116 141
116 145
116 161
116 294
117 5
117 111
117 114
117 115
117 118
118 112
118 114
118 115
118 117
118 210
119 107
119 129
119 161
119 377
119 394
120 121
120 210
120 297
120 338
120 407
121 120
121 210
121 292
121 297
121 479
122 124
122 125
122 210
122 292
122 472
123 124
123 125
123 127
123 292
123 393
124 122
124 123
124 127
124 292
124 475
125 122
125 123
125 127
125 292
125 352
126 127
126 130
126 464
126 485
126 493
127 123
127 124
127 125
127 126
127 134
128 130
128 133
128 134
128 135
128 328
129 103
129 116
129 119
129 161
129 467
130 126
130 128
130 133
130 134
130 135
131 36
131 42
131 155
131 189
131 247
132 154
132 156
132 217
132 222
132 478
133 128
133 130
133 134
133 135
133 414
134 127
134 128
134 130
134 133
134 135
135 128
135 130
135 133
135 134
135 138
136 109
136 177
136 178
136 179
136 183
136 475
137 138
137 139
137 213
137 466
137 495
138 135
138 137
138 139
138 140
138 213
139 137
139 138
139 140
139 213
139 470
140 33
140 138
140 139
140 213
140 320
141 116
141 145
141 223
141 374
141 400
142 33
142 149
142 232
142 310
142 320
143 144
143 150
143 227
143 310
143 373
144 143
144 150
144 327
144 381
144 460
145 116
145 141
145 146
145 147
145 265
146 145
146 147
146 164
146 168
146 354
147 145
147 146
147 164
147 264
147 456
148 173
148 388
148 389
148 427
148 459
149 142
149 232
149 320
149 447
149 451
150 143
150 144
150 232
150 282
150 310
151 191
151 229
151 241
151 242
151 279
152 27
152 32
152 217
152 222
152 495
153 113
153 154
153 156
153 222
153 258
154 113
154 132
154 153
154 156
154 480
155 36
155 42
155 131
155 189
155 303
156 113
156 132
156 153
156 154
156 258
157 35
157 101
157 159
157 160
157 163
158 71
158 74
158 77
158 323
158 452
159 35
159 157
159 160
159 163
159 258
160 157
160 159
160 163
160 165
160 342
161 116
161 119
161 129
161 375
161 402
162 101
162 165
162 360
162 445
162 489
163 157
163 159
163 160
163 165
163 342
164 6
164 146
164 147
164 168
164 173
165 160
165 162
165 163
165 166
165 342
166 165
166 169
166 342
166 353
166 487
167 169
167 170
167 171
167 401
167 420
168 146
168 164
168 173
168 200
168 498
169 19
169 166
169 167
169 170
169 171
169 500
170 96
170 167
170 169
170 171
170 172
171 96
171 167
171 169
171 170
171 494
172 96
172 170
172 379
172 493
172 499
173 148
173 164
173 168
173 212
173 241
174 100
174 183
174 379
174 419
174 496
174 500
175 62
175 80
175 100
175 322
175 379
176 62
176 80
176 206
176 454
176 468
177 109
177 136
177 178
177 480
177 485
178 109
178 136
178 177
178 183
178 270
179 136
179 182
179 253
179 364
179 462
180 62
180 181
180 192
180 206
180 463
181 180
181 192
181 206
181 209
181 422
182 109
182 179
182 228
182 229
182 253
183 109
183 136
183 174
183 178
183 253
184 186
184 188
184 196
184 352
184 404
184 416
185 190
185 214
185 301
185 302
185 336
185 393
186 184
186 188
186 194
186 196
186 352
186 461
187 3
187 4
187 17
187 49
187 238
187 296
188 184
188 186
188 194
188 196
188 352
188 404
189 36
189 131
189 155
189 191
189 215
189 247
190 185
190 214
190 290
190 302
190 304
190 461
191 40
191 151
191 189
191 215
191 223
191 247
191 379
192 180
192 181
192 206
192 209
192 312
192 416
193 31
193 209
193 211
193 212
193 270
193 315
194 186
194 188
194 199
194 204
194 352
194 394
195 225
195 230
195 235
195 236
195 237
195 398
196 184
196 186
196 188
196 199
196 394
196 480
197 229
197 241
197 279
197 379
197 388
197 477
198 201
198 214
198 248
198 301
198 305
198 331
199 194
199 196
199 204
199 218
199 394
199 404
200 168
200 260
200 262
200 265
200 348
200 452
201 198
201 248
201 261
201 302
201 305
201 402
202 66
202 71
202 74
202 78
202 81
202 352
203 32
203 207
203 217
203 271
203 419
203 446
204 194
204 199
204 218
204 352
204 394
204 482
205 7
205 87
205 91
205 92
205 105
205 346
206 80
206 176
206 180
206 181
206 192
206 209
207 14
207 203
207 282
207 310
207 317
207 388
208 245
208 246
208 250
208 262
208 309
208 348
209 181
209 192
209 193
209 206
209 211
209 485
210 74
210 118
210 120
210 121
210 122
210 297
210 500
211 193
211 209
211 212
211 216
211 228
211 499
212 31
212 173
212 193
212 211
212 216
212 438
213 137
213 138
213 139
213 140
213 232
213 446
214 185
214 190
214 198
214 301
214 302
214 305
215 40
215 189
215 191
215 247
215 288
215 410
216 31
216 211
216 212
216 224
216 233
216 370
217 132
217 152
217 203
217 222
217 258
217 271
218 199
218 204
218 220
218 394
218 425
218 467
219 220
219 221
219 230
219 394
219 398
219 401
219 423
220 218
220 219
220 221
220 230
220 326
220 394
220 398
221 219
221 220
221 225
221 230
221 398
221 496
222 32
222 132
222 152
222 153
222 217
222 227
223 40
223 141
223 191
223 366
223 488
223 500
224 216
224 228
224 233
224 234
224 248
224 310
225 195
225 221
225 230
225 398
225 470
225 500
226 45
226 53
226 60
226 64
226 67
226 397
227 143
227 222
227 282
227 310
227 320
227 394
228 182
228 211
228 224
228 233
228 234
228 489
229 151
229 182
229 197
229 241
229 242
229 279
230 195
230 219
230 220
230 221
230 225
230 398
231 235
231 236
231 237
231 460
231 477
231 497
232 33
232 142
232 149
232 150
232 213
232 320
233 31
233 216
233 224
233 228
233 234
233 253
234 84
234 224
234 228
234 233
234 254
234 499
235 34
235 195
235 231
235 236
235 237
235 243
235 393
236 195
236 231
236 235
236 237
236 243
236 393
237 195
237 231
237 235
237 236
237 243
237 393
238 3
238 49
238 57
238 187
238 296
238 371
238 439
239 245
239 246
239 254
239 344
239 402
239 442
240 20
240 22
240 23
240 24
240 25
240 446
241 73
241 151
241 173
241 197
241 229
241 279
242 40
242 151
242 229
242 385
242 411
242 496
243 235
243 236
243 237
243 244
243 249
243 393
244 243
244 249
244 251
244 255
244 449
244 479
245 104
245 208
245 239
245 246
245 254
245 468
246 208
246 239
246 245
246 254
246 406
246 462
247 36
247 40
247 131
247 189
247 191
247 215
248 198
248 201
248 224
248 301
248 305
248 331
248 402
249 243
249 244
249 251
249 255
249 393
249 473
250 208
250 254
250 262
250 321
250 371
250 379
251 244
251 249
251 255
251 263
251 403
251 485
252 300
252 312
252 330
252 347
252 361
252 422
253 179
253 182
253 183
253 233
253 467
253 482
254 234
254 239
254 245
254 246
254 250
254 302
254 362
255 244
255 249
255 251
255 263
255 269
255 403
256 268
256 273
256 284
256 294
256 369
256 377
257 272
257 275
257 299
257 313
257 332
257 410
258 113
258 153
258 156
258 159
258 217
258 346
259 277
259 307
259 317
259 373
259 391
259 398
260 56
260 200
260 264
260 265
260 348
260 473
261 201
261 331
261 375
261 384
261 401
261 428
262 15
262 200
262 208
262 250
262 297
262 348
263 251
263 255
263 269
263 272
263 403
263 410
264 147
264 260
264 265
264 266
264 358
264 445
265 145
265 200
265 260
265 264
265 266
265 348
266 73
266 264
266 265
266 271
266 285
266 428
267 281
267 288
267 400
267 424
267 438
267 457
267 467
268 256
268 294
268 350
268 391
268 421
268 472
268 492
269 255
269 263
269 272
269 403
269 410
269 421
269 442
270 28
270 43
270 178
270 193
270 311
270 339
270 458
270 496
271 14
271 27
271 32
271 203
271 217
271 266
271 418
272 55
272 257
272 263
272 269
272 275
272 332
272 410
273 256
273 284
273 294
273 324
273 326
273 377
273 391
274 319
274 330
274 360
274 363
274 384
274 428
274 452
275 21
275 257
275 272
275 295
275 299
275 332
275 410
276 318
276 329
276 333
276 335
276 337
276 382
276 442
277 112
277 259
277 285
277 325
277 328
277 356
277 361
277 419
278 69
278 315
278 322
278 346
278 353
278 385
278 388
279 73
279 151
279 197
279 229
279 241
279 299
279 303
280 1
280 290
280 304
280 338
280 339
280 374
280 397
281 267
281 286
281 288
281 289
281 400
281 425
281 465
281 494
282 14
282 27
282 150
282 207
282 227
282 373
282 411
283 10
283 12
283 16
283 320
283 356
283 443
283 468
284 26
284 256
284 273
284 294
284 326
284 369
284 377
285 73
285 266
285 277
285 311
285 348
285 485
285 488
286 281
286 288
286 289
286 293
286 298
286 430
286 456
286 469
287 42
287 46
287 78
287 303
287 321
287 384
287 458
288 215
288 267
288 281
288 286
288 289
288 298
288 400
288 430
289 281
289 286
289 288
289 293
289 298
289 316
289 430
290 190
290 280
290 304
290 338
290 339
290 342
290 397
291 357
291 365
291 370
291 390
291 413
291 420
291 482
292 121
292 122
292 123
292 124
292 125
292 297
292 431
293 286
293 289
293 298
293 316
293 430
293 438
293 486
294 116
294 256
294 268
294 273
294 284
294 369
294 377
295 275
295 299
295 306
295 313
295 332
295 432
295 451
296 49
296 63
296 187
296 238
296 318
296 403
296 406
297 120
297 121
297 210
297 262
297 292
297 382
297 494
298 286
298 288
298 289
298 293
298 316
298 318
298 430
299 257
299 275
299 279
299 295
299 306
299 313
299 332
300 252
300 311
300 330
300 363
300 367
300 372
300 489
301 185
301 198
301 214
301 248
301 305
301 336
301 416
302 185
302 190
302 201
302 214
302 254
302 336
302 402
303 42
303 46
303 81
303 155
303 279
303 287
303 452
304 190
304 280
304 290
304 336
304 338
304 339
304 374
305 53
305 198
305 201
305 214
305 248
305 301
305 331
305 486
306 295
306 299
306 313
306 324
306 332
306 405
306 484
307 51
307 259
307 317
307 346
307 356
307 373
307 388
307 406
308 90
308 97
308 102
308 309
308 333
308 336
308 422
309 88
309 89
309 93
309 110
309 208
309 308
309 327
309 362
310 142
310 143
310 150
310 207
310 224
310 227
310 392
311 28
311 29
311 38
311 50
311 270
311 285
311 300
311 397
312 192
312 252
312 319
312 330
312 347
312 419
312 422
312 448
313 257
313 295
313 299
313 306
313 324
313 443
313 451
314 315
314 321
314 322
314 350
314 369
314 377
314 391
315 17
315 193
315 278
315 314
315 322
315 353
315 366
315 385
316 289
316 293
316 298
316 318
316 333
316 430
316 467
317 207
317 259
317 307
317 373
317 388
317 406
317 409
318 276
318 296
318 298
318 316
318 329
318 333
318 430
318 487
319 274
319 312
319 363
319 375
319 448
319 452
319 490
320 33
320 140
320 142
320 149
320 227
320 232
320 283
321 4
321 46
321 59
321 250
321 287
321 314
321 323
322 175
322 278
322 314
322 315
322 353
322 366
322 385
323 46
323 158
323 321
323 362
323 430
323 437
323 486
324 71
324 273
324 306
324 313
324 332
324 377
324 395
325 33
325 277
325 328
325 356
325 419
325 473
325 486
326 220
326 273
326 284
326 376
326 377
326 410
326 482
327 89
327 93
327 97
327 102
327 144
327 309
327 463
328 128
328 277
328 325
328 356
328 372
328 419
328 426
328 471
329 276
329 318
329 333
329 335
329 337
329 371
329 424
329 462
330 106
330 252
330 274
330 300
330 312
330 347
330 361
330 413
330 422
331 198
331 248
331 261
331 305
331 336
331 361
331 402
331 451
332 65
332 257
332 272
332 275
332 295
332 299
332 306
332 324
333 276
333 308
333 316
333 318
333 329
333 335
333 430
333 438
334 345
334 349
334 435
334 456
334 459
334 462
334 463
334 482
335 276
335 329
335 333
335 337
335 382
335 434
335 442
335 457
336 61
336 185
336 301
336 302
336 304
336 308
336 331
336 364
337 276
337 329
337 335
337 341
337 382
337 390
337 432
337 442
338 3
338 25
338 120
338 280
338 290
338 304
338 339
338 374
338 397
339 111
339 270
339 280
339 290
339 304
339 338
339 374
339 397
340 346
340 395
340 408
340 421
340 423
340 451
340 484
340 493
341 337
341 344
341 365
341 367
341 382
341 414
341 442
341 453
342 19
342 35
342 101
342 160
342 163
342 165
342 166
342 290
343 415
343 416
343 418
343 425
343 429
343 441
343 465
343 491
344 239
344 341
344 351
344 354
344 365
344 382
344 414
344 442
345 334
345 349
345 435
345 449
345 459
345 462
345 463
345 482
345 499
346 205
346 258
346 278
346 307
346 340
346 373
346 388
346 403
346 464
347 75
347 252
347 312
347 330
347 367
347 372
347 422
347 441
348 200
348 208
348 260
348 262
348 265
348 285
348 399
348 450
349 30
349 334
349 345
349 359
349 386
349 387
349 405
349 445
349 456
350 10
350 268
350 314
350 366
350 369
350 391
350 408
350 454
351 344
351 354
351 355
351 365
351 410
351 414
351 483
351 497
352 125
352 184
352 186
352 188
352 194
352 202
352 204
352 404
352 423
353 166
353 278
353 315
353 322
353 366
353 369
353 385
353 388
354 146
354 344
354 351
354 355
354 365
354 382
354 414
354 463
355 23
355 351
355 354
355 390
355 396
355 414
355 442
355 457
356 277
356 283
356 307
356 325
356 328
356 361
356 419
356 482
356 493
357 21
357 291
357 358
357 368
357 381
357 390
357 413
357 420
358 264
358 357
358 364
358 368
358 370
358 381
358 420
358 453
359 349
359 383
359 386
359 387
359 405
359 427
359 445
359 456
360 88
360 162
360 274
360 363
360 372
360 401
360 439
360 465
361 252
361 277
361 330
361 331
361 356
361 367
361 419
361 422
362 88
362 89
362 254
362 309
362 323
362 371
362 433
362 500
363 65
363 90
363 274
363 300
363 319
363 360
363 372
363 452
364 179
364 336
364 358
364 368
364 370
364 381
364 389
364 408
364 420
365 291
365 341
365 344
365 351
365 354
365 375
365 390
365 414
366 81
366 223
366 315
366 322
366 350
366 353
366 385
366 469
367 63
367 300
367 341
367 347
367 361
367 372
367 422
367 452
368 21
368 357
368 358
368 364
368 370
368 381
368 389
368 420
369 15
369 256
369 284
369 294
369 314
369 350
369 353
369 391
370 216
370 291
370 358
370 364
370 368
370 389
370 413
370 430
371 44
371 83
371 85
371 238
371 250
371 329
371 362
371 409
371 453
372 98
372 112
372 300
372 328
372 347
372 360
372 363
372 367
372 452
373 143
373 259
373 282
373 307
373 317
373 346
373 388
373 406
374 1
374 2
374 23
374 141
374 280
374 304
374 338
374 339
375 161
375 261
375 319
375 365
375 384
375 401
375 402
375 428
375 432
376 326
376 409
376 412
376 415
376 418
376 426
376 441
376 443
376 468
377 119
377 256
377 273
377 284
377 294
377 314
377 324
377 326
377 449
378 417
378 431
378 434
378 436
378 460
378 469
378 470
378 473
378 493
379 69
379 100
379 172
379 174
379 175
379 191
379 197
379 250
379 448
380 43
380 92
380 392
380 407
380 412
380 433
380 437
380 446
380 447
380 461
381 51
381 144
381 357
381 358
381 364
381 368
381 389
381 408
381 420
382 276
382 297
382 335
382 337
382 341
382 344
382 354
382 429
382 442
383 71
383 359
383 386
383 387
383 405
383 411
383 427
383 445
383 461
384 26
384 261
384 274
384 287
384 375
384 401
384 402
384 428
384 481
385 86
385 242
385 278
385 315
385 322
385 353
385 366
385 391
385 397
386 105
386 349
386 359
386 383
386 387
386 405
386 427
386 445
386 478
386 484
387 349
387 359
387 383
387 386
387 405
387 427
387 445
387 456
387 478
388 148
388 197
388 207
388 278
388 307
388 317
388 346
388 353
388 373
389 47
389 148
389 364
389 368
389 370
389 381
389 390
389 408
389 478
390 291
390 337
390 355
390 357
390 365
390 389
390 413
390 414
390 467
391 259
391 268
391 273
391 314
391 350
391 369
391 385
391 404
391 464
392 310
392 380
392 411
392 433
392 437
392 446
392 447
392 449
392 461
393 123
393 185
393 235
393 236
393 237
393 243
393 249
393 398
393 474
394 119
394 194
394 196
394 199
394 204
394 218
394 219
394 220
394 227
395 54
395 324
395 340
395 399
395 404
395 421
395 423
395 451
395 486
396 355
396 424
396 435
396 438
396 439
396 457
396 467
396 494
396 497
397 226
397 280
397 290
397 311
397 338
397 339
397 385
397 428
397 445
398 77
398 195
398 219
398 220
398 221
398 225
398 230
398 259
398 393
399 348
399 395
399 408
399 419
399 421
399 423
399 451
399 457
399 492
400 141
400 267
400 281
400 288
400 424
400 438
400 457
400 467
400 474
401 68
401 167
401 219
401 261
401 360
401 375
401 384
401 428
401 452
402 161
402 201
402 239
402 248
402 302
402 331
402 375
402 384
402 434
403 251
403 255
403 263
403 269
403 296
403 346
403 410
403 421
403 475
404 74
404 184
404 188
404 199
404 352
404 391
404 395
404 421
404 423
404 451
405 306
405 349
405 359
405 383
405 386
405 387
405 427
405 445
405 456
406 14
406 246
406 296
406 307
406 317
406 373
406 443
406 468
406 476
407 37
407 120
407 380
407 409
407 412
407 415
407 426
407 443
407 446
407 468
408 73
408 340
408 350
408 364
408 381
408 389
408 399
408 421
408 423
408 451
409 317
409 371
409 376
409 407
409 415
409 418
409 426
409 441
409 443
409 468
410 215
410 257
410 263
410 269
410 272
410 275
410 326
410 351
410 403
410 488
411 242
411 282
411 383
411 392
411 427
411 437
411 445
411 447
411 461
411 483
412 17
412 56
412 376
412 380
412 407
412 426
412 443
412 446
412 468
412 490
413 291
413 330
413 357
413 370
413 390
413 414
413 420
413 457
413 462
413 474
414 133
414 341
414 344
414 351
414 354
414 355
414 365
414 390
414 413
414 466
415 343
415 376
415 407
415 409
415 416
415 418
415 426
415 441
415 443
415 490
416 184
416 192
416 301
416 343
416 415
416 425
416 429
416 439
416 448
416 459
416 465
417 378
417 434
417 436
417 460
417 469
417 470
417 471
417 473
417 479
417 493
418 271
418 343
418 376
418 409
418 415
418 426
418 441
418 442
418 443
418 490
419 91
419 174
419 203
419 277
419 312
419 325
419 328
419 356
419 361
419 399
420 167
420 291
420 357
420 358
420 364
420 368
420 381
420 413
420 470
420 490
421 268
421 269
421 340
421 395
421 399
421 403
421 404
421 408
421 423
421 451
422 181
422 252
422 308
422 312
422 330
422 347
422 361
422 367
422 424
422 448
423 36
423 219
423 340
423 352
423 395
423 399
423 404
423 408
423 421
423 451
424 267
424 329
424 396
424 400
424 422
424 429
424 438
424 457
424 467
424 477
425 218
425 281
425 343
425 416
425 429
425 439
425 441
425 448
425 465
425 481
426 39
426 328
426 376
426 407
426 409
426 412
426 415
426 418
426 443
426 468
427 66
427 148
427 359
427 383
427 386
427 387
427 405
427 411
427 445
427 461
428 3
428 79
428 261
428 266
428 274
428 375
428 384
428 397
428 401
428 441
428 482
429 343
429 382
429 416
429 424
429 425
429 432
429 439
429 448
429 453
429 465
429 491
430 102
430 286
430 288
430 289
430 293
430 298
430 316
430 318
430 323
430 333
430 370
431 292
431 378
431 440
431 448
431 454
431 464
431 466
431 471
431 474
431 478
431 486
431 493
432 295
432 337
432 375
432 429
432 438
432 439
432 448
432 453
432 465
432 467
432 471
433 82
433 362
433 380
433 392
433 437
433 446
433 447
433 452
433 459
433 476
433 496
434 42
434 335
434 378
434 402
434 417
434 436
434 449
434 469
434 470
434 471
434 473
434 493
435 334
435 345
435 396
435 447
435 449
435 456
435 459
435 462
435 463
435 482
435 499
436 65
436 107
436 378
436 417
436 434
436 460
436 469
436 470
436 471
436 473
436 493
437 35
437 115
437 323
437 380
437 392
437 411
437 433
437 445
437 446
437 447
437 461
438 212
438 267
438 293
438 333
438 396
438 400
438 424
438 432
438 453
438 457
438 467
439 238
439 360
439 396
439 416
439 425
439 429
439 432
439 441
439 448
439 453
439 465
440 66
440 431
440 454
440 464
440 466
440 474
440 475
440 478
440 485
440 486
440 500
441 343
441 347
441 376
441 409
441 415
441 418
441 425
441 428
441 439
441 453
441 468
442 239
442 269
442 276
442 335
442 337
442 341
442 344
442 355
442 382
442 418
442 486
443 283
443 313
443 376
443 406
443 407
443 409
443 412
443 415
443 418
443 426
443 468
444 455
444 472
444 476
444 480
444 481
444 483
444 484
444 487
444 488
444 489
444 491
444 494
445 162
445 264
445 349
445 359
445 383
445 386
445 387
445 397
445 405
445 411
445 427
445 437
446 203
446 213
446 240
446 380
446 392
446 407
446 412
446 433
446 437
446 447
446 468
446 498
447 69
447 95
447 96
447 149
447 380
447 392
447 411
447 433
447 435
447 437
447 446
447 461
447 494
448 312
448 319
448 379
448 416
448 422
448 425
448 429
448 431
448 432
448 439
448 453
448 465
448 482
449 244
449 345
449 377
449 392
449 434
449 435
449 456
449 459
449 460
449 462
449 463
449 482
450 348
450 458
450 474
450 475
450 476
450 480
450 481
450 484
450 486
450 491
450 494
450 500
451 7
451 149
451 295
451 313
451 331
451 340
451 395
451 399
451 404
451 408
451 421
451 423
452 78
452 85
452 158
452 200
452 274
452 303
452 319
452 363
452 367
452 372
452 401
452 433
453 341
453 358
453 371
453 429
453 432
453 438
453 439
453 441
453 448
453 461
453 465
453 467
454 78
454 176
454 350
454 431
454 440
454 458
454 464
454 466
454 474
454 478
454 485
454 486
454 500
455 48
455 444
455 472
455 476
455 480
455 481
455 483
455 484
455 487
455 488
455 489
455 491
455 494
456 147
456 286
456 334
456 349
456 359
456 387
456 405
456 435
456 449
456 459
456 482
456 499
457 267
457 335
457 355
457 396
457 399
457 400
457 413
457 424
457 438
457 465
457 467
457 471
458 270
458 287
458 450
458 454
458 474
458 475
458 478
458 481
458 484
458 486
458 491
458 494
458 500
459 148
459 334
459 345
459 416
459 433
459 435
459 449
459 456
459 462
459 463
459 476
459 478
459 482
460 94
460 144
460 231
460 378
460 417
460 436
460 449
460 462
460 463
460 469
460 470
460 473
460 485
461 62
461 186
461 190
461 380
461 383
461 392
461 411
461 427
461 437
461 447
461 453
461 470
461 493
462 77
462 179
462 246
462 329
462 334
462 345
462 413
462 435
462 449
462 459
462 460
462 463
462 469
462 482
463 180
463 327
463 334
463 345
463 354
463 435
463 449
463 459
463 460
463 462
463 471
463 482
463 489
464 126
464 346
464 391
464 431
464 440
464 454
464 466
464 469
464 470
464 471
464 485
464 493
464 500
465 98
465 281
465 343
465 360
465 416
465 425
465 429
465 432
465 439
465 448
465 453
465 457
465 500
466 48
466 137
466 414
466 431
466 440
466 454
466 464
466 474
466 475
466 478
466 485
466 486
466 500
467 71
467 129
467 218
467 253
467 267
467 316
467 390
467 396
467 400
467 424
467 432
467 438
467 453
467 457
468 34
468 176
468 245
468 283
468 376
468 406
468 407
468 409
468 412
468 426
468 441
468 443
468 446
468 493
469 107
469 286
469 366
469 378
469 417
469 434
469 436
469 460
469 462
469 464
469 470
469 471
469 473
469 493
470 139
470 225
470 378
470 417
470 420
470 434
470 436
470 460
470 461
470 464
470 469
470 471
470 473
470 493
471 328
471 417
471 431
471 432
471 434
471 436
471 457
471 463
471 464
471 469
471 470
471 473
471 485
471 493
472 59
472 122
472 268
472 444
472 455
472 476
472 480
472 481
472 483
472 484
472 487
472 488
472 489
472 491
472 494
473 57
473 60
473 72
473 249
473 260
473 325
473 378
473 417
473 434
473 436
473 460
473 469
473 470
473 471
473 494
474 393
474 400
474 413
474 431
474 440
474 450
474 454
474 458
474 466
474 475
474 478
474 483
474 485
474 486
474 500
475 108
475 124
475 136
475 403
475 440
475 450
475 458
475 466
475 474
475 478
475 481
475 485
475 486
475 487
475 500
476 406
476 433
476 444
476 450
476 455
476 459
476 472
476 480
476 481
476 483
476 484
476 487
476 488
476 491
476 494
477 197
477 231
477 424
477 479
477 483
477 487
477 489
477 490
477 492
477 495
477 496
477 497
477 498
477 499
478 132
478 386
478 387
478 389
478 431
478 440
478 454
478 458
478 459
478 466
478 474
478 475
478 484
478 485
478 486
478 500
479 121
479 244
479 417
479 477
479 483
479 489
479 490
479 492
479 495
479 496
479 497
479 498
479 499
480 83
480 154
480 177
480 196
480 444
480 450
480 455
480 472
480 476
480 481
480 484
480 487
480 488
480 489
480 491
480 494
481 31
481 384
481 425
481 444
481 450
481 455
481 458
481 472
481 475
481 476
481 480
481 484
481 488
481 491
481 494
481 496
482 91
482 204
482 253
482 291
482 326
482 334
482 345
482 356
482 428
482 435
482 448
482 449
482 456
482 459
482 462
482 463
482 500
483 52
483 351
483 411
483 444
483 455
483 472
483 474
483 476
483 477
483 479
483 487
483 488
483 489
483 490
483 496
483 497
483 499
484 66
484 306
484 340
484 386
484 444
484 450
484 455
484 458
484 472
484 476
484 478
484 480
484 481
484 488
484 491
484 494
484 500
485 6
485 126
485 177
485 209
485 251
485 285
485 440
485 454
485 460
485 464
485 466
485 471
485 474
485 475
485 478
485 486
485 493
486 293
486 305
486 323
486 325
486 395
486 431
486 440
486 442
486 450
486 454
486 458
486 466
486 474
486 475
486 478
486 485
486 500
487 166
487 318
487 444
487 455
487 472
487 475
487 476
487 477
487 480
487 483
487 488
487 489
487 490
487 494
487 495
487 496
487 499
488 81
488 82
488 223
488 285
488 410
488 444
488 455
488 472
488 476
488 480
488 481
488 483
488 484
488 487
488 489
488 491
488 494
489 162
489 228
489 300
489 444
489 455
489 463
489 472
489 477
489 479
489 480
489 483
489 487
489 488
489 490
489 494
489 496
489 497
489 499
490 319
490 412
490 415
490 418
490 420
490 477
490 479
490 483
490 487
490 489
490 492
490 495
490 496
490 497
490 498
490 499
491 39
491 90
491 112
491 343
491 429
491 444
491 450
491 455
491 458
491 472
491 476
491 480
491 481
491 484
491 488
491 493
491 494
491 499
492 268
492 399
492 477
492 479
492 490
492 495
492 496
492 497
492 498
492 499
493 58
493 75
493 126
493 172
493 340
493 356
493 378
493 417
493 431
493 434
493 436
493 461
493 464
493 468
493 469
493 470
493 471
493 485
493 491
494 171
494 281
494 297
494 396
494 444
494 447
494 450
494 455
494 458
494 472
494 473
494 476
494 480
494 481
494 484
494 487
494 488
494 489
494 491
495 4
495 137
495 152
495 477
495 479
495 487
495 490
495 492
495 496
495 497
495 498
495 499
496 174
496 221
496 242
496 270
496 433
496 477
496 479
496 481
496 483
496 487
496 489
496 490
496 492
496 495
496 497
496 498
496 499
497 87
497 231
497 351
497 396
497 477
497 479
497 483
497 489
497 490
497 492
497 495
497 496
497 498
497 499
498 8
498 13
498 55
498 168
498 446
498 477
498 479
498 490
498 492
498 495
498 496
498 497
498 499
499 172
499 211
499 234
499 345
499 435
499 456
499 477
499 479
499 483
499 487
499 489
499 490
499 491
499 492
499 495
499 496
499 497
499 498
500 106
500 108
500 169
500 174
500 210
500 223
500 225
500 362
500 440
500 450
500 454
500 458
500 464
500 465
500 466
500 474
500 475
500 478
500 482
500 484
500 486
