1 48
1 138
1 284
1 453
1 489
2 6
2 24
2 102
2 251
2 349
3 62
3 216
3 404
3 433
3 454
4 7
4 100
4 350
4 361
4 429
5 52
5 126
5 364
5 410
5 486
6 2
6 49
6 335
6 387
6 489
7 4
7 104
7 222
7 351
7 499
8 343
8 446
8 449
8 482
8 495
9 53
9 120
9 260
9 357
9 500
10 94
10 171
10 341
10 431
10 441
11 95
11 193
11 296
11 320
11 493
12 57
12 149
12 215
12 425
12 449
13 28
13 84
13 290
13 321
13 405
14 219
14 312
14 376
14 471
14 484
15 173
15 349
15 421
15 494
15 498
16 46
16 221
16 236
16 378
16 442
17 272
17 352
17 386
17 418
17 491
18 274
18 286
18 398
18 467
18 480
19 144
19 279
19 363
19 458
19 492
20 345
20 400
20 412
20 458
20 498
21 213
21 374
21 453
21 464
21 484
22 209
22 229
22 312
22 375
22 425
23 89
23 177
23 316
23 318
23 462
24 2
24 277
24 284
24 485
24 500
25 34
25 189
25 207
25 398
25 401
26 114
26 194
26 408
26 479
26 487
27 36
27 97
27 332
27 333
27 375
28 13
28 111
28 442
28 474
28 498
29 37
29 122
29 282
29 437
29 459
30 213
30 449
30 455
30 466
30 482
31 160
31 175
31 406
31 430
31 496
32 83
32 123
32 372
32 417
32 426
33 253
33 261
33 284
33 324
33 445
34 25
34 200
34 391
34 414
34 481
35 196
35 325
35 381
35 468
35 498
36 27
36 333
36 394
36 398
36 412
37 29
37 217
37 287
37 354
37 423
38 276
38 410
38 418
38 488
38 499
39 78
39 139
39 382
39 405
39 457
40 169
40 352
40 366
40 372
40 424
41 311
41 375
41 448
41 465
41 473
42 122
42 155
42 225
42 281
42 484
43 59
43 268
43 399
43 471
43 492
44 317
44 332
44 346
44 436
44 459
45 58
45 62
45 402
45 455
45 486
46 16
46 124
46 378
46 392
46 403
47 213
47 302
47 373
47 383
47 465
48 1
48 446
48 455
48 468
48 490
49 6
49 50
49 336
49 343
49 396
50 49
50 103
50 254
50 489
50 498
51 210
51 284
51 302
51 308
51 493
52 5
52 53
52 379
52 415
52 484
53 9
53 52
53 278
53 411
53 494
54 73
54 280
54 392
54 465
54 480
55 130
55 226
55 331
55 371
55 446
56 59
56 74
56 394
56 426
56 432
57 12
57 86
57 239
57 441
57 446
58 45
58 155
58 226
58 409
58 492
59 43
59 56
59 349
59 491
59 499
60 110
60 366
60 382
60 451
60 482
61 131
61 134
61 149
61 312
61 366
62 3
62 45
62 63
62 273
62 469
63 62
63 128
63 151
63 354
63 444
64 233
64 304
64 305
64 343
64 365
65 66
65 125
65 188
65 274
65 488
66 65
66 120
66 156
66 255
66 473
67 198
67 450
67 460
67 468
67 475
68 217
68 234
68 248
68 434
68 487
69 160
69 364
69 369
69 439
69 444
70 88
70 286
70 485
70 495
70 498
71 309
71 364
71 452
71 474
71 494
72 192
72 264
72 266
72 316
72 494
73 54
73 147
73 353
73 441
73 497
74 56
74 219
74 223
74 406
74 475
75 124
75 403
75 412
75 449
75 499
76 77
76 158
76 289
76 401
76 429
77 76
77 113
77 299
77 349
77 440
78 39
78 79
78 258
78 305
78 367
79 78
79 472
79 475
79 479
79 483
80 141
80 207
80 404
80 464
80 487
81 177
81 222
81 423
81 470
81 475
82 229
82 255
82 320
82 426
82 480
83 32
83 120
83 248
83 279
83 378
84 13
84 305
84 391
84 445
84 488
85 249
85 297
85 443
85 480
85 492
86 57
86 220
86 281
86 430
86 496
87 117
87 158
87 189
87 342
87 387
88 70
88 315
88 390
88 447
88 478
89 23
89 104
89 126
89 131
89 256
90 120
90 307
90 340
90 461
90 493
91 119
91 315
91 369
91 435
91 439
92 210
92 311
92 410
92 454
92 462
93 273
93 278
93 316
93 399
93 472
94 10
94 412
94 453
94 480
94 497
95 11
95 260
95 380
95 452
95 461
96 146
96 169
96 240
96 278
96 407
97 27
97 208
97 354
97 454
97 466
98 190
98 346
98 386
98 452
98 481
99 241
99 382
99 403
99 481
99 488
100 4
100 184
100 237
100 470
100 499
101 199
101 209
101 251
101 428
101 485
102 2
102 200
102 320
102 414
102 483
103 50
103 259
103 371
103 434
103 448
104 7
104 89
104 293
104 416
104 482
105 226
105 340
105 356
105 389
105 445
106 154
106 190
106 384
106 394
106 476
107 228
107 246
107 349
107 381
107 428
108 183
108 208
108 219
108 291
108 489
109 254
109 354
109 386
109 404
109 456
110 60
110 219
110 422
110 459
110 487
111 28
111 322
111 359
111 405
111 411
112 212
112 267
112 418
112 460
112 486
113 77
113 130
113 345
113 406
113 480
114 26
114 246
114 377
114 419
114 476
115 168
115 221
115 421
115 445
115 495
116 236
116 366
116 424
116 434
116 496
117 87
117 185
117 402
117 404
117 424
118 125
118 341
118 370
118 452
118 491
119 91
119 280
119 292
119 342
119 407
120 9
120 66
120 83
120 90
120 438
121 368
121 396
121 467
121 485
121 494
122 29
122 42
122 360
122 453
122 459
123 32
123 286
123 364
123 414
123 447
124 46
124 75
124 144
124 149
124 374
125 65
125 118
125 384
125 458
125 476
126 5
126 89
126 278
126 470
126 482
127 394
127 419
127 431
127 472
127 487
128 63
128 306
128 388
128 432
128 500
129 235
129 335
129 344
129 433
129 498
130 55
130 113
130 207
130 398
130 429
131 61
131 89
131 294
131 478
131 497
132 134
132 181
132 224
132 226
132 255
133 169
133 310
133 328
133 407
133 451
134 61
134 132
134 197
134 282
134 303
135 168
135 210
135 243
135 348
135 458
136 170
136 261
136 360
136 448
136 476
137 154
137 224
137 394
137 449
137 497
138 1
138 364
138 428
138 478
138 493
139 39
139 183
139 226
139 377
139 447
140 309
140 349
140 459
140 467
140 470
141 80
141 189
141 199
141 319
141 346
142 147
142 184
142 434
142 452
142 499
143 185
143 297
143 312
143 488
143 491
144 19
144 124
144 201
144 338
144 375
145 197
145 351
145 363
145 397
145 451
146 96
146 344
146 464
146 467
146 478
147 73
147 142
147 158
147 330
147 452
148 257
148 276
148 346
148 476
148 488
149 12
149 61
149 124
149 427
149 463
150 196
150 414
150 431
150 477
150 479
151 63
151 201
151 444
151 450
151 454
152 230
152 412
152 415
152 456
152 494
153 175
153 283
153 362
153 399
153 443
154 106
154 137
154 261
154 327
154 469
155 42
155 58
155 212
155 223
155 323
156 66
156 237
156 423
156 428
156 450
157 190
157 257
157 306
157 431
157 471
158 76
158 87
158 147
158 297
158 370
159 265
159 397
159 424
159 430
159 457
160 31
160 69
160 177
160 258
160 444
161 316
161 334
161 390
161 435
161 486
162 328
162 330
162 476
162 485
162 495
163 205
163 367
163 419
163 456
163 476
164 238
164 290
164 419
164 439
164 472
165 189
165 192
165 339
165 413
165 463
166 188
166 270
166 296
166 397
166 418
167 192
167 351
167 401
167 411
167 446
168 115
168 135
168 353
168 480
168 498
169 40
169 96
169 133
169 311
169 464
170 136
170 315
170 407
170 486
170 492
171 10
171 303
171 401
171 451
171 476
172 176
172 227
172 440
172 469
172 490
173 15
173 440
173 462
173 474
173 490
174 430
174 459
174 460
174 493
174 494
175 31
175 153
175 322
175 363
175 457
176 172
176 363
176 406
176 434
176 488
177 23
177 81
177 160
177 442
177 468
178 329
178 408
178 420
178 438
178 457
178 473
179 193
179 267
179 295
179 438
179 445
179 469
180 294
180 303
180 419
180 450
180 457
180 492
181 132
181 306
181 329
181 433
181 445
181 463
182 193
182 295
182 337
182 370
182 418
182 496
183 108
183 139
183 185
183 332
183 387
183 439
184 100
184 142
184 198
184 259
184 436
184 467
185 117
185 143
185 183
185 417
185 424
185 477
186 269
186 282
186 287
186 376
186 408
186 477
187 214
187 286
187 365
187 414
187 430
187 437
188 65
188 166
188 319
188 442
188 451
188 498
189 25
189 87
189 141
189 165
189 199
189 455
190 98
190 106
190 157
190 244
190 481
190 484
191 227
191 313
191 368
191 418
191 436
191 486
192 72
192 165
192 167
192 247
192 271
192 358
193 11
193 179
193 182
193 332
193 352
193 388
194 26
194 292
194 387
194 454
194 489
194 500
195 196
195 355
195 378
195 420
195 466
195 470
196 35
196 150
196 195
196 230
196 488
196 493
197 134
197 145
197 292
197 373
197 413
197 483
198 67
198 184
198 265
198 386
198 440
198 496
199 101
199 141
199 189
199 214
199 291
199 352
200 34
200 102
200 255
200 483
200 492
200 493
201 144
201 151
201 206
201 255
201 323
201 432
202 259
202 355
202 415
202 451
202 456
202 457
203 299
203 337
203 431
203 439
203 484
203 498
204 257
204 288
204 301
204 341
204 479
204 496
205 163
205 306
205 334
205 363
205 380
205 420
206 201
206 224
206 238
206 385
206 438
206 484
207 25
207 80
207 130
207 458
207 469
207 497
208 97
208 108
208 243
208 298
208 362
208 376
209 22
209 101
209 213
209 264
209 326
209 454
210 51
210 92
210 135
210 227
210 287
210 428
211 245
211 274
211 344
211 400
211 419
211 495
212 112
212 155
212 253
212 296
212 317
212 401
213 21
213 30
213 47
213 209
213 423
213 466
214 187
214 199
214 276
214 319
214 330
214 491
215 12
215 309
215 348
215 466
215 467
215 472
216 3
216 273
216 374
216 477
216 478
216 499
217 37
217 68
217 343
217 365
217 441
217 453
218 328
218 351
218 452
218 462
218 463
218 468
219 14
219 74
219 108
219 110
219 287
219 316
220 86
220 248
220 410
220 481
220 488
220 491
221 16
221 115
221 228
221 295
221 362
221 406
222 7
222 81
222 369
222 474
222 483
222 498
223 74
223 155
223 315
223 466
223 475
223 500
224 132
224 137
224 206
224 334
224 380
224 438
225 42
225 232
225 304
225 338
225 415
225 474
226 55
226 58
226 105
226 132
226 139
226 494
227 172
227 191
227 210
227 232
227 489
227 499
228 107
228 221
228 333
228 357
228 448
228 500
229 22
229 82
229 246
229 288
229 376
229 461
230 152
230 196
230 347
230 354
230 401
230 416
231 249
231 331
231 356
231 455
231 483
231 484
232 225
232 227
232 233
232 260
232 450
232 455
233 64
233 232
233 337
233 435
233 436
233 497
234 68
234 292
234 293
234 396
234 413
234 451
235 129
235 285
235 360
235 388
235 417
235 433
236 16
236 116
236 410
236 442
236 483
236 494
237 100
237 156
237 242
237 409
237 446
237 452
238 164
238 206
238 377
238 384
238 404
238 425
239 57
239 336
239 383
239 409
239 413
239 484
240 96
240 470
240 473
240 477
240 478
240 500
241 99
241 277
241 458
241 461
241 464
241 497
242 237
242 295
242 373
242 414
242 429
242 453
243 135
243 208
243 355
243 387
243 415
243 479
244 190
244 252
244 464
244 475
244 485
244 495
245 211
245 283
245 411
245 426
245 484
245 493
246 107
246 114
246 229
246 449
246 451
246 453
247 192
247 305
247 336
247 339
247 465
247 479
248 68
248 83
248 220
248 401
248 459
248 497
249 85
249 231
249 265
249 305
249 320
249 438
250 251
250 338
250 352
250 432
250 493
250 499
251 2
251 101
251 250
251 332
251 358
251 487
252 244
252 305
252 382
252 428
252 432
252 445
253 33
253 212
253 437
253 443
253 471
253 496
254 50
254 109
254 442
254 477
254 480
254 495
255 66
255 82
255 132
255 200
255 201
255 403
256 89
256 332
256 341
256 385
256 446
256 500
257 148
257 157
257 204
257 284
257 342
257 399
258 78
258 160
258 277
258 308
258 425
258 489
259 103
259 184
259 202
259 381
259 393
259 488
260 9
260 95
260 232
260 262
260 326
260 500
261 33
261 136
261 154
261 284
261 418
261 448
262 260
262 273
262 296
262 316
262 440
262 465
263 381
263 387
263 389
263 392
263 404
263 477
264 72
264 209
264 269
264 278
264 304
264 476
265 159
265 198
265 249
265 399
265 410
265 429
266 72
266 269
266 307
266 448
266 477
266 500
267 112
267 179
267 329
267 457
267 458
267 469
268 43
268 303
268 361
268 445
268 466
268 475
269 186
269 264
269 266
269 371
269 389
269 400
270 166
270 384
270 436
270 473
270 487
270 497
271 192
271 280
271 330
271 391
271 480
271 481
272 17
272 293
272 333
272 342
272 414
272 491
273 62
273 93
273 216
273 262
273 420
273 482
274 18
274 65
274 211
274 412
274 465
274 468
275 324
275 396
275 398
275 426
275 467
275 485
276 38
276 148
276 214
276 395
276 436
276 499
277 24
277 241
277 258
277 292
277 444
277 470
278 53
278 93
278 96
278 126
278 264
278 320
279 19
279 83
279 313
279 323
279 338
279 433
280 54
280 119
280 271
280 350
280 424
280 481
280 488
281 42
281 86
281 313
281 351
281 401
281 481
281 498
282 29
282 134
282 186
282 310
282 323
282 345
282 449
283 153
283 245
283 341
283 389
283 441
283 461
283 493
284 1
284 24
284 33
284 51
284 257
284 261
284 456
285 235
285 339
285 411
285 433
285 454
285 474
285 483
286 18
286 70
286 123
286 187
286 368
286 373
286 461
287 37
287 186
287 210
287 219
287 417
287 445
287 463
288 204
288 229
288 417
288 420
288 427
288 436
288 475
289 76
289 293
289 295
289 297
289 317
289 384
289 424
290 13
290 164
290 331
290 484
290 489
290 493
290 499
291 108
291 199
291 314
291 386
291 473
291 486
291 491
292 119
292 194
292 197
292 234
292 277
292 423
292 437
293 104
293 234
293 272
293 289
293 368
293 415
293 451
294 131
294 180
294 303
294 393
294 407
294 425
294 449
295 179
295 182
295 221
295 242
295 289
295 328
295 446
296 11
296 166
296 212
296 262
296 351
296 418
296 466
297 85
297 143
297 158
297 289
297 327
297 473
297 489
298 208
298 301
298 425
298 443
298 447
298 455
298 490
299 77
299 203
299 312
299 396
299 485
299 493
299 499
300 301
300 345
300 355
300 378
300 421
300 422
300 460
301 204
301 298
301 300
301 318
301 322
301 366
301 396
302 47
302 51
302 406
302 436
302 454
302 461
302 493
303 134
303 171
303 180
303 268
303 294
303 457
303 496
304 64
304 225
304 264
304 414
304 444
304 464
304 498
305 64
305 78
305 84
305 247
305 249
305 252
305 385
306 128
306 157
306 181
306 205
306 328
306 380
306 467
307 90
307 266
307 418
307 429
307 448
307 466
307 471
308 51
308 258
308 310
308 371
308 392
308 463
308 478
309 71
309 140
309 215
309 398
309 468
309 484
309 486
310 133
310 282
310 308
310 390
310 446
310 463
310 469
311 41
311 92
311 169
311 375
311 390
311 444
311 456
312 14
312 22
312 61
312 143
312 299
312 314
312 461
313 191
313 279
313 281
313 398
313 420
313 459
313 494
314 291
314 312
314 317
314 380
314 391
314 463
314 500
315 88
315 91
315 170
315 223
315 333
315 385
315 405
316 23
316 72
316 93
316 161
316 219
316 262
316 447
317 44
317 212
317 289
317 314
317 410
317 447
317 460
318 23
318 301
318 334
318 343
318 363
318 364
318 388
319 141
319 188
319 214
319 356
319 371
319 391
319 442
320 11
320 82
320 102
320 249
320 278
320 368
320 430
321 13
321 397
321 416
321 432
321 456
321 463
321 499
322 111
322 175
322 301
322 340
322 385
322 443
322 474
323 155
323 201
323 279
323 282
323 468
323 474
323 494
324 33
324 275
324 357
324 420
324 467
324 485
324 489
325 35
325 385
325 396
325 412
325 421
325 494
325 499
326 209
326 260
326 373
326 443
326 452
326 455
326 483
327 154
327 297
327 360
327 363
327 395
327 443
327 475
328 133
328 162
328 218
328 295
328 306
328 462
328 496
329 178
329 181
329 267
329 367
329 374
329 493
329 498
330 147
330 162
330 214
330 271
330 377
330 437
330 491
331 55
331 231
331 290
331 439
331 450
331 451
331 477
332 27
332 44
332 183
332 193
332 251
332 256
332 452
333 27
333 36
333 228
333 272
333 315
333 489
333 500
334 161
334 205
334 224
334 318
334 339
334 479
334 482
335 6
335 129
335 347
335 415
335 460
335 489
335 500
336 49
336 239
336 247
336 383
336 417
336 471
336 480
337 182
337 203
337 233
337 348
337 426
337 462
337 470
338 144
338 225
338 250
338 279
338 469
338 478
338 499
339 165
339 247
339 285
339 334
339 377
339 426
339 438
340 90
340 105
340 322
340 352
340 420
340 422
340 435
341 10
341 118
341 204
341 256
341 283
341 452
341 499
342 87
342 119
342 257
342 272
342 352
342 395
342 458
343 8
343 49
343 64
343 217
343 318
343 355
343 483
344 129
344 146
344 211
344 381
344 469
344 485
344 495
345 20
345 113
345 282
345 300
345 361
345 463
345 500
346 44
346 98
346 141
346 148
346 367
346 466
346 476
347 230
347 335
347 383
347 395
347 412
347 435
347 437
348 135
348 215
348 337
348 390
348 473
348 477
348 500
349 2
349 15
349 59
349 77
349 107
349 140
349 466
350 4
350 280
350 402
350 447
350 466
350 471
350 486
351 7
351 145
351 167
351 218
351 281
351 296
351 393
351 423
352 17
352 40
352 193
352 199
352 250
352 340
352 342
352 418
353 73
353 168
353 355
353 403
353 409
353 422
353 483
353 491
354 37
354 63
354 97
354 109
354 230
354 407
354 480
354 495
355 195
355 202
355 243
355 300
355 343
355 353
355 375
355 428
356 105
356 231
356 319
356 401
356 439
356 449
356 471
356 495
357 9
357 228
357 324
357 421
357 481
357 486
357 490
357 494
358 192
358 251
358 394
358 402
358 403
358 459
358 497
358 499
359 111
359 371
359 400
359 456
359 463
359 481
359 487
359 496
360 122
360 136
360 235
360 327
360 425
360 441
360 461
360 470
361 4
361 268
361 345
361 378
361 382
361 403
361 427
361 487
362 153
362 208
362 221
362 376
362 379
362 435
362 492
362 496
363 19
363 145
363 175
363 176
363 205
363 318
363 327
363 406
364 5
364 69
364 71
364 123
364 138
364 318
364 392
364 498
365 64
365 187
365 217
365 372
365 405
365 436
365 441
365 487
366 40
366 60
366 61
366 116
366 301
366 465
366 485
366 496
367 78
367 163
367 329
367 346
367 394
367 476
367 478
367 482
368 121
368 191
368 286
368 293
368 320
368 369
368 451
368 495
369 69
369 91
369 222
369 368
369 375
369 419
369 444
369 449
370 118
370 158
370 182
370 387
370 393
370 446
370 495
371 55
371 103
371 269
371 308
371 319
371 359
371 411
371 491
372 32
372 40
372 365
372 409
372 413
372 422
372 492
372 493
373 47
373 197
373 242
373 286
373 326
373 417
373 492
373 495
374 21
374 124
374 216
374 329
374 402
374 460
374 469
374 497
375 22
375 27
375 41
375 144
375 311
375 355
375 369
375 384
376 14
376 186
376 208
376 229
376 362
376 379
376 431
376 495
377 114
377 139
377 238
377 330
377 339
377 383
377 473
377 494
378 16
378 46
378 83
378 195
378 300
378 361
378 407
378 492
379 52
379 362
379 376
379 400
379 430
379 454
379 485
379 496
380 95
380 205
380 224
380 306
380 314
380 383
380 427
380 442
381 35
381 107
381 259
381 263
381 344
381 483
381 491
381 496
382 39
382 60
382 99
382 252
382 361
382 427
382 436
382 496
383 47
383 239
383 336
383 347
383 377
383 380
383 470
383 491
384 106
384 125
384 238
384 270
384 289
384 375
384 470
384 492
385 206
385 256
385 305
385 315
385 322
385 325
385 408
385 440
386 17
386 98
386 109
386 198
386 291
386 397
386 450
386 500
387 6
387 87
387 183
387 194
387 243
387 263
387 370
387 439
387 486
388 128
388 193
388 235
388 318
388 395
388 409
388 464
388 468
388 481
389 105
389 263
389 269
389 283
389 391
389 397
389 409
389 439
389 461
390 88
390 161
390 310
390 311
390 348
390 433
390 462
390 474
390 478
391 34
391 84
391 271
391 314
391 319
391 389
391 396
391 462
391 488
392 46
392 54
392 263
392 308
392 364
392 395
392 402
392 474
392 494
393 259
393 294
393 351
393 370
393 402
393 446
393 448
393 458
394 36
394 56
394 106
394 127
394 137
394 358
394 367
394 405
394 459
395 276
395 327
395 342
395 347
395 388
395 392
395 469
395 471
395 499
396 49
396 121
396 234
396 275
396 299
396 301
396 325
396 391
396 467
397 145
397 159
397 166
397 321
397 386
397 389
397 400
397 440
397 472
398 18
398 25
398 36
398 130
398 275
398 309
398 313
398 408
398 479
399 43
399 93
399 153
399 257
399 265
399 419
399 432
399 489
399 492
400 20
400 211
400 269
400 359
400 379
400 397
400 453
400 472
400 484
401 25
401 76
401 167
401 171
401 212
401 230
401 248
401 281
401 356
402 45
402 117
402 350
402 358
402 374
402 392
402 393
402 425
402 454
403 46
403 75
403 99
403 255
403 353
403 358
403 361
403 472
403 481
404 3
404 80
404 109
404 117
404 238
404 263
404 417
404 471
404 478
405 13
405 39
405 111
405 315
405 365
405 394
405 424
405 487
405 499
406 31
406 74
406 113
406 176
406 221
406 302
406 363
406 475
406 494
407 96
407 119
407 133
407 170
407 294
407 354
407 378
407 450
407 488
408 26
408 178
408 186
408 385
408 398
408 421
408 457
408 459
408 460
409 58
409 237
409 239
409 353
409 372
409 388
409 389
409 472
409 492
410 5
410 38
410 92
410 220
410 236
410 265
410 317
410 416
410 444
411 53
411 111
411 167
411 245
411 285
411 371
411 417
411 422
411 424
412 20
412 36
412 75
412 94
412 152
412 274
412 325
412 347
412 495
413 165
413 197
413 234
413 239
413 372
413 416
413 437
413 497
413 498
414 34
414 102
414 123
414 150
414 187
414 242
414 272
414 304
414 491
415 52
415 152
415 202
415 225
415 243
415 293
415 335
415 427
415 455
416 104
416 230
416 321
416 410
416 413
416 430
416 434
416 482
416 497
417 32
417 185
417 235
417 287
417 288
417 336
417 373
417 404
417 411
417 499
418 17
418 38
418 112
418 166
418 182
418 191
418 261
418 296
418 307
418 352
419 114
419 127
419 163
419 164
419 180
419 211
419 369
419 399
419 465
419 482
420 178
420 195
420 205
420 273
420 288
420 313
420 324
420 340
420 426
420 473
421 15
421 115
421 300
421 325
421 357
421 408
421 426
421 466
421 487
421 494
422 110
422 300
422 340
422 353
422 372
422 411
422 430
422 431
422 460
422 469
423 37
423 81
423 156
423 213
423 292
423 351
423 428
423 467
423 475
423 479
424 40
424 116
424 117
424 159
424 185
424 280
424 289
424 405
424 411
424 482
425 12
425 22
425 238
425 258
425 294
425 298
425 360
425 402
425 426
425 448
426 32
426 56
426 82
426 245
426 275
426 337
426 339
426 420
426 421
426 425
427 149
427 288
427 361
427 380
427 382
427 415
427 435
427 456
427 487
427 489
428 101
428 107
428 138
428 156
428 210
428 252
428 355
428 423
428 455
428 496
429 4
429 76
429 130
429 242
429 265
429 307
429 435
429 439
429 462
429 489
430 31
430 86
430 159
430 174
430 187
430 320
430 379
430 416
430 422
430 450
431 10
431 127
431 150
431 157
431 203
431 376
431 422
431 438
431 469
431 473
432 56
432 128
432 201
432 250
432 252
432 321
432 399
432 465
432 468
432 475
433 3
433 129
433 181
433 235
433 279
433 285
433 390
433 447
433 482
433 485
434 68
434 103
434 116
434 142
434 176
434 416
434 442
434 450
434 453
434 490
435 91
435 161
435 233
435 340
435 347
435 362
435 427
435 429
435 489
435 495
436 44
436 184
436 191
436 233
436 270
436 276
436 288
436 302
436 365
436 382
436 478
437 29
437 187
437 253
437 292
437 330
437 347
437 413
437 439
437 458
437 482
437 491
438 120
438 178
438 179
438 206
438 224
438 249
438 339
438 431
438 445
438 465
438 496
439 69
439 91
439 164
439 183
439 203
439 331
439 356
439 387
439 389
439 429
439 437
440 77
440 172
440 173
440 198
440 262
440 385
440 397
440 442
440 455
440 490
440 495
441 10
441 57
441 73
441 217
441 283
441 360
441 365
441 448
441 451
441 470
441 497
442 16
442 28
442 177
442 188
442 236
442 254
442 319
442 380
442 434
442 440
442 465
443 85
443 153
443 253
443 298
443 322
443 326
443 327
443 463
443 471
443 474
443 496
444 63
444 69
444 151
444 160
444 277
444 304
444 311
444 369
444 410
444 464
444 482
445 33
445 84
445 105
445 115
445 179
445 181
445 252
445 268
445 287
445 438
445 478
446 8
446 48
446 55
446 57
446 167
446 237
446 256
446 295
446 310
446 370
446 393
447 88
447 123
447 139
447 298
447 316
447 317
447 350
447 433
447 476
447 480
447 486
448 41
448 103
448 136
448 228
448 261
448 266
448 307
448 393
448 425
448 441
448 450
448 467
449 8
449 12
449 30
449 75
449 137
449 246
449 282
449 294
449 356
449 369
449 477
449 492
450 67
450 151
450 156
450 180
450 232
450 331
450 386
450 407
450 430
450 434
450 448
450 490
451 60
451 133
451 145
451 171
451 188
451 202
451 234
451 246
451 293
451 331
451 368
451 441
452 71
452 95
452 98
452 118
452 142
452 147
452 218
452 237
452 326
452 332
452 341
452 457
453 1
453 21
453 94
453 122
453 217
453 242
453 246
453 400
453 434
453 462
453 468
453 490
454 3
454 92
454 97
454 151
454 194
454 209
454 285
454 302
454 379
454 402
454 471
454 480
455 30
455 45
455 48
455 189
455 231
455 232
455 298
455 326
455 415
455 428
455 440
455 490
456 109
456 152
456 163
456 202
456 284
456 311
456 321
456 359
456 427
456 461
456 487
456 492
457 39
457 159
457 175
457 178
457 180
457 202
457 267
457 303
457 408
457 452
457 479
457 481
458 19
458 20
458 125
458 135
458 207
458 241
458 267
458 342
458 393
458 437
458 479
458 483
458 498
459 29
459 44
459 110
459 122
459 140
459 174
459 248
459 313
459 358
459 394
459 408
459 490
459 500
460 67
460 112
460 174
460 300
460 317
460 335
460 374
460 408
460 422
460 462
460 469
460 493
460 497
461 90
461 95
461 229
461 241
461 283
461 286
461 302
461 312
461 360
461 389
461 456
461 466
461 493
462 23
462 92
462 173
462 218
462 328
462 337
462 390
462 391
462 429
462 453
462 460
462 486
462 490
463 149
463 165
463 181
463 218
463 287
463 308
463 310
463 314
463 321
463 345
463 359
463 443
463 477
463 487
464 21
464 80
464 146
464 169
464 241
464 244
464 304
464 388
464 444
464 468
464 474
464 479
464 483
464 498
465 41
465 47
465 54
465 247
465 262
465 274
465 366
465 419
465 432
465 438
465 442
465 467
465 475
465 496
466 30
466 97
466 195
466 213
466 215
466 223
466 268
466 296
466 307
466 346
466 349
466 350
466 421
466 461
467 18
467 121
467 140
467 146
467 184
467 215
467 275
467 306
467 324
467 396
467 423
467 448
467 465
467 494
468 35
468 48
468 67
468 177
468 218
468 274
468 309
468 323
468 388
468 432
468 453
468 464
468 470
468 471
469 62
469 154
469 172
469 179
469 207
469 267
469 310
469 338
469 344
469 374
469 395
469 422
469 431
469 460
470 81
470 100
470 126
470 140
470 195
470 240
470 277
470 337
470 360
470 383
470 384
470 441
470 468
470 483
471 14
471 43
471 157
471 253
471 307
471 336
471 350
471 356
471 395
471 404
471 443
471 454
471 468
471 472
472 79
472 93
472 127
472 164
472 215
472 397
472 400
472 403
472 409
472 471
472 477
472 484
472 488
472 497
473 41
473 66
473 178
473 240
473 270
473 291
473 297
473 348
473 377
473 420
473 431
473 477
473 480
473 500
474 28
474 71
474 173
474 222
474 225
474 285
474 322
474 323
474 390
474 392
474 443
474 464
474 478
474 490
475 67
475 74
475 79
475 81
475 223
475 244
475 268
475 288
475 327
475 406
475 423
475 432
475 465
475 479
476 106
476 114
476 125
476 136
476 148
476 162
476 163
476 171
476 264
476 346
476 367
476 447
476 486
476 490
476 497
477 150
477 185
477 186
477 216
477 240
477 254
477 263
477 266
477 331
477 348
477 449
477 463
477 472
477 473
477 500
478 88
478 131
478 138
478 146
478 216
478 240
478 308
478 338
478 367
478 390
478 404
478 436
478 445
478 474
478 484
479 26
479 79
479 150
479 204
479 243
479 247
479 334
479 398
479 423
479 457
479 458
479 464
479 475
479 494
479 496
480 18
480 54
480 82
480 85
480 94
480 113
480 168
480 254
480 271
480 336
480 354
480 447
480 454
480 473
480 489
481 34
481 98
481 99
481 190
481 220
481 271
481 280
481 281
481 357
481 359
481 388
481 403
481 457
481 486
481 488
481 490
482 8
482 30
482 60
482 104
482 126
482 273
482 334
482 367
482 416
482 419
482 424
482 433
482 437
482 444
482 488
482 491
483 79
483 102
483 197
483 200
483 222
483 231
483 236
483 285
483 326
483 343
483 353
483 381
483 458
483 464
483 470
483 498
484 14
484 21
484 42
484 52
484 190
484 203
484 206
484 231
484 239
484 245
484 290
484 309
484 400
484 472
484 478
484 485
485 24
485 70
485 101
485 121
485 162
485 244
485 275
485 299
485 324
485 344
485 366
485 379
485 433
485 484
485 490
485 491
485 495
486 5
486 45
486 112
486 161
486 170
486 191
486 291
486 309
486 350
486 357
486 387
486 447
486 462
486 476
486 481
486 493
486 500
487 26
487 68
487 80
487 110
487 127
487 251
487 270
487 359
487 361
487 365
487 405
487 421
487 427
487 456
487 463
487 490
487 493
488 38
488 65
488 84
488 99
488 143
488 148
488 176
488 196
488 220
488 259
488 280
488 391
488 407
488 472
488 481
488 482
488 492
488 497
489 1
489 6
489 50
489 108
489 194
489 227
489 258
489 290
489 297
489 324
489 333
489 335
489 399
489 427
489 429
489 435
489 480
489 491
490 48
490 172
490 173
490 298
490 357
490 434
490 440
490 450
490 453
490 455
490 459
490 462
490 474
490 476
490 481
490 485
490 487
490 492
491 17
491 59
491 118
491 143
491 214
491 220
491 272
491 291
491 330
491 353
491 371
491 381
491 383
491 414
491 437
491 482
491 485
491 489
492 19
492 43
492 58
492 85
492 170
492 180
492 200
492 362
492 372
492 373
492 378
492 384
492 399
492 409
492 449
492 456
492 488
492 490
493 11
493 51
493 90
493 138
493 174
493 196
493 200
493 245
493 250
493 283
493 290
493 299
493 302
493 329
493 372
493 460
493 461
493 486
493 487
494 15
494 53
494 71
494 72
494 121
494 152
494 174
494 226
494 236
494 313
494 323
494 325
494 357
494 377
494 392
494 406
494 421
494 467
494 479
495 8
495 70
495 115
495 162
495 211
495 244
495 254
495 344
495 354
495 356
495 368
495 370
495 373
495 376
495 412
495 435
495 440
495 485
495 500
496 31
496 86
496 116
496 182
496 198
496 204
496 253
496 303
496 328
496 359
496 362
496 366
496 379
496 381
496 382
496 428
496 438
496 443
496 465
496 479
497 73
497 94
497 131
497 137
497 207
497 233
497 241
497 248
497 270
497 358
497 374
497 413
497 416
497 441
497 460
497 472
497 476
497 488
497 498
497 499
498 15
498 20
498 28
498 35
498 50
498 70
498 129
498 168
498 188
498 203
498 222
498 281
498 304
498 329
498 364
498 413
498 458
498 464
498 483
498 497
499 7
499 38
499 59
499 75
499 100
499 142
499 216
499 227
499 250
499 276
499 290
499 299
499 321
499 325
499 338
499 341
499 358
499 395
499 405
499 417
499 497
500 9
500 24
500 128
500 194
500 223
500 228
500 240
500 256
500 260
500 266
500 314
500 333
500 335
500 345
500 348
500 386
500 459
500 473
500 477
500 486
500 495
