1 3
1 322
1 412
1 466
1 473
2 218
2 312
2 314
2 344
2 457
3 1
3 9
3 157
3 166
3 190
3 413
3 429
4 10
4 231
4 234
4 474
4 495
5 7
5 219
5 330
5 424
5 443
6 45
6 58
6 63
6 284
6 285
7 5
7 8
7 130
7 273
7 330
8 7
8 84
8 213
8 330
8 484
9 3
9 175
9 189
9 285
9 492
10 4
10 223
10 227
10 414
10 489
11 12
11 183
11 297
11 322
11 399
12 11
12 243
12 379
12 397
12 479
13 214
13 215
13 216
13 343
13 450
14 17
14 206
14 278
14 333
14 373
15 123
15 176
15 243
15 315
15 332
16 25
16 26
16 32
16 359
16 415
17 14
17 373
17 469
17 476
17 482
18 176
18 243
18 249
18 308
18 348
19 208
19 218
19 356
19 432
19 459
20 22
20 29
20 138
20 373
20 465
21 23
21 176
21 344
21 347
21 422
22 20
22 24
22 323
22 418
22 442
23 21
23 28
23 380
23 481
23 488
24 22
24 73
24 245
24 323
24 333
25 16
25 26
25 94
25 359
25 498
26 16
26 25
26 359
26 466
26 473
27 29
27 31
27 36
27 463
27 465
28 23
28 30
28 244
28 395
28 437
29 20
29 27
29 36
29 129
29 359
30 28
30 32
30 276
30 453
30 486
31 27
31 36
31 77
31 323
31 377
32 16
32 30
32 35
32 246
32 415
33 88
33 90
33 240
33 446
33 496
34 154
34 241
34 259
34 320
34 492
35 32
35 47
35 433
35 450
35 494
36 27
36 29
36 31
36 308
36 348
37 86
37 260
37 264
37 394
37 436
38 78
38 294
38 296
38 338
39 40
39 41
39 234
39 468
39 491
40 39
40 41
40 380
40 382
40 454
41 39
41 40
41 46
41 134
41 248
42 50
42 208
42 312
42 345
42 385
42 430
43 48
43 59
43 337
43 390
43 461
44 50
44 247
44 248
44 304
44 435
45 6
45 153
45 339
45 379
45 447
46 41
46 50
46 298
46 361
46 438
47 35
47 190
47 195
47 395
47 494
48 43
48 296
48 317
48 344
48 346
49 50
49 51
49 118
49 478
49 489
50 42
50 44
50 46
50 49
50 51
51 49
51 50
51 52
51 78
51 338
52 51
52 53
52 68
52 89
52 317
53 52
53 57
53 127
53 197
53 317
54 70
54 71
54 331
54 333
54 443
55 59
55 112
55 313
55 453
55 486
56 313
56 358
56 389
56 396
56 461
57 53
57 58
57 161
57 196
57 317
58 6
58 57
58 62
58 340
58 413
59 43
59 55
59 389
59 432
59 461
60 61
60 161
60 196
60 295
60 469
61 60
61 64
61 280
61 300
61 493
62 58
62 317
62 394
62 413
62 436
63 6
63 287
63 434
63 447
63 464
64 61
64 65
64 164
64 203
64 290
65 64
65 67
65 357
65 365
65 499
66 68
66 135
66 204
66 321
66 413
67 65
67 236
67 393
67 403
67 468
68 52
68 66
68 168
68 321
68 355
69 70
69 114
69 355
69 361
69 407
70 54
70 69
70 331
70 474
70 495
71 54
71 75
71 254
71 384
71 463
72 74
72 78
72 316
72 404
72 425
73 24
73 133
73 134
73 194
73 450
74 72
74 78
74 159
74 341
74 445
75 71
75 76
75 197
75 254
75 415
76 75
76 77
76 79
76 414
76 489
77 31
77 76
77 79
77 143
77 254
78 38
78 51
78 72
78 74
78 294
78 338
79 76
79 77
79 81
79 83
79 477
80 84
80 132
80 423
80 453
80 492
81 79
81 83
81 178
81 353
81 446
82 84
82 117
82 303
82 410
82 458
83 79
83 81
83 85
83 353
83 477
84 8
84 80
84 82
84 491
84 500
85 83
85 87
85 314
85 353
85 438
86 37
86 262
86 263
86 463
86 465
87 85
87 88
87 322
87 326
87 353
88 33
88 87
88 90
88 392
88 437
89 52
89 90
89 168
89 357
89 425
90 33
90 88
90 89
90 213
90 492
91 95
91 417
91 449
91 459
91 476
92 127
92 128
92 451
92 456
92 496
93 295
93 357
93 379
93 402
93 479
94 25
94 96
94 102
94 295
94 498
95 91
95 98
95 200
95 287
95 411
96 94
96 101
96 102
96 218
96 312
97 102
97 199
97 295
97 357
97 478
98 95
98 99
98 148
98 470
98 471
99 98
99 382
99 488
99 490
99 496
100 108
100 188
100 221
100 226
100 384
101 96
101 102
101 295
101 315
101 332
102 94
102 96
102 97
102 101
102 232
103 201
103 210
103 224
103 273
103 433
104 106
104 111
104 258
104 464
104 495
105 194
105 235
105 275
105 326
105 417
106 104
106 111
106 113
106 406
106 451
107 112
107 115
107 123
107 292
107 410
108 100
108 122
108 227
108 277
108 494
109 117
109 277
109 479
110 117
110 277
110 284
110 418
110 442
111 104
111 106
111 113
111 253
111 263
112 55
112 107
112 115
112 453
112 486
113 106
113 111
113 114
113 374
113 400
114 69
114 113
114 116
114 120
114 407
115 107
115 112
115 140
115 144
115 483
116 114
116 120
116 180
116 339
116 499
117 82
117 109
117 110
117 303
117 324
118 49
118 158
118 187
118 406
118 489
119 122
119 124
119 238
119 433
119 494
120 114
120 116
120 122
120 399
120 477
121 191
121 225
121 300
121 485
121 497
122 108
122 119
122 120
122 129
122 130
123 15
123 107
123 124
123 315
123 332
124 119
124 123
124 146
124 374
124 400
125 126
125 192
125 288
125 328
125 388
126 125
126 192
126 325
126 493
126 500
127 53
127 92
127 192
127 246
127 415
128 92
128 377
128 381
128 421
128 464
129 29
129 122
129 130
129 229
129 373
130 7
130 122
130 129
130 133
130 450
131 132
131 252
131 404
131 425
131 461
132 80
132 131
132 228
132 420
132 453
133 73
133 130
133 134
133 273
133 425
134 41
134 73
134 133
134 136
134 269
135 66
135 199
135 240
135 420
135 492
136 134
136 139
136 426
136 483
136 499
137 144
137 175
137 189
137 201
137 228
138 20
138 139
138 142
138 229
138 489
139 136
139 138
139 142
139 298
139 361
140 115
140 144
140 228
140 252
140 483
141 144
141 283
141 427
141 448
141 497
142 138
142 139
142 143
142 281
142 411
143 77
143 142
143 146
143 238
143 307
144 115
144 137
144 140
144 141
144 483
145 147
145 150
145 277
145 426
145 483
146 124
146 143
146 148
146 307
146 374
147 145
147 150
147 355
147 401
147 485
148 98
148 146
148 149
148 307
148 448
149 148
149 151
149 154
149 306
149 360
150 145
150 147
150 307
150 444
150 454
150 458
150 475
150 480
151 149
151 215
151 253
151 360
151 448
152 217
152 229
152 230
152 352
152 473
153 45
153 156
153 159
153 351
153 497
154 34
154 149
154 160
154 163
154 430
155 161
155 162
155 181
155 407
155 436
156 153
156 159
156 362
156 436
157 3
157 221
157 384
157 429
157 432
158 118
158 185
158 187
158 466
158 473
159 74
159 153
159 156
159 445
159 460
160 154
160 163
160 185
160 205
160 271
161 57
161 60
161 155
161 162
161 360
162 155
162 161
162 360
162 417
162 459
163 154
163 160
163 481
163 488
163 490
164 64
164 169
164 170
164 383
164 416
165 166
165 194
165 202
165 245
165 272
166 3
166 165
166 259
166 413
166 429
167 189
167 196
167 397
167 455
167 467
168 68
168 89
168 284
168 285
168 370
169 164
169 170
169 397
169 457
169 479
170 164
170 169
170 319
170 457
170 494
171 172
171 179
171 451
171 495
172 171
172 179
172 356
172 449
172 459
173 175
173 314
173 318
173 438
173 457
174 175
174 390
174 398
174 441
174 488
175 9
175 137
175 173
175 174
175 383
176 15
176 18
176 21
176 240
176 496
177 233
177 288
177 292
177 373
177 451
178 81
178 180
178 383
178 401
178 446
179 171
179 172
179 408
179 435
179 476
180 116
180 178
180 181
180 299
180 383
181 155
181 180
181 182
181 383
181 407
182 181
182 183
182 302
182 378
182 430
183 11
183 182
183 184
183 286
183 378
184 183
184 185
184 378
184 424
184 499
185 158
185 160
185 184
185 187
185 214
186 188
186 345
186 390
186 398
186 449
187 118
187 158
187 185
187 283
187 441
188 100
188 186
188 189
188 239
188 376
189 9
189 137
189 167
189 188
189 285
190 3
190 47
190 193
190 198
190 429
191 121
191 241
191 377
191 379
191 485
192 125
192 126
192 127
192 261
192 499
193 190
193 198
193 378
193 406
193 438
194 73
194 105
194 165
194 197
194 272
195 47
195 198
195 406
195 426
195 483
196 57
196 60
196 167
196 197
196 295
197 53
197 75
197 194
197 196
197 246
198 190
198 193
198 195
198 291
198 496
199 97
199 135
199 376
199 419
199 423
200 95
200 203
200 204
200 411
200 455
201 103
201 137
201 210
201 224
201 285
201 433
202 165
202 205
202 242
202 259
202 335
202 368
203 64
203 200
203 204
203 205
203 290
203 383
204 66
204 200
204 203
204 205
204 420
204 492
205 160
205 202
205 203
205 204
205 206
205 335
206 14
206 205
206 207
206 369
206 395
206 498
207 206
207 211
207 323
207 386
207 428
207 476
208 19
208 42
208 216
208 218
208 306
208 377
209 211
209 212
209 346
209 372
209 403
209 439
210 103
210 201
210 224
210 341
210 409
210 433
211 207
211 209
211 212
211 322
211 326
212 209
212 211
212 214
212 336
212 431
212 440
213 8
213 90
213 424
213 444
213 446
213 492
214 13
214 185
214 212
214 215
214 242
214 271
215 13
215 151
215 214
215 216
215 253
215 263
216 13
216 208
216 215
216 342
216 414
216 489
217 152
217 224
217 229
217 230
217 405
217 460
218 2
218 19
218 96
218 208
218 432
218 485
219 5
219 265
219 384
219 408
219 443
219 483
220 221
220 222
220 368
220 384
220 441
220 471
221 100
221 157
221 220
221 222
221 279
221 423
222 220
222 221
222 227
222 267
222 371
222 450
223 10
223 227
223 367
223 398
223 469
223 482
224 103
224 201
224 210
224 217
224 226
224 232
225 121
225 303
225 306
225 457
225 463
225 465
226 100
226 224
226 335
226 344
226 346
226 423
227 10
227 108
227 222
227 223
227 296
227 494
228 132
228 137
228 140
228 239
228 279
228 376
229 129
229 138
229 152
229 217
229 230
229 352
230 152
230 217
230 229
230 352
230 432
230 434
231 4
231 233
231 234
231 274
231 356
231 459
232 102
232 224
232 242
232 244
232 352
232 433
233 177
233 231
233 234
233 236
233 342
233 373
234 4
234 39
234 231
234 233
234 446
234 468
235 105
235 337
235 368
235 390
235 424
235 499
236 67
236 233
236 237
236 280
236 350
236 393
237 236
237 280
237 365
237 424
237 482
237 499
238 119
238 143
238 241
238 311
238 339
238 430
239 188
239 228
239 245
239 246
239 280
239 423
240 33
240 135
240 176
240 253
240 364
240 496
241 34
241 191
241 238
241 339
241 474
241 495
242 202
242 214
242 232
242 244
242 250
242 459
243 12
243 15
243 18
243 309
243 346
243 452
244 28
244 232
244 242
244 250
244 352
244 395
245 24
245 165
245 239
245 246
245 272
245 421
246 32
246 127
246 197
246 239
246 245
246 247
247 44
247 246
247 248
247 359
247 478
247 497
248 41
248 44
248 247
248 249
248 269
248 477
249 18
249 248
249 251
249 308
249 348
249 470
250 242
250 244
250 258
250 261
250 288
250 462
251 249
251 255
251 256
251 293
251 402
251 478
252 131
252 140
252 339
252 457
252 463
252 465
253 111
253 151
253 215
253 240
253 263
253 296
254 71
254 75
254 77
254 331
254 418
254 442
255 251
255 256
255 364
255 456
255 457
255 496
256 251
256 255
256 257
256 362
256 394
256 436
257 256
257 260
257 412
257 466
257 473
257 496
258 104
258 250
258 261
258 270
258 464
258 484
259 34
259 166
259 202
259 367
259 469
259 482
260 37
260 257
260 262
260 264
260 329
260 421
261 192
261 250
261 258
261 270
261 289
261 499
262 86
262 260
262 263
262 265
262 301
262 421
263 86
263 111
263 215
263 253
263 262
263 265
264 37
264 260
264 265
264 357
264 424
264 499
265 219
265 262
265 263
265 264
265 333
265 443
266 267
266 281
266 287
266 325
266 411
266 500
267 222
267 266
267 269
267 325
267 371
267 450
268 364
268 387
268 417
268 422
268 456
268 496
269 134
269 248
269 267
269 325
269 387
269 477
270 258
270 261
270 278
270 289
270 301
270 309
271 160
271 214
271 272
271 335
271 397
271 500
272 165
272 194
272 245
272 271
272 397
272 442
273 7
273 103
273 133
273 287
273 292
273 451
274 231
274 278
274 359
274 417
274 432
274 449
275 105
275 354
275 366
275 368
275 379
275 498
276 30
276 278
276 450
276 486
276 492
276 500
277 108
277 109
277 110
277 145
277 426
277 483
278 14
278 270
278 274
278 276
278 397
278 498
279 221
279 228
279 281
279 282
279 283
279 423
280 61
280 236
280 237
280 239
280 300
280 489
281 142
281 266
281 279
281 282
281 283
281 287
282 279
282 281
282 283
282 344
282 386
282 422
283 141
283 187
283 279
283 281
283 282
283 448
284 6
284 110
284 168
284 383
284 387
285 6
285 9
285 168
285 189
285 201
285 410
286 183
286 294
286 298
286 299
286 300
286 399
287 63
287 95
287 266
287 273
287 281
287 451
288 125
288 177
288 250
288 290
288 342
288 462
289 261
289 270
289 291
289 301
289 469
289 482
290 64
290 203
290 288
290 342
290 383
290 451
291 198
291 289
291 301
291 305
291 496
291 498
292 107
292 177
292 273
292 324
292 342
292 410
293 251
293 297
293 299
293 342
293 351
293 497
294 38
294 78
294 286
294 298
294 338
294 455
295 60
295 93
295 94
295 97
295 101
295 196
296 38
296 48
296 227
296 253
296 375
296 494
297 11
297 293
297 299
297 399
297 477
297 497
298 46
298 139
298 286
298 294
298 318
298 437
299 180
299 286
299 293
299 297
299 339
299 462
300 61
300 121
300 280
300 286
300 304
300 484
300 491
301 262
301 270
301 289
301 291
301 305
301 447
301 464
302 182
302 304
302 306
302 308
302 395
302 398
302 414
303 82
303 117
303 225
303 304
303 306
303 324
303 352
304 44
304 300
304 302
304 303
304 315
304 385
305 291
305 301
305 309
305 314
305 316
305 378
305 438
306 149
306 208
306 225
306 302
306 303
306 315
306 385
307 143
307 146
307 148
307 150
307 475
307 480
307 492
308 18
308 36
308 249
308 302
308 395
308 398
308 414
309 243
309 270
309 305
309 310
309 316
309 320
309 498
310 309
310 316
310 320
310 380
310 476
310 488
310 490
311 238
311 312
311 322
311 345
311 451
311 474
311 495
312 2
312 42
312 96
312 311
312 322
312 345
312 485
313 55
313 56
313 412
313 441
313 466
313 473
314 2
314 85
314 173
314 305
314 335
314 341
314 378
315 15
315 101
315 123
315 304
315 306
315 319
315 332
316 72
316 305
316 309
316 310
316 320
316 404
316 425
317 48
317 52
317 53
317 57
317 62
317 375
317 494
318 173
318 298
318 361
318 416
318 430
318 436
318 477
319 170
319 315
319 332
319 334
319 375
319 433
319 494
320 34
320 309
320 310
320 316
320 324
320 486
320 492
321 66
321 68
321 355
321 370
321 446
321 488
321 490
322 1
322 11
322 87
322 211
322 311
322 312
323 22
323 24
323 31
323 207
323 473
323 476
323 478
324 117
324 292
324 303
324 320
324 326
324 327
324 328
325 126
325 266
325 267
325 269
325 387
325 493
325 500
326 87
326 105
326 211
326 324
326 327
326 328
326 453
327 324
327 326
327 328
327 330
327 340
327 453
327 478
328 125
328 324
328 326
328 327
328 388
328 453
328 462
329 260
329 336
329 340
329 347
329 421
329 447
329 453
330 5
330 7
330 8
330 327
330 333
330 402
330 497
331 54
331 70
331 254
331 355
331 363
331 493
331 500
332 15
332 101
332 123
332 315
332 319
332 334
332 492
333 14
333 24
333 54
333 265
333 330
333 373
333 443
334 319
334 332
334 406
334 409
334 451
334 495
335 202
335 205
335 226
335 271
335 314
335 341
335 367
336 212
336 329
336 340
336 347
336 431
336 440
336 453
337 43
337 235
337 346
337 390
337 406
337 451
337 474
338 38
338 51
338 78
338 294
338 343
338 367
338 498
339 45
339 116
339 238
339 241
339 252
339 299
339 388
340 58
340 327
340 329
340 336
340 347
340 348
340 497
341 74
341 210
341 314
341 335
341 405
341 409
341 499
342 216
342 233
342 288
342 290
342 292
342 293
342 489
343 13
343 338
343 353
343 367
343 371
343 450
343 451
344 2
344 21
344 48
344 226
344 282
344 347
344 386
345 42
345 186
345 311
345 312
345 390
345 398
345 404
346 48
346 209
346 226
346 243
346 337
346 432
346 498
347 21
347 329
347 336
347 340
347 344
347 348
347 422
348 18
348 36
348 249
348 340
348 347
348 349
348 350
349 348
349 350
349 351
349 389
349 401
349 422
349 461
350 236
350 348
350 349
350 351
350 358
350 393
350 422
351 153
351 293
351 349
351 350
351 354
351 422
351 497
352 152
352 229
352 230
352 232
352 244
352 303
352 410
353 81
353 83
353 85
353 87
353 343
353 371
353 450
354 275
354 351
354 356
354 369
354 419
354 422
354 455
355 68
355 69
355 147
355 321
355 331
355 396
355 485
356 19
356 172
356 231
356 354
356 362
356 396
356 449
356 455
357 65
357 89
357 93
357 97
357 264
357 360
357 472
357 499
358 56
358 350
358 364
358 402
358 425
358 446
358 448
358 468
359 16
359 25
359 26
359 29
359 247
359 274
359 476
359 497
360 149
360 151
360 161
360 162
360 357
360 365
360 424
360 499
361 46
361 69
361 139
361 318
361 394
361 423
361 425
361 446
362 156
362 256
362 356
362 394
362 396
362 455
362 469
363 331
363 365
363 366
363 371
363 372
363 396
363 491
363 493
364 240
364 255
364 268
364 358
364 402
364 425
364 448
364 456
365 65
365 237
365 360
365 363
365 366
365 369
365 372
365 499
366 275
366 363
366 365
366 372
366 419
366 434
366 474
366 475
367 223
367 259
367 335
367 338
367 343
367 469
367 482
367 492
368 202
368 220
368 235
368 275
368 390
368 427
368 470
368 471
369 206
369 354
369 365
369 371
369 396
369 452
369 455
369 498
370 168
370 321
370 407
370 418
370 434
370 437
370 488
370 490
371 222
371 267
371 343
371 353
371 363
371 369
371 372
371 374
372 209
372 363
372 365
372 366
372 371
372 374
372 403
372 498
373 14
373 17
373 20
373 129
373 177
373 233
373 333
373 414
374 113
374 124
374 146
374 371
374 372
374 380
374 385
374 400
375 296
375 317
375 319
375 380
375 385
375 388
375 389
375 433
376 188
376 199
376 228
376 381
376 391
376 392
376 480
376 497
377 31
377 128
377 191
377 208
377 385
377 430
377 448
377 480
378 182
378 183
378 184
378 193
378 305
378 314
378 436
378 438
379 12
379 45
379 93
379 191
379 275
379 397
379 479
379 498
380 23
380 40
380 310
380 374
380 375
380 385
380 388
380 481
381 128
381 376
381 391
381 392
381 421
381 447
381 480
381 497
382 40
382 99
382 389
382 403
382 404
382 409
382 481
382 490
383 164
383 175
383 178
383 180
383 181
383 203
383 284
383 290
384 71
384 100
384 157
384 219
384 220
384 391
384 432
384 457
385 42
385 304
385 306
385 374
385 375
385 377
385 380
385 388
386 207
386 282
386 344
386 395
386 408
386 419
386 422
386 431
387 268
387 269
387 284
387 325
387 397
387 418
387 442
388 125
388 328
388 339
388 375
388 380
388 385
388 462
388 489
389 56
389 59
389 349
389 375
389 382
389 401
389 403
389 404
390 43
390 174
390 186
390 235
390 337
390 345
390 368
390 398
391 376
391 381
391 384
391 392
391 393
391 457
391 465
391 480
392 88
392 376
392 381
392 391
392 393
392 431
392 437
392 497
393 67
393 236
393 350
393 391
393 392
393 399
393 405
393 468
393 480
394 37
394 62
394 256
394 361
394 362
394 401
394 423
394 447
394 494
395 28
395 47
395 206
395 244
395 302
395 308
395 386
395 408
395 440
396 56
396 355
396 356
396 362
396 363
396 369
396 455
396 461
396 485
397 12
397 167
397 169
397 271
397 272
397 278
397 379
397 387
397 479
398 174
398 186
398 223
398 302
398 308
398 345
398 390
398 414
398 421
399 11
399 120
399 286
399 297
399 393
399 405
399 411
399 426
399 493
400 113
400 124
400 374
400 415
400 440
400 443
400 482
400 488
400 500
401 147
401 178
401 349
401 389
401 394
401 402
401 425
401 461
401 474
402 93
402 251
402 330
402 358
402 364
402 401
402 428
402 448
402 476
403 67
403 209
403 372
403 382
403 389
403 404
403 419
403 434
403 499
404 72
404 131
404 316
404 345
404 382
404 389
404 403
404 409
404 425
405 217
405 341
405 393
405 399
405 411
405 426
405 445
405 460
405 462
406 106
406 118
406 193
406 195
406 334
406 337
406 430
406 474
406 495
407 69
407 114
407 155
407 181
407 370
407 410
407 418
407 435
407 453
408 179
408 219
408 386
408 395
408 414
408 419
408 428
408 435
408 478
409 210
409 334
409 341
409 382
409 404
409 434
409 437
409 445
409 460
410 82
410 107
410 285
410 292
410 352
410 407
410 417
410 421
410 435
411 95
411 142
411 200
411 266
411 399
411 405
411 420
411 426
411 470
412 1
412 257
412 313
412 420
412 427
412 428
412 429
412 470
413 3
413 58
413 62
413 66
413 166
413 429
413 444
414 10
414 76
414 216
414 302
414 308
414 373
414 398
414 408
414 419
414 489
415 16
415 32
415 75
415 127
415 400
415 440
415 443
415 464
415 482
415 488
416 164
416 318
416 430
416 431
416 436
416 454
416 458
416 475
417 91
417 105
417 162
417 268
417 274
417 410
417 418
417 421
417 435
417 449
418 22
418 110
418 254
418 370
418 387
418 407
418 417
418 434
418 437
418 442
419 199
419 354
419 366
419 386
419 403
419 408
419 414
419 431
419 434
419 452
420 132
420 135
420 204
420 411
420 412
420 426
420 427
420 453
420 470
420 486
421 128
421 245
421 260
421 262
421 329
421 381
421 398
421 410
421 417
421 435
422 21
422 268
422 282
422 347
422 349
422 350
422 351
422 354
422 386
422 454
423 80
423 199
423 221
423 226
423 239
423 279
423 361
423 394
423 424
423 447
424 5
424 184
424 213
424 235
424 237
424 264
424 360
424 423
424 446
424 471
425 72
425 89
425 131
425 133
425 316
425 358
425 361
425 364
425 401
425 404
426 136
426 145
426 195
426 277
426 399
426 405
426 411
426 420
426 429
426 470
427 141
427 368
427 412
427 420
427 428
427 429
427 448
427 449
427 470
427 471
428 207
428 402
428 408
428 412
428 427
428 429
428 435
428 449
428 476
428 495
429 3
429 157
429 166
429 190
429 412
429 413
429 426
429 427
429 428
429 449
430 42
430 154
430 182
430 238
430 318
430 377
430 406
430 416
430 431
430 436
431 212
431 336
431 386
431 392
431 416
431 419
431 430
431 436
431 437
431 440
432 19
432 59
432 157
432 218
432 230
432 274
432 346
432 384
432 434
432 452
433 35
433 103
433 119
433 201
433 210
433 232
433 319
433 375
433 459
433 476
434 63
434 230
434 366
434 370
434 403
434 409
434 418
434 419
434 432
434 437
435 44
435 179
435 407
435 408
435 410
435 417
435 421
435 428
435 478
435 497
436 37
436 62
436 155
436 156
436 256
436 318
436 378
436 416
436 430
436 431
437 28
437 88
437 298
437 370
437 392
437 409
437 418
437 431
437 434
437 440
438 46
438 85
438 173
438 193
438 305
438 378
438 442
438 469
438 483
438 492
438 497
439 209
439 441
439 461
439 467
439 472
439 483
439 484
439 487
439 488
439 491
439 492
440 212
440 336
440 395
440 400
440 415
440 431
440 437
440 443
440 445
440 464
440 488
441 174
441 187
441 220
441 313
441 439
441 461
441 470
441 471
441 483
441 492
441 499
442 22
442 110
442 254
442 272
442 387
442 418
442 438
442 454
442 469
442 474
442 483
443 5
443 54
443 219
443 265
443 333
443 400
443 415
443 440
443 445
443 464
443 488
444 150
444 213
444 413
444 446
444 447
444 475
444 479
444 480
445 74
445 159
445 405
445 409
445 440
445 443
445 458
445 460
445 464
445 472
445 488
446 33
446 81
446 178
446 213
446 234
446 321
446 358
446 361
446 424
446 444
446 468
447 45
447 63
447 301
447 329
447 381
447 394
447 423
447 444
447 450
447 464
447 500
448 141
448 148
448 151
448 283
448 358
448 364
448 377
448 402
448 427
448 467
448 470
449 91
449 172
449 186
449 274
449 356
449 417
449 427
449 428
449 429
449 461
449 470
450 13
450 35
450 73
450 130
450 222
450 267
450 276
450 343
450 353
450 447
450 483
451 92
451 106
451 171
451 177
451 273
451 287
451 290
451 311
451 334
451 337
451 343
452 243
452 369
452 419
452 432
452 456
452 460
452 467
452 475
452 489
452 498
452 499
453 30
453 55
453 80
453 112
453 132
453 326
453 327
453 328
453 329
453 336
453 407
453 420
454 40
454 150
454 416
454 422
454 442
454 458
454 459
454 469
454 474
454 475
454 476
454 480
455 167
455 200
455 294
455 354
455 356
455 362
455 369
455 396
455 484
455 487
455 491
455 500
456 92
456 255
456 268
456 364
456 452
456 460
456 462
456 465
456 475
456 489
456 492
456 496
457 2
457 169
457 170
457 173
457 225
457 252
457 255
457 384
457 391
457 459
457 463
457 465
458 82
458 150
458 416
458 445
458 454
458 464
458 472
458 473
458 475
458 478
458 480
458 488
459 19
459 91
459 162
459 172
459 231
459 242
459 433
459 454
459 457
459 460
459 474
459 476
460 159
460 217
460 405
460 409
460 445
460 452
460 456
460 459
460 462
460 475
460 490
460 499
461 43
461 56
461 59
461 131
461 349
461 396
461 401
461 439
461 441
461 449
461 470
461 483
462 250
462 288
462 299
462 328
462 388
462 405
462 456
462 460
462 475
462 480
462 497
462 499
463 27
463 71
463 86
463 225
463 252
463 457
463 466
463 484
463 486
463 490
463 491
463 493
463 494
464 63
464 104
464 128
464 258
464 301
464 415
464 440
464 443
464 445
464 447
464 458
464 472
464 488
465 20
465 27
465 86
465 225
465 252
465 391
465 456
465 457
465 467
465 471
465 473
465 478
465 489
466 1
466 26
466 158
466 257
466 313
466 463
466 473
466 484
466 486
466 490
466 491
466 493
466 494
467 167
467 439
467 448
467 452
467 465
467 471
467 472
467 473
467 478
467 489
467 491
467 493
467 500
468 39
468 67
468 234
468 358
468 393
468 446
468 477
468 479
468 482
468 493
468 495
468 498
468 500
469 17
469 60
469 223
469 259
469 289
469 362
469 367
469 438
469 442
469 454
469 474
469 476
469 482
470 98
470 249
470 368
470 411
470 412
470 420
470 426
470 427
470 441
470 448
470 449
470 461
470 471
471 98
471 220
471 368
471 424
471 427
471 441
471 465
471 467
471 470
471 472
471 473
471 478
471 491
472 357
472 439
472 445
472 458
472 464
472 467
472 471
472 473
472 478
472 484
472 487
472 493
472 500
473 1
473 26
473 152
473 158
473 257
473 313
473 323
473 458
473 465
473 466
473 467
473 471
473 472
473 478
474 4
474 70
474 241
474 311
474 337
474 366
474 401
474 406
474 442
474 454
474 459
474 469
474 476
474 495
475 150
475 307
475 366
475 416
475 444
475 452
475 454
475 456
475 458
475 460
475 462
475 480
475 489
475 499
476 17
476 91
476 179
476 207
476 310
476 323
476 359
476 402
476 428
476 433
476 454
476 459
476 469
476 474
477 79
477 83
477 120
477 248
477 269
477 297
477 318
477 468
477 479
477 482
477 493
477 495
477 498
477 500
478 49
478 97
478 247
478 251
478 323
478 327
478 408
478 435
478 458
478 465
478 467
478 471
478 472
478 473
479 12
479 93
479 109
479 169
479 379
479 397
479 444
479 468
479 477
479 482
479 486
479 495
479 498
479 500
480 150
480 307
480 376
480 377
480 381
480 391
480 393
480 444
480 454
480 458
480 462
480 475
480 497
480 499
481 23
481 163
481 380
481 382
481 485
481 487
481 488
481 490
481 491
481 496
482 17
482 223
482 237
482 259
482 289
482 367
482 400
482 415
482 468
482 469
482 477
482 479
482 490
482 498
482 500
483 115
483 136
483 140
483 144
483 145
483 195
483 219
483 277
483 438
483 439
483 441
483 442
483 450
483 461
483 492
484 8
484 258
484 300
484 439
484 455
484 463
484 466
484 472
484 485
484 486
484 487
484 490
484 491
484 494
484 496
485 121
485 147
485 191
485 218
485 312
485 355
485 396
485 481
485 484
485 487
485 491
485 494
485 496
486 30
486 55
486 112
486 276
486 320
486 420
486 463
486 466
486 479
486 484
486 490
486 491
486 492
486 493
486 495
487 439
487 455
487 472
487 481
487 484
487 485
487 491
487 493
487 494
487 496
487 500
488 23
488 99
488 163
488 174
488 310
488 321
488 370
488 400
488 415
488 439
488 440
488 443
488 445
488 458
488 464
488 481
489 10
489 49
489 76
489 118
489 138
489 216
489 280
489 342
489 388
489 414
489 452
489 456
489 465
489 467
489 475
489 500
490 99
490 163
490 310
490 321
490 370
490 382
490 460
490 463
490 466
490 481
490 482
490 484
490 486
490 491
490 493
490 494
491 39
491 84
491 300
491 363
491 439
491 455
491 463
491 466
491 467
491 471
491 481
491 484
491 485
491 486
491 487
491 490
491 494
491 496
492 9
492 34
492 80
492 90
492 135
492 204
492 213
492 276
492 307
492 320
492 332
492 367
492 438
492 439
492 441
492 456
492 483
492 486
493 61
493 126
493 325
493 331
493 363
493 399
493 463
493 466
493 467
493 468
493 472
493 477
493 486
493 487
493 490
493 495
493 498
493 500
494 35
494 47
494 108
494 119
494 170
494 227
494 296
494 317
494 319
494 394
494 463
494 466
494 484
494 485
494 487
494 490
494 491
494 496
495 4
495 70
495 104
495 171
495 241
495 311
495 334
495 406
495 428
495 468
495 474
495 477
495 479
495 486
495 493
495 497
495 498
495 500
496 33
496 92
496 99
496 176
496 198
496 240
496 255
496 257
496 268
496 291
496 456
496 481
496 484
496 485
496 487
496 491
496 494
497 121
497 141
497 153
497 247
497 293
497 297
497 330
497 340
497 351
497 359
497 376
497 381
497 392
497 435
497 438
497 462
497 480
497 495
497 499
498 25
498 94
498 206
498 275
498 278
498 291
498 309
498 338
498 346
498 369
498 372
498 379
498 452
498 468
498 477
498 479
498 482
498 493
498 495
498 500
499 65
499 116
499 136
499 184
499 192
499 235
499 237
499 261
499 264
499 341
499 357
499 360
499 365
499 403
499 441
499 452
499 460
499 462
499 475
499 480
499 497
500 84
500 126
500 266
500 271
500 276
500 325
500 331
500 400
500 447
500 455
500 467
500 468
500 472
500 477
500 479
500 482
500 487
500 489
500 493
500 495
500 498
