1 19
2 32
3 21
4 10
5 19
6 14
7 40
8 25
9 38
10 8
11 25
12 4
13 19
14 28
15 5
16 33
17 39
18 11
19 15
20 14
21 3
22 29
23 8
24 4
25 36
26 43
27 30
28 7
29 25
30 2
31 11
32 36
33 15
34 29
35 7
36 16
37 21
38 15
39 34
40 33
41 18
42 19
43 23
44 48
45 22
46 13
47 31
48 15
49 17
50 30
51 19
52 17
53 28
54 3
55 43
56 28
57 23
58 34
59 14
60 43
61 31
62 15
63 48
64 34
65 26
66 35
67 1
68 47
69 25
70 30
71 25
72 44
73 47
74 48
75 39
76 32
77 20
78 20
79 21
80 46
81 47
82 43
83 7
84 43
85 22
86 4
87 48
88 7
89 22
90 45
91 33
92 10
93 4
94 16
95 8
96 46
97 6
98 12
99 41
100 30
101 37
102 26
103 33
104 41
105 2
106 37
107 25
108 39
109 34
110 47
111 39
112 31
113 37
114 16
115 45
116 24
117 41
118 33
119 48
120 27
121 37
122 24
123 43
124 41
125 7
126 38
127 5
128 19
129 38
130 24
131 29
132 13
133 30
134 4
135 15
136 26
137 46
138 22
139 41
140 33
141 39
142 6
143 1
144 32
145 26
146 19
147 46
148 22
149 13
150 39
151 3
152 44
153 14
154 36
155 5
156 10
157 10
158 4
159 43
160 6
161 22
162 6
163 28
164 28
165 48
166 20
167 42
168 16
169 43
170 44
171 34
172 4
173 16
174 14
175 12
176 24
177 17
178 1
179 34
180 37
181 43
182 7
183 37
184 20
185 14
186 11
187 34
188 11
189 13
190 26
191 32
192 8
193 19
194 46
195 22
196 4
197 47
198 5
199 10
200 28
201 16
202 36
203 32
204 30
205 23
206 40
207 21
208 21
209 28
210 27
211 4
212 22
213 20
214 39
215 4
216 7
217 48
218 42
219 9
220 23
221 40
222 8
223 43
224 21
225 15
226 44
227 33
228 21
229 38
230 8
231 9
232 41
233 7
234 46
235 11
236 43
237 41
238 37
239 43
240 43
241 40
242 28
243 43
244 22
245 18
246 37
247 17
248 8
249 4
250 8
251 25
252 30
253 21
254 1
255 16
256 20
257 19
258 35
259 7
260 39
261 46
262 19
263 13
264 5
265 7
266 28
267 4
268 43
269 11
270 17
271 1
272 4
273 1
274 26
275 4
276 19
277 42
278 4
279 7
280 41
281 2
282 27
283 38
284 22
285 18
286 19
287 16
288 31
289 21
290 46
291 41
292 1
293 8
294 28
295 19
296 43
297 18
298 7
299 24
300 8
301 16
302 3
303 35
304 39
305 22
306 34
307 29
308 12
309 24
310 30
311 14
312 7
313 46
314 48
315 10
316 23
317 24
318 22
319 7
320 15
321 2
322 22
323 12
324 37
325 16
326 44
327 33
328 5
329 47
330 30
331 45
332 31
333 5
334 40
335 11
336 15
337 41
338 20
339 34
340 42
341 15
342 4
343 36
344 19
345 4
346 41
347 39
348 12
349 34
350 16
351 42
352 9
353 35
354 19
355 25
356 42
357 39
358 1
359 5
360 12
361 10
362 4
363 33
364 19
365 35
366 15
367 48
368 3
369 2
370 37
371 48
372 26
373 22
374 37
375 23
376 39
377 48
378 21
379 3
380 48
381 9
382 15
383 37
384 7
385 39
386 10
387 6
388 46
389 15
390 2
391 4
392 42
393 19
394 24
395 10
396 27
397 48
398 37
399 23
400 34
401 16
402 48
403 18
404 12
405 43
406 24
407 19
408 26
409 43
410 41
411 16
412 20
413 28
414 46
415 45
416 16
417 8
418 26
419 7
420 5
421 7
422 41
423 9
424 3
425 5
426 7
427 34
428 27
429 15
430 6
431 15
432 40
433 15
434 24
435 29
436 35
437 41
438 48
439 41
440 4
441 38
442 25
443 3
444 27
445 17
446 6
447 2
448 32
449 24
450 17
451 21
452 7
453 41
454 22
455 1
456 12
457 45
458 6
459 16
460 22
461 19
462 42
463 43
464 26
465 41
466 16
467 46
468 3
469 9
470 7
471 30
472 39
473 2
474 15
475 41
476 48
477 37
478 12
479 38
480 26
481 15
482 22
483 15
484 34
485 46
486 7
487 7
488 37
489 37
490 2
491 23
492 24
493 43
494 30
495 39
496 30
497 3
498 46
499 48
500 39
