1 42
2 23
3 9
4 29
5 25
6 26
7 4
8 31
9 19
10 12
11 16
12 7
13 43
14 43
15 2
16 27
17 34
18 28
19 40
20 28
21 37
22 39
23 4
24 15
25 30
26 27
27 11
28 12
29 39
30 12
31 40
32 19
33 28
34 26
35 30
36 35
37 16
38 40
39 21
40 40
41 21
42 37
43 28
44 5
45 30
46 29
47 34
48 27
49 31
50 48
51 45
52 31
53 33
54 18
55 8
56 3
57 28
58 12
59 20
60 43
61 3
62 2
63 43
64 38
65 18
66 26
67 36
68 2
69 8
70 25
71 13
72 24
73 7
74 6
75 25
76 27
77 43
78 27
79 3
80 39
81 22
82 2
83 18
84 40
85 29
86 48
87 24
88 48
89 13
90 50
91 42
92 45
93 22
94 39
95 44
96 19
97 21
98 28
99 15
100 8
101 45
102 41
103 24
104 40
105 50
106 39
107 40
108 33
109 45
110 9
111 49
112 1
113 19
114 12
115 28
116 19
117 50
118 6
119 5
120 13
121 4
122 2
123 38
124 11
125 31
126 18
127 7
128 1
129 33
130 37
131 23
132 39
133 37
134 25
135 32
136 23
137 26
138 2
139 23
140 12
141 18
142 28
143 30
144 36
145 20
146 11
147 32
148 32
149 47
150 32
151 8
152 29
153 40
154 43
155 27
156 7
157 25
158 17
159 32
160 43
161 19
162 33
163 5
164 22
165 23
166 2
167 19
168 23
169 29
170 31
171 44
172 40
173 3
174 44
175 28
176 50
177 15
178 14
179 15
180 27
181 19
182 45
183 10
184 24
185 5
186 45
187 37
188 26
189 29
190 19
191 32
192 29
193 17
194 21
195 38
196 30
197 37
198 2
199 22
200 47
201 44
202 41
203 29
204 37
205 7
206 16
207 12
208 36
209 35
210 3
211 23
212 36
213 7
214 44
215 44
216 38
217 26
218 49
219 28
220 23
221 43
222 39
223 17
224 5
225 13
226 45
227 37
228 45
229 3
230 38
231 14
232 43
233 11
234 12
235 33
236 40
237 31
238 37
239 37
240 11
241 10
242 36
243 14
244 20
245 37
246 30
247 41
248 37
249 47
250 40
251 18
252 33
253 30
254 16
255 4
256 33
257 3
258 29
259 18
260 12
261 7
262 43
263 46
264 23
265 40
266 25
267 1
268 6
269 38
270 29
271 34
272 22
273 45
274 43
275 19
276 23
277 37
278 44
279 18
280 25
281 6
282 21
283 30
284 28
285 27
286 9
287 10
288 22
289 5
290 6
291 40
292 4
293 25
294 26
295 41
296 44
297 28
298 41
299 6
300 9
301 46
302 25
303 30
304 33
305 27
306 48
307 42
308 40
309 49
310 47
311 30
312 31
313 27
314 34
315 17
316 44
317 30
318 18
319 23
320 11
321 31
322 6
323 39
324 19
325 15
326 19
327 43
328 12
329 3
330 28
331 27
332 49
333 4
334 46
335 13
336 18
337 29
338 27
339 14
340 34
341 20
342 29
343 2
344 17
345 48
346 11
347 42
348 29
349 30
350 40
351 40
352 34
353 35
354 18
355 26
356 21
357 35
358 31
359 43
360 39
361 3
362 14
363 43
364 23
365 17
366 5
367 27
368 4
369 16
370 43
371 32
372 39
373 21
374 43
375 39
376 4
377 40
378 46
379 12
380 41
381 6
382 4
383 21
384 18
385 44
386 18
387 1
388 29
389 33
390 33
391 31
392 44
393 15
394 11
395 1
396 49
397 45
398 37
399 25
400 7
401 35
402 19
403 2
404 3
405 1
406 1
407 29
408 4
409 40
410 28
411 19
412 44
413 42
414 27
415 4
416 10
417 29
418 25
419 40
420 10
421 3
422 37
423 47
424 30
425 43
426 40
427 8
428 46
429 2
430 16
431 8
432 7
433 24
434 15
435 20
436 32
437 29
438 13
439 10
440 31
441 31
442 50
443 36
444 9
445 39
446 12
447 3
448 13
449 30
450 7
451 15
452 30
453 3
454 28
455 37
456 5
457 30
458 26
459 46
460 27
461 14
462 33
463 22
464 4
465 18
466 27
467 43
468 48
469 1
470 6
471 8
472 1
473 10
474 7
475 26
476 25
477 2
478 12
479 25
480 38
481 31
482 19
483 19
484 45
485 29
486 43
487 26
488 14
489 31
490 7
491 8
492 25
493 30
494 40
495 39
496 43
497 40
498 23
499 8
500 37
