1 217
1 231
1 245
1 297
1 483
2 51
2 88
2 190
2 207
2 305
3 4
3 7
3 217
3 242
3 250
4 3
4 7
4 231
4 242
4 250
5 58
5 149
5 241
5 493
5 497
6 62
6 176
6 203
6 209
6 474
7 3
7 4
7 8
7 242
7 250
8 7
8 10
8 173
8 250
8 268
9 28
9 166
9 208
9 270
9 273
10 8
10 12
10 173
10 250
10 389
11 131
11 145
11 256
11 264
11 350
11 461
12 10
12 173
12 259
12 286
12 334
13 15
13 16
13 19
13 259
13 436
14 24
14 76
14 221
14 390
14 478
15 13
15 16
15 18
15 19
15 280
16 13
16 15
16 18
16 19
16 276
17 25
17 53
17 54
17 304
17 313
18 15
18 16
18 19
18 259
18 286
19 13
19 15
19 16
19 18
19 451
20 22
20 26
20 265
20 310
20 421
21 22
21 26
21 29
21 30
21 498
22 20
22 21
22 26
22 29
22 478
23 38
23 58
23 59
23 64
23 202
24 14
24 78
24 194
24 216
24 221
25 17
25 54
25 201
25 304
25 313
26 20
26 21
26 22
26 29
26 402
27 66
27 67
27 181
27 329
27 494
28 9
28 177
28 208
28 270
28 273
29 21
29 22
29 26
29 30
29 303
30 21
30 29
30 303
30 377
30 382
31 32
31 166
31 251
31 320
31 470
32 31
32 166
32 251
32 303
32 476
33 34
33 35
33 36
33 37
33 315
34 33
34 35
34 37
34 315
34 419
35 33
35 34
35 36
35 37
35 315
36 33
36 35
36 204
36 273
36 499
37 33
37 34
37 35
37 177
37 315
38 23
38 59
38 64
38 65
38 373
39 40
39 42
39 239
39 258
39 315
40 39
40 42
40 239
40 258
40 284
41 139
41 141
41 142
41 167
41 386
42 39
42 40
42 44
42 239
42 258
43 44
43 47
43 301
43 466
43 477
44 42
44 43
44 46
44 47
44 258
45 46
45 48
45 226
45 384
45 474
46 44
46 45
46 47
46 48
46 218
47 43
47 44
47 46
47 48
47 218
48 45
48 46
48 47
48 201
48 226
49 184
49 194
49 216
49 221
49 350
50 52
50 53
50 201
50 222
50 298
51 2
51 88
51 247
51 305
51 480
52 50
52 53
52 222
52 313
52 444
53 17
53 50
53 52
53 222
53 304
54 17
54 25
54 222
54 304
54 313
55 57
55 60
55 61
55 63
55 230
56 154
56 155
56 158
56 209
56 493
57 55
57 60
57 222
57 230
57 490
58 5
58 23
58 202
58 241
58 405
59 23
59 38
59 64
59 65
59 465
60 55
60 57
60 61
60 63
60 230
61 55
61 60
61 63
61 230
61 377
62 6
62 92
62 176
62 209
62 438
63 55
63 60
63 61
63 222
63 230
64 23
64 38
64 59
64 65
64 425
65 38
65 59
65 64
65 140
65 477
66 27
66 67
66 181
66 230
66 434
67 27
67 66
67 181
67 487
67 493
68 131
68 132
68 138
68 146
68 430
69 80
69 85
69 228
69 235
69 495
70 71
70 73
70 74
70 403
70 458
71 70
71 73
71 74
71 181
71 485
72 132
72 133
72 138
72 241
72 370
73 70
73 71
73 74
73 181
73 375
74 70
74 71
74 73
74 216
74 366
75 184
75 219
75 221
75 403
75 491
76 14
76 78
76 184
76 219
76 500
77 93
77 98
77 102
77 128
77 140
78 24
78 76
78 184
78 219
78 480
79 81
79 228
79 235
79 352
79 450
80 69
80 85
80 228
80 366
80 483
81 79
81 228
81 235
81 345
81 430
82 85
82 87
82 89
82 90
82 487
83 84
83 93
83 140
83 346
83 359
84 83
84 93
84 140
84 401
84 494
85 69
85 80
85 82
85 89
85 235
86 159
86 162
86 165
86 185
86 313
87 82
87 89
87 294
87 317
87 500
88 2
88 51
88 196
88 305
88 428
89 82
89 85
89 87
89 90
89 91
90 82
90 89
90 91
90 376
90 463
91 89
91 90
91 95
91 96
91 452
92 62
92 155
92 158
92 161
92 209
93 77
93 83
93 84
93 140
93 165
94 125
94 182
94 340
94 463
94 477
95 91
95 96
95 99
95 100
95 312
96 91
96 95
96 99
96 100
96 411
97 98
97 146
97 407
97 444
97 459
98 77
98 97
98 126
98 146
98 395
99 95
99 96
99 100
99 360
99 438
100 95
100 96
100 99
100 214
100 465
101 104
101 214
101 286
101 369
101 496
102 77
102 126
102 128
102 279
102 426
103 104
103 106
103 214
103 370
103 413
104 101
104 103
104 105
104 106
104 214
105 104
105 106
105 356
105 449
105 472
106 103
106 104
106 105
106 108
106 109
107 108
107 109
107 110
107 387
107 409
108 106
108 107
108 109
108 110
108 410
109 106
109 107
109 108
109 110
109 111
110 107
110 108
110 109
110 111
110 315
111 109
111 110
111 112
111 115
111 213
111 418
112 111
112 115
112 354
112 460
112 478
113 114
113 115
113 116
113 254
113 398
114 113
114 115
114 116
114 213
114 254
114 419
115 111
115 112
115 113
115 114
115 484
116 113
116 114
116 117
116 118
116 254
117 116
117 118
117 213
117 227
117 254
118 116
118 117
118 227
118 438
118 493
119 120
119 121
119 122
119 123
119 390
120 119
120 121
120 122
120 393
120 424
121 119
121 120
121 122
121 227
121 436
122 119
122 120
122 121
122 123
122 340
123 119
123 122
123 340
123 471
123 493
124 125
124 127
124 182
124 340
124 438
125 94
125 124
125 127
125 130
125 182
126 98
126 102
126 131
126 146
126 378
127 124
127 125
127 129
127 130
127 182
128 77
128 102
128 146
128 373
128 471
129 127
129 130
129 133
129 134
129 169
130 125
130 127
130 129
130 134
130 182
131 11
131 68
131 126
131 132
131 138
132 68
132 72
132 131
132 138
132 256
133 72
133 129
133 134
133 169
133 340
133 399
134 129
134 130
134 133
134 169
134 171
135 136
135 156
135 171
135 303
135 498
136 135
136 139
136 156
136 157
136 171
137 247
137 253
137 256
137 264
137 321
138 68
138 72
138 131
138 132
138 235
139 41
139 136
139 156
139 171
139 273
140 65
140 77
140 83
140 84
140 93
141 41
141 144
141 156
141 167
141 487
142 41
142 143
142 144
142 300
142 458
143 142
143 144
143 147
143 167
143 478
144 141
144 142
144 143
144 147
144 432
145 11
145 256
145 264
145 324
145 474
146 68
146 97
146 98
146 126
146 128
147 143
147 144
147 148
147 151
147 167
148 147
148 150
148 151
148 153
148 408
149 5
149 202
149 211
149 241
149 321
150 148
150 151
150 153
150 378
150 426
151 147
151 148
151 150
151 153
151 434
152 154
152 304
152 340
152 386
152 433
153 148
153 150
153 151
153 154
153 277
154 56
154 152
154 153
154 155
154 158
155 56
155 92
155 154
155 158
155 209
156 135
156 136
156 139
156 141
156 157
156 171
157 136
157 156
157 169
157 171
157 411
157 441
158 56
158 92
158 154
158 155
158 209
158 440
159 86
159 165
159 190
159 293
159 406
159 491
160 163
160 164
160 306
160 353
160 365
160 424
161 92
161 165
161 176
161 203
161 348
161 399
162 86
162 176
162 203
162 319
162 330
162 411
163 160
163 164
163 306
163 353
163 365
163 424
164 160
164 163
164 168
164 170
164 174
164 306
165 86
165 93
165 159
165 161
165 176
165 203
166 9
166 31
166 32
166 251
166 303
166 369
167 41
167 141
167 143
167 147
167 421
167 436
168 164
168 170
168 174
168 179
168 333
168 353
169 129
169 133
169 134
169 157
169 182
169 456
170 164
170 168
170 174
170 179
170 306
170 333
171 134
171 135
171 136
171 139
171 156
171 157
172 267
172 279
172 281
172 311
172 346
172 445
173 8
173 10
173 12
173 259
173 415
173 458
174 164
174 168
174 170
174 179
174 333
174 412
175 224
175 225
175 232
175 233
175 285
175 462
176 6
176 62
176 161
176 162
176 165
176 203
177 28
177 37
177 204
177 208
177 273
177 396
178 269
178 290
178 309
178 327
178 356
178 408
179 168
179 170
179 174
179 180
179 333
179 416
180 179
180 188
180 333
180 365
180 430
180 490
181 27
181 66
181 67
181 71
181 73
181 390
182 94
182 124
182 125
182 127
182 130
182 169
183 186
183 187
183 302
183 422
183 430
183 484
184 49
184 75
184 76
184 78
184 221
184 327
185 86
185 190
185 305
185 344
185 410
185 476
186 183
186 187
186 188
186 302
186 333
186 430
187 183
187 186
187 188
187 302
187 430
187 500
188 180
188 186
188 187
188 302
188 333
188 430
189 236
189 255
189 257
189 263
189 326
189 498
190 2
190 159
190 185
190 305
190 430
190 454
191 192
191 193
191 195
191 376
191 385
191 452
192 191
192 193
192 376
192 378
192 385
192 477
193 191
193 192
193 195
193 198
193 376
193 385
194 24
194 49
194 216
194 221
194 341
194 358
195 191
195 193
195 198
195 302
195 376
195 443
196 88
196 207
196 243
196 247
196 252
196 368
197 229
197 294
197 317
197 324
197 343
197 399
198 193
198 195
198 199
198 376
198 438
198 462
199 198
199 200
199 205
199 376
199 438
199 482
200 199
200 205
200 206
200 212
200 261
200 438
201 25
201 48
201 50
201 226
201 304
201 491
202 23
202 58
202 149
202 211
202 321
202 424
203 6
203 161
203 162
203 165
203 176
203 495
204 36
204 177
204 208
204 270
204 273
204 492
205 199
205 200
205 206
205 261
205 438
205 481
206 200
206 205
206 210
206 212
206 215
206 261
207 2
207 196
207 243
207 252
207 379
207 461
208 9
208 28
208 177
208 204
208 270
208 273
209 6
209 56
209 62
209 92
209 155
209 158
210 206
210 212
210 215
210 220
210 271
210 497
211 149
211 202
211 241
211 267
211 321
211 473
212 200
212 206
212 210
212 215
212 220
212 261
213 111
213 114
213 117
213 373
213 434
213 449
214 100
214 101
214 103
214 104
214 295
214 456
215 206
215 210
215 212
215 220
215 261
215 271
216 24
216 49
216 74
216 194
216 408
216 500
217 1
217 3
217 231
217 242
217 349
217 404
218 46
218 47
218 226
218 258
218 417
218 439
219 75
219 76
219 78
219 228
219 343
219 353
220 210
220 212
220 215
220 223
220 271
220 325
221 14
221 24
221 49
221 75
221 184
221 194
222 50
222 52
222 53
222 54
222 57
222 63
223 220
223 271
223 325
223 404
223 413
223 486
224 175
224 225
224 232
224 285
224 404
224 461
225 175
225 224
225 232
225 285
225 325
225 425
226 45
226 48
226 201
226 218
226 313
226 407
227 117
227 118
227 121
227 254
227 370
227 405
228 69
228 79
228 80
228 81
228 219
228 235
229 197
229 309
229 324
229 327
229 343
229 399
230 55
230 57
230 60
230 61
230 63
230 66
231 1
231 4
231 217
231 242
231 268
231 297
232 175
232 224
232 225
232 233
232 285
232 404
233 175
233 232
233 234
233 246
233 285
233 492
234 233
234 236
234 246
234 326
234 371
234 474
235 69
235 79
235 81
235 85
235 138
235 228
235 399
236 189
236 234
236 246
236 255
236 263
236 428
237 240
237 244
237 248
237 249
237 255
237 257
238 245
238 268
238 276
238 280
238 310
238 312
239 39
239 40
239 42
239 315
239 348
239 405
240 237
240 244
240 248
240 249
240 263
240 454
241 5
241 58
241 72
241 149
241 211
241 281
242 3
242 4
242 7
242 217
242 231
242 468
243 196
243 207
243 247
243 252
243 253
243 305
244 237
244 240
244 248
244 249
244 257
244 497
245 1
245 238
245 268
245 280
245 297
245 310
246 233
246 234
246 236
246 326
246 464
246 484
247 51
247 137
247 196
247 243
247 252
247 343
248 237
248 240
248 244
248 249
248 257
248 272
249 237
249 240
249 244
249 248
249 272
249 326
250 3
250 4
250 7
250 8
250 10
250 286
251 31
251 32
251 166
251 270
251 303
251 415
252 196
252 207
252 243
252 247
252 299
252 411
253 137
253 243
253 256
253 269
253 387
253 499
254 113
254 114
254 116
254 117
254 227
254 437
255 189
255 236
255 237
255 257
255 272
255 326
256 11
256 132
256 137
256 145
256 253
256 264
257 189
257 237
257 244
257 248
257 255
257 263
257 384
258 39
258 40
258 42
258 44
258 218
258 270
259 12
259 13
259 18
259 173
259 286
259 450
260 272
260 279
260 296
260 394
260 421
260 480
261 200
261 205
261 206
261 212
261 215
261 271
261 438
262 275
262 278
262 282
262 283
262 339
262 392
262 428
263 189
263 236
263 240
263 257
263 326
263 430
263 457
264 11
264 137
264 145
264 256
264 324
264 329
264 377
265 20
265 276
265 312
265 334
265 401
265 418
265 486
266 277
266 294
266 295
266 300
266 317
266 387
266 411
267 172
267 211
267 281
267 293
267 311
267 319
267 346
268 8
268 231
268 238
268 245
268 280
268 297
268 310
269 178
269 253
269 350
269 356
269 368
269 390
269 494
270 9
270 28
270 204
270 208
270 251
270 258
270 498
271 210
271 215
271 220
271 223
271 261
271 371
271 450
272 248
272 249
272 255
272 260
272 279
272 296
272 348
273 9
273 28
273 36
273 139
273 177
273 204
273 208
274 282
274 283
274 287
274 288
274 289
274 292
274 483
275 262
275 278
275 339
275 380
275 392
275 428
275 450
276 16
276 238
276 265
276 297
276 312
276 377
276 404
277 153
277 266
277 293
277 295
277 300
277 342
277 411
278 262
278 275
278 339
278 380
278 392
278 395
278 428
279 102
279 172
279 260
279 272
279 296
279 311
279 346
280 15
280 238
280 245
280 268
280 297
280 310
280 312
280 458
281 172
281 241
281 267
281 311
281 319
281 346
281 437
281 478
282 262
282 274
282 283
282 287
282 339
282 428
282 442
283 262
283 274
283 282
283 287
283 288
283 339
283 458
284 40
284 301
284 318
284 320
284 334
284 348
284 369
285 175
285 224
285 225
285 232
285 233
285 404
285 459
286 12
286 18
286 101
286 250
286 259
286 297
286 454
287 274
287 282
287 283
287 288
287 289
287 291
287 428
288 274
288 283
288 287
288 291
288 339
288 451
288 476
289 274
289 287
289 291
289 292
289 299
289 337
289 459
290 178
290 309
290 324
290 327
290 356
290 368
290 490
291 287
291 288
291 289
291 292
291 299
291 307
291 337
292 274
292 289
292 291
292 299
292 307
292 337
292 495
293 159
293 267
293 277
293 300
293 319
293 342
293 464
294 87
294 197
294 266
294 317
294 343
294 387
294 399
295 214
295 266
295 277
295 376
295 387
295 411
295 438
296 260
296 272
296 279
296 311
296 346
296 367
296 476
297 1
297 231
297 245
297 268
297 276
297 280
297 286
298 50
298 301
298 318
298 366
298 368
298 451
298 485
299 252
299 289
299 291
299 292
299 307
299 314
299 337
299 497
300 142
300 266
300 277
300 293
300 342
300 364
300 444
301 43
301 284
301 298
301 318
301 358
301 366
301 422
302 183
302 186
302 187
302 188
302 195
302 385
302 465
303 29
303 30
303 32
303 135
303 166
303 251
303 431
304 17
304 25
304 53
304 54
304 152
304 201
304 313
305 2
305 51
305 88
305 185
305 190
305 243
305 421
306 160
306 163
306 164
306 170
306 353
306 424
306 498
307 291
307 292
307 299
307 308
307 314
307 322
307 476
308 307
308 314
308 322
308 328
308 337
308 396
308 488
309 178
309 229
309 290
309 324
309 327
309 390
309 419
310 20
310 238
310 245
310 268
310 280
310 312
310 433
311 172
311 267
311 279
311 281
311 296
311 346
311 381
312 95
312 238
312 265
312 276
312 280
312 310
312 467
313 17
313 25
313 52
313 54
313 86
313 226
313 304
314 299
314 307
314 308
314 322
314 328
314 337
314 396
314 464
315 33
315 34
315 35
315 37
315 39
315 110
315 239
316 330
316 336
316 344
316 352
316 360
316 373
316 386
317 87
317 197
317 266
317 294
317 343
317 387
317 486
318 284
318 298
318 301
318 334
318 348
318 366
318 390
319 162
319 267
319 281
319 293
319 342
319 346
319 430
320 31
320 284
320 334
320 348
320 369
320 377
320 465
321 137
321 149
321 202
321 211
321 416
321 453
321 472
322 307
322 308
322 314
322 328
322 337
322 396
322 495
323 349
323 361
323 364
323 371
323 408
323 422
323 486
324 145
324 197
324 229
324 264
324 290
324 309
324 327
324 481
325 220
325 223
325 225
325 397
325 404
325 452
325 496
326 189
326 234
326 246
326 249
326 255
326 263
326 471
327 178
327 184
327 229
327 290
327 309
327 324
327 439
328 308
328 314
328 322
328 337
328 344
328 373
328 396
328 459
329 27
329 264
329 345
329 349
329 354
329 384
329 415
329 422
329 463
330 162
330 316
330 336
330 344
330 352
330 386
330 396
330 491
331 332
331 338
331 351
331 372
331 431
331 433
331 461
331 471
332 331
332 372
332 412
332 431
332 433
332 440
332 461
332 471
333 168
333 170
333 174
333 179
333 180
333 186
333 188
333 366
334 12
334 265
334 284
334 318
334 320
334 348
334 369
334 377
335 362
335 382
335 383
335 391
335 397
335 413
335 421
335 450
336 316
336 330
336 341
336 344
336 352
336 373
336 386
336 423
337 289
337 291
337 292
337 299
337 308
337 314
337 322
337 328
338 331
338 351
338 355
338 357
338 367
338 375
338 379
338 433
339 262
339 275
339 278
339 282
339 283
339 288
339 392
339 428
339 485
340 94
340 122
340 123
340 124
340 133
340 152
340 415
340 471
341 194
341 336
341 347
341 360
341 363
341 370
341 403
341 434
342 277
342 293
342 300
342 319
342 382
342 402
342 411
342 482
343 197
343 219
343 229
343 247
343 294
343 317
343 387
343 399
344 185
344 316
344 328
344 330
344 336
344 352
344 373
344 448
345 81
345 329
345 347
345 354
345 363
345 384
345 403
345 434
346 83
346 172
346 267
346 279
346 281
346 296
346 311
346 319
347 341
347 345
347 354
347 360
347 363
347 370
347 403
347 434
348 161
348 239
348 272
348 284
348 318
348 320
348 334
348 369
348 377
349 217
349 323
349 329
349 354
349 384
349 408
349 415
349 422
350 11
350 49
350 269
350 356
350 358
350 368
350 404
350 497
351 331
351 338
351 355
351 357
351 367
351 375
351 379
351 433
352 79
352 316
352 330
352 336
352 344
352 373
352 386
352 403
353 160
353 163
353 168
353 219
353 306
353 365
353 378
353 424
354 112
354 329
354 345
354 347
354 349
354 384
354 415
354 460
355 338
355 351
355 379
355 393
355 433
355 489
355 491
355 494
356 105
356 178
356 269
356 290
356 350
356 390
356 422
356 461
357 338
357 351
357 367
357 375
357 379
357 393
357 398
357 433
358 194
358 301
358 350
358 366
358 368
358 390
358 418
358 471
359 83
359 361
359 364
359 371
359 378
359 391
359 394
359 499
360 99
360 316
360 341
360 347
360 363
360 370
360 403
360 434
361 323
361 359
361 364
361 365
361 371
361 378
361 394
361 438
362 335
362 380
362 391
362 395
362 397
362 450
362 485
362 494
363 341
363 345
363 347
363 360
363 370
363 403
363 408
363 434
364 300
364 323
364 359
364 361
364 378
364 394
364 408
364 422
365 160
365 163
365 180
365 353
365 361
365 371
365 378
365 424
366 74
366 80
366 298
366 301
366 318
366 333
366 358
366 440
367 296
367 338
367 351
367 357
367 375
367 379
367 393
367 398
367 427
368 196
368 269
368 290
368 298
368 350
368 358
368 385
368 481
369 101
369 166
369 284
369 320
369 334
369 348
369 377
369 482
370 72
370 103
370 227
370 341
370 347
370 360
370 363
370 434
370 450
370 493
371 234
371 271
371 323
371 359
371 361
371 365
371 378
371 394
371 499
372 331
372 332
372 412
372 431
372 440
372 458
372 461
372 471
372 497
373 38
373 128
373 213
373 316
373 328
373 336
373 344
373 352
373 386
373 396
374 388
374 406
374 414
374 423
374 435
374 441
374 459
374 465
374 468
375 73
375 338
375 351
375 357
375 367
375 379
375 393
375 398
375 407
376 90
376 191
376 192
376 193
376 195
376 198
376 199
376 295
376 438
377 30
377 61
377 264
377 276
377 320
377 334
377 348
377 369
377 496
378 126
378 150
378 192
378 353
378 359
378 361
378 364
378 365
378 371
378 394
379 207
379 338
379 351
379 355
379 357
379 367
379 375
379 393
379 398
380 275
380 278
380 362
380 392
380 395
380 397
380 415
380 450
380 498
381 311
381 382
381 383
381 418
381 421
381 431
381 436
381 454
381 490
381 492
382 30
382 335
382 342
382 381
382 383
382 391
382 413
382 421
382 436
382 454
383 335
383 381
383 382
383 391
383 402
383 413
383 421
383 436
383 454
384 45
384 257
384 329
384 345
384 349
384 354
384 415
384 422
384 434
385 191
385 192
385 193
385 302
385 368
385 390
385 437
385 468
385 494
386 41
386 152
386 316
386 330
386 336
386 352
386 373
386 479
386 498
387 107
387 253
387 266
387 294
387 295
387 317
387 343
387 411
387 486
388 374
388 406
388 414
388 423
388 426
388 429
388 435
388 468
388 483
389 10
389 401
389 402
389 407
389 410
389 418
389 454
389 456
389 475
390 14
390 119
390 181
390 269
390 309
390 318
390 356
390 358
390 385
391 335
391 359
391 362
391 382
391 383
391 392
391 395
391 397
391 450
392 262
392 275
392 278
392 339
392 380
392 391
392 395
392 396
392 450
393 120
393 355
393 357
393 367
393 375
393 379
393 398
393 405
393 407
394 260
394 359
394 361
394 364
394 371
394 378
394 422
394 471
394 484
395 98
395 278
395 362
395 380
395 391
395 392
395 397
395 450
395 481
396 177
396 308
396 314
396 322
396 328
396 330
396 373
396 392
396 429
397 325
397 335
397 362
397 380
397 391
397 395
397 413
397 421
397 450
398 113
398 357
398 367
398 375
398 379
398 393
398 405
398 407
398 450
398 497
399 133
399 161
399 197
399 229
399 235
399 294
399 343
399 474
399 480
400 417
400 439
400 446
400 453
400 457
400 460
400 470
400 472
400 481
400 485
401 84
401 265
401 389
401 402
401 405
401 407
401 410
401 418
401 454
401 461
402 26
402 342
402 383
402 389
402 401
402 405
402 407
402 410
402 418
402 436
403 70
403 75
403 341
403 345
403 347
403 352
403 360
403 363
403 434
403 442
404 217
404 223
404 224
404 232
404 276
404 285
404 325
404 350
404 454
404 475
405 58
405 227
405 239
405 393
405 398
405 401
405 402
405 407
405 410
405 479
405 497
406 159
406 374
406 388
406 414
406 423
406 426
406 429
406 435
406 452
406 465
406 468
407 97
407 226
407 375
407 389
407 393
407 398
407 401
407 402
407 405
407 410
408 148
408 178
408 216
408 323
408 349
408 363
408 364
408 422
408 482
408 499
409 107
409 419
409 425
409 426
409 429
409 432
409 444
409 452
409 455
409 458
409 468
410 108
410 185
410 389
410 401
410 402
410 405
410 407
410 442
410 470
410 489
410 495
411 96
411 157
411 162
411 252
411 266
411 277
411 295
411 342
411 387
411 436
412 174
412 332
412 372
412 431
412 437
412 440
412 449
412 461
412 468
412 471
413 103
413 223
413 335
413 382
413 383
413 397
413 421
413 436
413 454
413 471
414 374
414 388
414 406
414 423
414 426
414 429
414 432
414 435
414 459
414 468
415 173
415 251
415 329
415 340
415 349
415 354
415 380
415 384
415 422
415 455
416 179
416 321
416 427
416 439
416 441
416 442
416 448
416 451
416 476
416 478
416 487
416 490
417 218
417 400
417 439
417 453
417 457
417 460
417 462
417 470
417 472
417 481
417 485
418 111
418 265
418 358
418 381
418 389
418 401
418 402
418 436
418 447
418 454
418 457
419 34
419 114
419 309
419 409
419 425
419 426
419 429
419 432
419 444
419 449
419 452
419 458
420 439
420 445
420 447
420 456
420 463
420 464
420 474
420 484
420 486
420 491
420 493
420 497
421 20
421 167
421 260
421 305
421 335
421 381
421 382
421 383
421 397
421 413
421 436
421 454
422 183
422 301
422 323
422 329
422 349
422 356
422 364
422 384
422 394
422 408
422 415
423 336
423 374
423 388
423 406
423 414
423 429
423 435
423 465
423 468
423 483
423 500
424 120
424 160
424 163
424 202
424 306
424 353
424 365
424 430
424 440
424 472
424 474
425 64
425 225
425 409
425 419
425 432
425 435
425 437
425 444
425 449
425 452
425 458
426 102
426 150
426 388
426 406
426 409
426 414
426 419
426 429
426 432
426 435
426 468
427 367
427 416
427 441
427 442
427 448
427 451
427 459
427 465
427 470
427 476
427 478
428 88
428 236
428 262
428 275
428 278
428 282
428 287
428 339
428 468
428 488
428 495
429 388
429 396
429 406
429 409
429 414
429 419
429 423
429 426
429 432
429 465
429 485
430 68
430 81
430 180
430 183
430 186
430 187
430 188
430 190
430 263
430 319
430 424
430 477
431 303
431 331
431 332
431 372
431 381
431 412
431 433
431 440
431 461
431 471
431 491
432 144
432 409
432 414
432 419
432 425
432 426
432 429
432 444
432 462
432 479
432 480
433 152
433 310
433 331
433 332
433 338
433 351
433 355
433 357
433 431
433 461
433 471
434 66
434 151
434 213
434 341
434 345
434 347
434 360
434 363
434 370
434 384
434 403
435 374
435 388
435 406
435 414
435 423
435 425
435 426
435 459
435 465
435 468
435 484
436 13
436 121
436 167
436 381
436 382
436 383
436 402
436 411
436 413
436 418
436 421
436 454
437 254
437 281
437 385
437 412
437 425
437 440
437 444
437 449
437 452
437 458
437 461
437 471
438 62
438 99
438 118
438 124
438 198
438 199
438 200
438 205
438 261
438 295
438 361
438 376
439 218
439 327
439 400
439 416
439 417
439 420
439 442
439 446
439 448
439 451
439 453
439 467
439 476
440 158
440 332
440 366
440 372
440 412
440 424
440 431
440 437
440 449
440 461
440 471
440 475
441 157
441 374
441 416
441 427
441 444
441 448
441 451
441 459
441 465
441 476
441 478
441 499
442 282
442 403
442 410
442 416
442 427
442 439
442 448
442 451
442 453
442 459
442 465
442 476
442 478
443 195
443 446
443 447
443 456
443 462
443 463
443 474
443 480
443 481
443 486
443 493
443 497
444 52
444 97
444 300
444 409
444 419
444 425
444 432
444 437
444 441
444 449
444 452
444 458
445 172
445 420
445 447
445 456
445 463
445 464
445 474
445 484
445 486
445 491
445 493
445 497
446 400
446 439
446 443
446 453
446 457
446 460
446 462
446 470
446 472
446 481
446 485
446 493
447 418
447 420
447 443
447 445
447 456
447 463
447 464
447 474
447 480
447 486
447 493
447 497
448 344
448 416
448 427
448 439
448 441
448 442
448 451
448 458
448 459
448 468
448 476
448 478
449 105
449 213
449 412
449 419
449 425
449 437
449 440
449 444
449 452
449 458
449 470
449 472
450 79
450 259
450 271
450 275
450 335
450 362
450 370
450 380
450 391
450 392
450 395
450 397
450 398
451 19
451 288
451 298
451 416
451 427
451 439
451 441
451 442
451 448
451 457
451 459
451 476
451 478
452 91
452 191
452 325
452 406
452 409
452 419
452 425
452 437
452 444
452 449
452 458
452 485
452 486
453 321
453 400
453 417
453 439
453 442
453 446
453 457
453 460
453 470
453 472
453 476
453 481
453 485
454 190
454 240
454 286
454 381
454 382
454 383
454 389
454 401
454 404
454 413
454 418
454 421
454 436
455 409
455 415
455 464
455 466
455 467
455 475
455 477
455 479
455 483
455 487
455 491
455 494
455 495
455 498
456 169
456 214
456 389
456 420
456 443
456 445
456 447
456 463
456 474
456 480
456 484
456 486
456 493
456 497
457 263
457 400
457 417
457 418
457 446
457 451
457 453
457 460
457 462
457 470
457 472
457 480
457 481
457 485
458 70
458 142
458 173
458 280
458 283
458 372
458 409
458 419
458 425
458 437
458 444
458 448
458 449
458 452
458 478
459 97
459 285
459 289
459 328
459 374
459 414
459 427
459 435
459 441
459 442
459 448
459 451
459 465
459 468
459 478
460 112
460 354
460 400
460 417
460 446
460 453
460 457
460 462
460 470
460 472
460 476
460 481
460 485
460 493
461 11
461 207
461 224
461 331
461 332
461 356
461 372
461 401
461 412
461 431
461 433
461 437
461 440
461 471
462 175
462 198
462 417
462 432
462 443
462 446
462 457
462 460
462 470
462 472
462 480
462 481
462 485
462 497
463 90
463 94
463 329
463 420
463 443
463 445
463 447
463 456
463 474
463 480
463 484
463 486
463 493
463 497
464 246
464 293
464 314
464 420
464 445
464 447
464 455
464 467
464 474
464 477
464 479
464 483
464 484
464 486
464 491
465 59
465 100
465 302
465 320
465 374
465 406
465 423
465 427
465 429
465 435
465 441
465 442
465 459
465 468
465 478
466 43
466 455
466 467
466 469
466 475
466 482
466 487
466 488
466 490
466 492
466 494
466 495
466 498
466 499
466 500
467 312
467 439
467 455
467 464
467 466
467 475
467 477
467 479
467 483
467 487
467 490
467 491
467 494
467 495
467 498
468 242
468 374
468 385
468 388
468 406
468 409
468 412
468 414
468 423
468 426
468 428
468 435
468 448
468 459
468 465
468 500
469 466
469 473
469 482
469 489
469 490
469 492
469 499
469 500
470 31
470 400
470 410
470 417
470 427
470 446
470 449
470 453
470 457
470 460
470 462
470 472
470 479
470 480
470 481
470 485
471 123
471 128
471 326
471 331
471 332
471 340
471 358
471 372
471 394
471 412
471 413
471 431
471 433
471 437
471 440
471 461
472 105
472 321
472 400
472 417
472 424
472 446
472 449
472 453
472 457
472 460
472 462
472 470
472 478
472 480
472 481
472 485
473 211
473 469
473 482
473 488
473 489
473 492
473 496
473 499
473 500
474 6
474 45
474 145
474 234
474 399
474 420
474 424
474 443
474 445
474 447
474 456
474 463
474 464
474 484
474 486
474 493
474 497
475 389
475 404
475 440
475 455
475 466
475 467
475 477
475 479
475 483
475 487
475 490
475 491
475 492
475 494
475 495
475 498
475 499
476 32
476 185
476 288
476 296
476 307
476 416
476 427
476 439
476 441
476 442
476 448
476 451
476 453
476 460
476 478
476 481
477 43
477 65
477 94
477 192
477 430
477 455
477 464
477 467
477 475
477 479
477 483
477 487
477 488
477 490
477 491
477 494
477 498
478 14
478 22
478 112
478 143
478 281
478 416
478 427
478 441
478 442
478 448
478 451
478 458
478 459
478 465
478 472
478 476
479 386
479 405
479 432
479 455
479 464
479 467
479 470
479 475
479 477
479 483
479 484
479 487
479 491
479 494
479 495
479 498
480 51
480 78
480 260
480 399
480 432
480 443
480 447
480 456
480 457
480 462
480 463
480 470
480 472
480 485
480 493
480 497
481 205
481 324
481 368
481 395
481 400
481 417
481 443
481 446
481 453
481 457
481 460
481 462
481 470
481 472
481 476
481 485
481 494
482 199
482 342
482 369
482 408
482 466
482 469
482 473
482 487
482 488
482 489
482 490
482 492
482 494
482 495
482 498
482 499
482 500
483 1
483 80
483 274
483 388
483 423
483 455
483 464
483 467
483 475
483 477
483 479
483 484
483 487
483 491
483 494
483 495
483 498
484 115
484 183
484 246
484 394
484 420
484 435
484 445
484 456
484 463
484 464
484 474
484 479
484 483
484 486
484 491
484 496
484 497
485 71
485 298
485 339
485 362
485 400
485 417
485 429
485 446
485 452
485 453
485 457
485 460
485 462
485 470
485 472
485 480
485 481
486 223
486 265
486 317
486 323
486 387
486 420
486 443
486 445
486 447
486 452
486 456
486 463
486 464
486 474
486 484
486 493
486 497
487 67
487 82
487 141
487 416
487 455
487 466
487 467
487 475
487 477
487 479
487 482
487 483
487 490
487 491
487 494
487 495
487 498
488 308
488 428
488 466
488 473
488 477
488 482
488 489
488 490
488 492
488 495
488 499
488 500
489 355
489 410
489 469
489 473
489 482
489 488
489 492
489 496
489 499
489 500
490 57
490 180
490 290
490 381
490 416
490 466
490 467
490 469
490 475
490 477
490 482
490 487
490 488
490 492
490 494
490 495
490 498
490 499
490 500
491 75
491 159
491 201
491 330
491 355
491 420
491 431
491 445
491 455
491 464
491 467
491 475
491 477
491 479
491 483
491 484
491 487
491 494
492 204
492 233
492 381
492 466
492 469
492 473
492 475
492 482
492 488
492 489
492 490
492 495
492 496
492 498
492 499
492 500
493 5
493 56
493 67
493 118
493 123
493 370
493 420
493 443
493 445
493 446
493 447
493 456
493 460
493 463
493 474
493 480
493 486
493 497
494 27
494 84
494 269
494 355
494 362
494 385
494 455
494 466
494 467
494 475
494 477
494 479
494 481
494 482
494 483
494 487
494 490
494 491
494 495
494 498
495 69
495 203
495 292
495 322
495 410
495 428
495 455
495 466
495 467
495 475
495 479
495 482
495 483
495 487
495 488
495 490
495 492
495 494
495 498
495 499
496 101
496 325
496 377
496 473
496 484
496 489
496 492
496 499
496 500
497 5
497 210
497 244
497 299
497 350
497 372
497 398
497 405
497 420
497 443
497 445
497 447
497 456
497 462
497 463
497 474
497 480
497 484
497 486
497 493
498 21
498 135
498 189
498 270
498 306
498 380
498 386
498 455
498 466
498 467
498 475
498 477
498 479
498 482
498 483
498 487
498 490
498 492
498 494
498 495
499 36
499 253
499 359
499 371
499 408
499 441
499 466
499 469
499 473
499 475
499 482
499 488
499 489
499 490
499 492
499 495
499 496
499 500
500 76
500 87
500 187
500 216
500 423
500 466
500 468
500 469
500 473
500 482
500 488
500 489
500 490
500 492
500 496
500 499
