1 274
1 311
1 389
1 407
1 483
2 164
2 245
2 254
2 300
2 439
3 127
3 334
3 393
3 435
3 492
4 122
4 135
4 188
4 201
4 456
5 172
5 310
5 319
5 396
5 458
6 23
6 139
6 228
6 255
6 286
7 138
7 185
7 260
7 369
7 426
8 114
8 173
8 175
8 282
8 353
9 348
9 416
9 456
9 491
9 493
10 310
10 375
10 461
10 492
10 494
11 119
11 227
11 326
11 389
11 456
12 32
12 64
12 365
12 394
12 431
13 182
13 197
13 243
13 381
13 420
14 77
14 386
14 413
14 415
14 422
15 41
15 61
15 263
15 327
15 451
16 18
16 156
16 408
16 420
16 486
17 284
17 328
17 379
17 413
17 461
18 16
18 154
18 408
18 438
18 491
19 101
19 135
19 136
19 170
19 284
20 128
20 140
20 201
20 409
20 482
21 22
21 207
21 382
21 396
21 411
22 21
22 258
22 453
22 469
22 487
23 6
23 155
23 225
23 367
23 458
24 236
24 309
24 351
24 476
24 498
25 87
25 91
25 165
25 294
25 454
26 160
26 197
26 315
26 439
26 486
27 151
27 301
27 482
27 491
27 493
28 74
28 249
28 436
28 464
28 475
29 70
29 183
29 262
29 363
29 471
30 119
30 354
30 397
30 487
30 499
31 217
31 283
31 324
31 396
31 424
32 12
32 73
32 147
32 433
32 487
33 112
33 143
33 348
33 445
33 497
34 195
34 386
34 420
34 433
34 452
35 288
35 370
35 402
35 460
35 471
36 39
36 63
36 234
36 344
36 449
37 188
37 360
37 416
37 464
37 480
38 67
38 284
38 413
38 462
38 490
39 36
39 148
39 325
39 496
39 499
40 219
40 369
40 416
40 457
40 483
41 15
41 259
41 264
41 393
41 414
42 227
42 392
42 457
42 484
42 489
43 278
43 337
43 346
43 356
43 361
44 53
44 209
44 418
44 480
44 498
45 214
45 254
45 414
45 457
45 466
46 87
46 327
46 376
46 456
46 500
47 72
47 125
47 333
47 341
47 422
48 256
48 290
48 391
48 431
48 479
49 189
49 207
49 270
49 460
49 484
50 199
50 410
50 429
50 455
50 487
51 309
51 371
51 400
51 487
51 489
52 163
52 327
52 358
52 384
52 405
53 44
53 141
53 318
53 342
53 480
54 167
54 368
54 391
54 450
54 476
55 200
55 228
55 408
55 450
55 484
56 57
56 76
56 151
56 460
56 483
57 56
57 129
57 467
57 486
57 494
58 290
58 347
58 372
58 376
58 454
59 330
59 358
59 364
59 397
59 434
60 286
60 312
60 343
60 408
60 428
61 15
61 255
61 378
61 387
61 438
62 251
62 383
62 391
62 398
62 405
63 36
63 279
63 312
63 344
63 389
64 12
64 237
64 256
64 372
64 498
65 94
65 275
65 418
65 481
65 492
66 267
66 292
66 340
66 386
66 459
67 38
67 282
67 418
67 460
67 490
68 88
68 234
68 240
68 279
68 442
69 74
69 239
69 258
69 282
69 338
70 29
70 388
70 431
70 435
70 465
71 297
71 366
71 409
71 442
71 459
72 47
72 233
72 345
72 346
72 456
73 32
73 217
73 401
73 411
73 496
74 28
74 69
74 75
74 255
74 379
75 74
75 271
75 412
75 423
75 470
76 56
76 419
76 430
76 466
76 488
77 14
77 174
77 187
77 448
77 457
78 257
78 297
78 444
78 445
78 485
79 283
79 382
79 408
79 469
79 491
80 89
80 188
80 320
80 336
80 484
81 245
81 328
81 441
81 463
81 478
82 116
82 130
82 269
82 329
82 499
83 118
83 239
83 373
83 467
83 499
84 455
84 485
84 488
84 496
84 499
85 217
85 341
85 400
85 450
85 453
86 140
86 256
86 352
86 447
86 449
87 25
87 46
87 202
87 273
87 486
88 68
88 269
88 436
88 440
88 482
89 80
89 404
89 424
89 433
89 494
90 257
90 355
90 386
90 486
90 495
91 25
91 227
91 290
91 359
91 498
92 111
92 163
92 453
92 468
92 485
93 132
93 159
93 171
93 280
93 478
94 65
94 104
94 435
94 437
94 472
95 101
95 356
95 377
95 384
95 417
96 222
96 248
96 348
96 422
96 493
97 99
97 254
97 298
97 313
97 416
98 263
98 365
98 458
98 465
98 496
99 97
99 156
99 282
99 429
99 457
100 221
100 315
100 373
100 397
100 471
101 19
101 95
101 124
101 489
101 492
102 331
102 379
102 443
102 477
102 489
103 132
103 319
103 344
103 376
103 487
104 94
104 281
104 310
104 322
104 489
105 167
105 372
105 446
105 452
105 477
106 352
106 450
106 456
106 477
106 492
107 115
107 253
107 386
107 417
107 487
108 226
108 452
108 481
108 485
108 497
109 322
109 341
109 366
109 398
109 457
110 149
110 193
110 404
110 415
110 476
111 92
111 326
111 363
111 448
111 477
112 33
112 129
112 200
112 389
112 392
113 180
113 355
113 360
113 446
113 483
114 8
114 155
114 246
114 479
114 490
115 107
115 119
115 236
115 411
115 424
116 82
116 292
116 360
116 367
116 483
117 311
117 346
117 484
117 496
117 499
118 83
118 160
118 285
118 414
118 495
119 11
119 30
119 115
119 193
119 423
120 144
120 349
120 355
120 406
120 493
121 206
121 271
121 412
121 427
121 493
122 4
122 259
122 437
122 452
122 473
123 230
123 240
123 418
123 460
123 496
124 101
124 223
124 237
124 344
124 445
125 47
125 437
125 466
125 472
125 494
126 164
126 183
126 301
126 364
126 432
127 3
127 239
127 271
127 429
127 457
128 20
128 194
128 231
128 496
128 499
129 57
129 112
129 243
129 390
129 419
130 82
130 184
130 231
130 324
130 383
131 210
131 432
131 480
131 492
131 495
132 93
132 103
132 212
132 267
132 396
133 340
133 368
133 432
133 439
133 461
134 201
134 412
134 420
134 421
134 498
135 4
135 19
135 237
135 328
135 373
136 19
136 259
136 365
136 428
136 474
137 221
137 252
137 352
137 447
137 461
138 7
138 209
138 225
138 469
138 500
139 6
139 321
139 431
139 441
139 463
140 20
140 86
140 277
140 463
140 493
141 53
141 153
141 247
141 299
141 318
142 323
142 324
142 396
142 451
142 497
143 33
143 399
143 434
143 468
143 493
144 120
144 351
144 385
144 427
144 446
145 159
145 179
145 396
145 444
145 490
146 214
146 366
146 397
146 446
146 452
147 32
147 379
147 387
147 404
147 490
148 39
148 275
148 441
148 461
148 497
149 110
149 275
149 407
149 436
149 497
150 158
150 190
150 220
150 238
150 475
151 27
151 56
151 200
151 254
151 320
152 416
152 428
152 463
152 474
152 492
153 141
153 387
153 402
153 451
153 468
154 18
154 230
154 289
154 305
154 426
155 23
155 114
155 394
155 458
155 465
156 16
156 99
156 168
156 282
156 474
157 224
157 263
157 430
157 465
157 492
158 150
158 199
158 249
158 372
158 444
159 93
159 145
159 260
159 487
159 496
160 26
160 118
160 273
160 477
160 495
161 368
161 390
161 391
161 433
161 500
162 192
162 296
162 313
162 323
162 452
163 52
163 92
163 395
163 403
163 453
164 2
164 126
164 166
164 250
164 278
165 25
165 310
165 315
165 337
165 471
166 164
166 218
166 322
166 474
166 500
167 54
167 105
167 368
167 460
167 496
168 156
168 282
168 394
168 425
168 481
169 177
169 224
169 307
169 361
169 449
170 19
170 361
170 372
170 446
170 482
171 93
171 330
171 375
171 403
171 434
172 5
172 382
172 468
172 469
172 495
173 8
173 175
173 350
173 405
173 492
174 77
174 302
174 309
174 407
174 413
175 8
175 173
175 223
175 249
175 422
176 245
176 255
176 386
176 439
176 456
177 169
177 358
177 415
177 437
177 490
177 498
178 189
178 321
178 332
178 469
178 481
178 494
179 145
179 300
179 340
179 350
179 368
179 396
180 113
180 248
180 255
180 331
180 370
180 419
181 276
181 301
181 343
181 440
181 441
181 481
182 13
182 298
182 395
182 434
182 492
182 495
183 29
183 126
183 360
183 390
183 417
183 466
184 130
184 261
184 263
184 313
184 453
184 464
185 7
185 218
185 434
185 435
185 440
185 476
186 304
186 444
186 471
186 478
186 485
186 493
187 77
187 238
187 318
187 378
187 389
187 417
188 4
188 37
188 80
188 362
188 376
188 401
189 49
189 178
189 193
189 259
189 466
189 471
190 150
190 204
190 323
190 408
190 436
190 475
191 192
191 247
191 288
191 295
191 347
191 354
192 162
192 191
192 196
192 206
192 271
192 458
193 110
193 119
193 189
193 469
193 476
193 497
194 128
194 203
194 239
194 265
194 312
194 483
195 34
195 242
195 288
195 352
195 364
195 452
196 192
196 232
196 412
196 470
196 484
196 486
197 13
197 26
197 230
197 353
197 393
197 394
198 276
198 316
198 427
198 477
198 488
198 496
199 50
199 158
199 246
199 294
199 381
199 488
200 55
200 112
200 151
200 404
200 479
200 489
201 4
201 20
201 134
201 242
201 398
201 484
202 87
202 244
202 436
202 477
202 494
202 497
203 194
203 274
203 278
203 360
203 385
203 451
204 190
204 289
204 450
204 454
204 476
204 480
205 219
205 223
205 247
205 317
205 479
205 490
206 121
206 192
206 296
206 314
206 399
206 410
207 21
207 49
207 208
207 362
207 414
207 497
208 207
208 323
208 391
208 490
208 492
208 497
209 44
209 138
209 274
209 338
209 342
209 500
210 131
210 252
210 267
210 302
210 351
210 429
211 223
211 325
211 409
211 417
211 449
211 464
212 132
212 401
212 411
212 454
212 481
212 483
213 225
213 363
213 366
213 443
213 483
213 499
214 45
214 146
214 359
214 427
214 438
214 478
215 236
215 314
215 420
215 440
215 464
215 498
216 306
216 418
216 481
216 486
216 492
216 499
217 31
217 73
217 85
217 289
217 462
217 474
218 166
218 185
218 352
218 474
218 480
218 500
219 40
219 205
219 321
219 369
219 400
219 463
220 150
220 273
220 388
220 405
220 486
220 497
221 100
221 137
221 309
221 359
221 444
221 461
222 96
222 398
222 402
222 447
222 485
222 487
223 124
223 175
223 205
223 211
223 303
223 370
224 157
224 169
224 314
224 430
224 446
224 462
225 23
225 138
225 213
225 230
225 482
225 499
226 108
226 303
226 399
226 427
226 445
226 484
227 11
227 42
227 91
227 421
227 440
227 473
228 6
228 55
228 364
228 375
228 461
228 499
229 340
229 362
229 392
229 407
229 429
229 435
230 123
230 154
230 197
230 225
230 371
230 500
231 128
231 130
231 233
231 267
231 451
231 470
232 196
232 287
232 414
232 422
232 464
232 470
233 72
233 231
233 266
233 267
233 361
233 371
234 36
234 68
234 321
234 369
234 374
234 467
235 245
235 362
235 367
235 392
235 445
235 485
236 24
236 115
236 215
236 342
236 346
236 358
237 64
237 124
237 135
237 344
237 400
237 497
238 150
238 187
238 317
238 417
238 431
238 499
239 69
239 83
239 127
239 194
239 284
239 373
240 68
240 123
240 388
240 404
240 426
240 478
241 243
241 247
241 349
241 444
241 473
241 498
242 195
242 201
242 270
242 312
242 345
242 421
243 13
243 129
243 241
243 276
243 441
243 488
244 202
244 310
244 345
244 391
244 394
244 493
245 2
245 81
245 176
245 235
245 343
245 427
246 114
246 199
246 316
246 376
246 425
246 488
247 141
247 191
247 205
247 241
247 395
247 468
248 96
248 180
248 310
248 357
248 454
248 461
249 28
249 158
249 175
249 297
249 444
249 496
250 164
250 302
250 336
250 401
250 415
250 470
251 62
251 273
251 449
251 482
251 484
251 500
252 137
252 210
252 258
252 317
252 351
252 477
253 107
253 365
253 419
253 423
253 450
253 455
254 2
254 45
254 97
254 151
254 311
254 433
255 6
255 61
255 74
255 176
255 180
255 462
256 48
256 64
256 86
256 265
256 269
256 436
257 78
257 90
257 288
257 338
257 444
257 451
258 22
258 69
258 252
258 352
258 366
258 417
259 41
259 122
259 136
259 189
259 387
259 470
260 7
260 159
260 436
260 449
260 489
260 493
261 184
261 314
261 319
261 373
261 430
261 492
262 29
262 308
262 330
262 341
262 442
262 498
263 15
263 98
263 157
263 184
263 400
263 430
264 41
264 321
264 378
264 394
264 429
264 457
265 194
265 256
265 338
265 409
265 462
265 500
266 233
266 294
266 351
266 401
266 427
266 448
267 66
267 132
267 210
267 231
267 233
267 490
268 301
268 328
268 353
268 374
268 448
268 459
269 82
269 88
269 256
269 425
269 448
269 459
270 49
270 242
270 389
270 464
270 475
270 497
271 75
271 121
271 127
271 192
271 367
271 420
272 309
272 312
272 473
272 485
272 491
272 498
273 87
273 160
273 220
273 251
273 471
273 486
274 1
274 203
274 209
274 311
274 433
274 490
275 65
275 148
275 149
275 410
275 455
275 497
276 181
276 198
276 243
276 430
276 488
276 500
277 140
277 467
277 468
277 478
277 494
277 498
278 43
278 164
278 203
278 280
278 300
278 360
279 63
279 68
279 293
279 487
279 496
279 499
280 93
280 278
280 313
280 366
280 463
280 478
281 104
281 284
281 292
281 489
281 495
281 497
282 8
282 67
282 69
282 99
282 156
282 168
283 31
283 79
283 308
283 453
283 469
283 499
284 17
284 19
284 38
284 239
284 281
284 373
284 469
285 118
285 334
285 362
285 450
285 467
285 468
285 494
286 6
286 60
286 292
286 299
286 489
286 495
286 497
287 232
287 412
287 418
287 429
287 432
287 447
287 470
288 35
288 191
288 195
288 257
288 425
288 460
288 483
289 154
289 204
289 217
289 428
289 435
289 474
289 490
290 48
290 58
290 91
290 344
290 382
290 442
290 476
291 394
291 406
291 421
291 431
291 447
291 474
291 483
292 66
292 116
292 281
292 286
292 353
292 397
292 482
293 279
293 413
293 448
293 461
293 482
293 484
293 489
294 25
294 199
294 266
294 425
294 428
294 432
294 460
295 191
295 335
295 391
295 450
295 464
295 479
295 484
296 162
296 206
296 304
296 313
296 319
296 384
296 443
297 71
297 78
297 249
297 377
297 444
297 456
297 478
298 97
298 182
298 307
298 404
298 407
298 479
298 495
299 141
299 286
299 318
299 344
299 350
299 397
299 490
300 2
300 179
300 278
300 385
300 425
300 438
300 473
301 27
301 126
301 181
301 268
301 347
301 418
301 480
302 174
302 210
302 250
302 317
302 351
302 465
302 493
303 223
303 226
303 309
303 312
303 481
303 485
303 487
304 186
304 296
304 336
304 351
304 380
304 415
304 500
305 154
305 424
305 426
305 431
305 454
305 456
305 473
306 216
306 334
306 381
306 442
306 443
306 459
306 489
307 169
307 298
307 423
307 449
307 451
307 459
307 475
308 262
308 283
308 395
308 432
308 442
308 443
308 473
309 24
309 51
309 174
309 221
309 272
309 303
309 493
310 5
310 10
310 104
310 165
310 244
310 248
310 461
311 1
311 117
311 254
311 274
311 329
311 417
311 423
312 60
312 63
312 194
312 242
312 272
312 303
312 385
313 97
313 162
313 184
313 280
313 296
313 367
313 437
314 206
314 215
314 224
314 261
314 329
314 357
314 455
315 26
315 100
315 165
315 316
315 346
315 471
315 500
316 198
316 246
316 315
316 317
316 437
316 470
316 488
317 205
317 238
317 252
317 302
317 316
317 351
317 369
318 53
318 141
318 187
318 299
318 441
318 490
318 499
319 5
319 103
319 261
319 296
319 342
319 381
319 494
320 80
320 151
320 324
320 354
320 424
320 472
320 477
321 139
321 178
321 219
321 234
321 264
321 369
321 486
322 104
322 109
322 166
322 375
322 415
322 453
322 472
323 142
323 162
323 190
323 208
323 378
323 428
323 497
324 31
324 130
324 142
324 320
324 424
324 486
324 491
325 39
325 211
325 361
325 370
325 374
325 379
325 488
326 11
326 111
326 355
326 381
326 384
326 458
326 466
327 15
327 46
327 52
327 383
327 405
327 471
327 498
328 17
328 81
328 135
328 268
328 447
328 470
328 478
329 82
329 311
329 314
329 332
329 430
329 441
329 481
330 59
330 171
330 262
330 335
330 383
330 390
330 403
331 102
331 180
331 338
331 368
331 413
331 480
331 485
332 178
332 329
332 363
332 384
332 385
332 422
332 467
333 47
333 340
333 401
333 476
333 480
333 481
333 499
334 3
334 285
334 306
334 336
334 361
334 395
334 443
335 295
335 330
335 336
335 345
335 354
335 367
335 490
336 80
336 250
336 304
336 334
336 335
336 358
336 363
337 43
337 165
337 339
337 361
337 430
337 454
337 471
337 472
338 69
338 209
338 257
338 265
338 331
338 350
338 404
338 500
339 337
339 342
339 367
339 423
339 430
339 467
339 468
339 494
340 66
340 133
340 179
340 229
340 333
340 364
340 375
340 432
341 47
341 85
341 109
341 262
341 353
341 374
341 426
341 500
342 53
342 209
342 236
342 319
342 339
342 350
342 455
342 488
343 60
343 181
343 245
343 388
343 409
343 426
343 458
343 465
344 36
344 63
344 103
344 124
344 237
344 290
344 299
344 353
345 72
345 242
345 244
345 335
345 377
345 404
345 464
345 489
346 43
346 72
346 117
346 236
346 315
346 415
346 423
346 459
347 58
347 191
347 301
347 349
347 437
347 440
347 473
347 479
348 9
348 33
348 96
348 379
348 422
348 439
348 462
348 494
349 120
349 241
349 347
349 377
349 415
349 421
349 457
349 498
350 173
350 179
350 299
350 338
350 342
350 421
350 445
350 455
351 24
351 144
351 210
351 252
351 266
351 302
351 304
351 317
352 86
352 106
352 137
352 195
352 218
352 258
352 463
352 500
353 8
353 197
353 268
353 292
353 341
353 344
353 454
353 476
354 30
354 191
354 320
354 335
354 390
354 433
354 439
354 452
355 90
355 113
355 120
355 326
355 357
355 403
355 483
355 489
356 43
356 95
356 370
356 410
356 419
356 459
356 462
356 469
357 248
357 314
357 355
357 359
357 360
357 407
357 420
357 498
358 52
358 59
358 177
358 236
358 336
358 380
358 405
358 453
359 91
359 214
359 221
359 357
359 362
359 404
359 421
359 498
360 37
360 113
360 116
360 183
360 203
360 278
360 357
360 434
361 43
361 169
361 170
361 233
361 325
361 334
361 337
361 471
362 188
362 207
362 229
362 235
362 285
362 359
362 384
362 445
363 29
363 111
363 213
363 332
363 336
363 388
363 440
363 466
364 59
364 126
364 195
364 228
364 340
364 365
364 484
364 499
365 12
365 98
365 136
365 253
365 364
365 419
365 462
365 482
366 71
366 109
366 146
366 213
366 258
366 280
366 399
366 500
367 23
367 116
367 235
367 271
367 313
367 335
367 339
367 426
368 54
368 133
368 161
368 167
368 179
368 331
368 372
368 391
369 7
369 40
369 219
369 234
369 317
369 321
369 433
369 495
370 35
370 180
370 223
370 325
370 356
370 385
370 480
370 495
371 51
371 230
371 233
371 395
371 410
371 411
371 474
371 496
372 58
372 64
372 105
372 158
372 170
372 368
372 446
372 452
373 83
373 100
373 135
373 239
373 261
373 284
373 433
373 475
374 234
374 268
374 325
374 341
374 402
374 454
374 476
374 496
375 10
375 171
375 228
375 322
375 340
375 390
375 397
375 435
376 46
376 58
376 103
376 188
376 246
376 413
376 416
376 456
377 95
377 297
377 345
377 349
377 400
377 403
377 441
377 450
378 61
378 187
378 264
378 323
378 399
378 402
378 440
378 451
379 17
379 74
379 102
379 147
379 325
379 348
379 437
379 470
380 304
380 358
380 423
380 459
380 473
380 480
380 488
380 500
381 13
381 199
381 306
381 319
381 326
381 410
381 424
381 488
382 21
382 79
382 172
382 290
382 392
382 414
382 457
382 467
383 62
383 130
383 327
383 330
383 405
383 411
383 430
383 436
384 52
384 95
384 296
384 326
384 332
384 362
384 403
384 450
385 144
385 203
385 300
385 312
385 332
385 370
385 387
385 494
386 14
386 34
386 66
386 90
386 107
386 176
386 439
386 486
387 61
387 147
387 153
387 259
387 385
387 402
387 410
387 451
388 70
388 220
388 240
388 343
388 363
388 411
388 458
388 463
388 465
389 1
389 11
389 63
389 112
389 187
389 270
389 413
389 417
389 487
390 129
390 161
390 183
390 330
390 354
390 375
390 432
390 434
390 445
391 48
391 54
391 62
391 161
391 208
391 244
391 295
391 368
391 466
392 42
392 112
392 229
392 235
392 382
392 406
392 407
392 445
392 473
393 3
393 41
393 197
393 394
393 417
393 437
393 447
393 476
393 485
394 12
394 155
394 168
394 197
394 244
394 264
394 291
394 393
394 444
395 163
395 182
395 247
395 308
395 334
395 371
395 442
395 443
395 498
396 5
396 21
396 31
396 132
396 142
396 145
396 179
396 436
396 485
397 30
397 59
397 100
397 146
397 292
397 299
397 375
397 432
397 495
398 62
398 109
398 201
398 222
398 445
398 447
398 485
398 489
398 491
399 143
399 206
399 226
399 366
399 378
399 406
399 479
399 491
399 493
400 51
400 85
400 219
400 237
400 263
400 377
400 450
400 479
400 498
401 73
401 188
401 212
401 250
401 266
401 333
401 454
401 480
401 481
402 35
402 153
402 222
402 374
402 378
402 387
402 423
402 451
402 497
403 163
403 171
403 330
403 355
403 377
403 384
403 408
403 412
403 450
404 89
404 110
404 147
404 200
404 240
404 298
404 338
404 345
404 359
405 52
405 62
405 173
405 220
405 327
405 358
405 383
405 438
405 476
406 120
406 291
406 392
406 399
406 413
406 438
406 485
406 488
406 491
407 1
407 149
407 174
407 229
407 298
407 357
407 392
407 445
407 499
408 16
408 18
408 55
408 60
408 79
408 190
408 403
408 416
408 475
409 20
409 71
409 211
409 265
409 343
409 424
409 474
409 478
409 500
410 50
410 206
410 275
410 356
410 371
410 381
410 387
410 455
410 462
411 21
411 73
411 115
411 212
411 371
411 383
411 388
411 480
411 486
412 75
412 121
412 134
412 196
412 287
412 403
412 453
412 479
412 497
413 14
413 17
413 38
413 174
413 293
413 331
413 376
413 389
413 406
414 41
414 45
414 118
414 207
414 232
414 382
414 429
414 457
414 496
415 14
415 110
415 177
415 250
415 304
415 322
415 346
415 349
415 432
415 442
416 9
416 37
416 40
416 97
416 152
416 376
416 408
416 456
416 467
416 498
417 95
417 107
417 183
417 187
417 211
417 238
417 258
417 311
417 389
417 393
418 44
418 65
418 67
418 123
418 216
418 287
418 301
418 438
418 465
418 497
419 76
419 129
419 180
419 253
419 356
419 365
419 455
419 458
419 462
419 467
420 13
420 16
420 34
420 134
420 215
420 271
420 357
420 427
420 488
420 498
421 134
421 227
421 242
421 291
421 349
421 350
421 359
421 424
421 498
421 499
422 14
422 47
422 96
422 175
422 232
422 332
422 348
422 453
422 468
422 494
423 75
423 119
423 253
423 307
423 311
423 339
423 346
423 380
423 402
423 459
424 31
424 89
424 115
424 305
424 320
424 324
424 381
424 409
424 421
424 444
425 168
425 246
425 269
425 288
425 294
425 300
425 426
425 448
425 460
425 474
426 7
426 154
426 240
426 305
426 341
426 343
426 367
426 425
426 429
426 479
427 121
427 144
427 198
427 214
427 226
427 245
427 266
427 420
427 438
427 472
428 60
428 136
428 152
428 289
428 294
428 323
428 465
428 474
428 496
428 497
429 50
429 99
429 127
429 210
429 229
429 264
429 287
429 414
429 426
429 491
430 76
430 157
430 224
430 261
430 263
430 276
430 329
430 337
430 339
430 383
431 12
431 48
431 70
431 139
431 238
431 291
431 305
431 447
431 451
431 494
432 126
432 131
432 133
432 287
432 294
432 308
432 340
432 390
432 397
432 415
432 486
433 32
433 34
433 89
433 161
433 254
433 274
433 354
433 369
433 373
433 479
433 490
434 59
434 143
434 171
434 182
434 185
434 360
434 390
434 435
434 475
434 477
434 495
435 3
435 70
435 94
435 185
435 229
435 289
435 375
435 434
435 477
435 492
435 495
436 28
436 88
436 149
436 190
436 202
436 256
436 260
436 383
436 396
436 464
436 475
437 94
437 122
437 125
437 177
437 313
437 316
437 347
437 379
437 393
437 463
437 472
438 18
438 61
438 214
438 300
438 405
438 406
438 418
438 427
438 439
438 466
438 488
439 2
439 26
439 133
439 176
439 348
439 354
439 386
439 438
439 466
439 475
439 486
440 88
440 181
440 185
440 215
440 227
440 347
440 363
440 378
440 443
440 459
440 473
441 81
441 139
441 148
441 181
441 243
441 318
441 329
441 377
441 463
441 478
441 500
442 68
442 71
442 262
442 290
442 306
442 308
442 395
442 415
442 443
442 462
442 500
443 102
443 213
443 296
443 306
443 308
443 334
443 395
443 440
443 442
443 458
443 495
444 78
444 145
444 158
444 186
444 221
444 241
444 249
444 257
444 297
444 394
444 424
445 33
445 78
445 124
445 226
445 235
445 350
445 362
445 390
445 392
445 398
445 407
446 105
446 113
446 144
446 146
446 170
446 224
446 372
446 452
446 478
446 491
446 493
447 86
447 137
447 222
447 287
447 291
447 328
447 393
447 398
447 431
447 455
447 483
448 77
448 111
448 266
448 268
448 269
448 293
448 425
448 449
448 451
448 453
448 460
449 36
449 86
449 169
449 211
449 251
449 260
449 307
449 448
449 467
449 482
449 484
449 489
450 54
450 55
450 85
450 106
450 204
450 253
450 285
450 295
450 377
450 384
450 400
450 403
451 15
451 142
451 153
451 203
451 231
451 257
451 307
451 378
451 387
451 402
451 431
451 448
452 34
452 105
452 108
452 122
452 146
452 162
452 195
452 354
452 372
452 446
452 454
452 472
453 22
453 85
453 92
453 163
453 184
453 283
453 322
453 358
453 412
453 422
453 448
453 469
454 25
454 58
454 204
454 212
454 248
454 305
454 337
454 353
454 374
454 401
454 452
454 460
455 50
455 84
455 253
455 275
455 314
455 342
455 350
455 410
455 419
455 447
455 462
455 493
456 4
456 9
456 11
456 46
456 72
456 106
456 176
456 297
456 305
456 376
456 416
456 491
457 40
457 42
457 45
457 77
457 99
457 109
457 127
457 264
457 349
457 382
457 414
457 461
458 5
458 23
458 98
458 155
458 192
458 326
458 343
458 388
458 419
458 443
458 465
458 487
459 66
459 71
459 268
459 269
459 306
459 307
459 346
459 356
459 380
459 423
459 440
459 468
460 35
460 49
460 56
460 67
460 123
460 167
460 288
460 294
460 425
460 448
460 454
460 492
461 10
461 17
461 133
461 137
461 148
461 221
461 228
461 248
461 293
461 310
461 457
461 499
462 38
462 217
462 224
462 255
462 265
462 348
462 356
462 365
462 410
462 419
462 442
462 455
463 81
463 139
463 140
463 152
463 219
463 280
463 352
463 388
463 437
463 441
463 470
463 478
464 28
464 37
464 184
464 211
464 215
464 232
464 270
464 295
464 345
464 436
464 472
464 474
465 70
465 98
465 155
465 157
465 302
465 343
465 388
465 418
465 428
465 458
465 467
465 472
465 476
466 45
466 76
466 125
466 183
466 189
466 326
466 363
466 391
466 438
466 439
466 471
466 483
466 492
467 57
467 83
467 234
467 277
467 285
467 332
467 339
467 382
467 416
467 419
467 449
467 465
467 494
468 92
468 143
468 153
468 172
468 247
468 277
468 285
468 339
468 422
468 459
468 486
468 493
468 494
469 22
469 79
469 138
469 172
469 178
469 193
469 283
469 284
469 356
469 453
469 471
469 475
469 476
470 75
470 196
470 231
470 232
470 250
470 259
470 287
470 316
470 328
470 379
470 463
470 482
470 497
471 29
471 35
471 100
471 165
471 186
471 189
471 273
471 315
471 327
471 337
471 361
471 466
471 469
472 94
472 125
472 320
472 322
472 337
472 427
472 437
472 452
472 464
472 465
472 473
472 481
472 491
473 122
473 227
473 241
473 272
473 300
473 305
473 308
473 347
473 380
473 392
473 440
473 472
473 493
474 136
474 152
474 156
474 166
474 217
474 218
474 289
474 291
474 371
474 409
474 425
474 428
474 464
475 28
475 150
475 190
475 270
475 307
475 373
475 408
475 434
475 436
475 439
475 469
475 477
475 483
476 24
476 54
476 110
476 185
476 193
476 204
476 290
476 333
476 353
476 374
476 393
476 405
476 465
476 469
477 102
477 105
477 106
477 111
477 160
477 198
477 202
477 252
477 320
477 434
477 435
477 475
477 492
477 495
478 81
478 93
478 186
478 214
478 240
478 277
478 280
478 297
478 328
478 409
478 441
478 446
478 463
478 490
479 48
479 114
479 200
479 205
479 295
479 298
479 347
479 399
479 400
479 412
479 426
479 433
479 481
479 482
480 37
480 44
480 53
480 131
480 204
480 218
480 301
480 331
480 333
480 370
480 380
480 401
480 411
480 481
481 65
481 108
481 168
481 178
481 181
481 212
481 216
481 303
481 329
481 333
481 401
481 472
481 479
481 480
481 490
482 20
482 27
482 88
482 170
482 225
482 251
482 292
482 293
482 365
482 449
482 470
482 479
482 484
482 489
482 496
483 1
483 40
483 56
483 113
483 116
483 194
483 212
483 213
483 288
483 291
483 355
483 447
483 466
483 475
483 494
484 42
484 49
484 55
484 80
484 117
484 196
484 201
484 226
484 251
484 293
484 295
484 364
484 449
484 482
484 489
485 78
485 84
485 92
485 108
485 186
485 222
485 235
485 272
485 303
485 331
485 393
485 396
485 398
485 406
485 491
485 495
486 16
486 26
486 57
486 87
486 90
486 196
486 216
486 220
486 273
486 321
486 324
486 386
486 411
486 432
486 439
486 468
487 22
487 30
487 32
487 50
487 51
487 103
487 107
487 159
487 222
487 279
487 303
487 389
487 458
487 492
487 496
487 499
488 76
488 84
488 198
488 199
488 243
488 246
488 276
488 316
488 325
488 342
488 380
488 381
488 406
488 420
488 438
488 490
488 496
489 42
489 51
489 101
489 102
489 104
489 200
489 260
489 281
489 286
489 293
489 306
489 345
489 355
489 398
489 449
489 482
489 484
490 38
490 67
490 114
490 145
490 147
490 177
490 205
490 208
490 267
490 274
490 289
490 299
490 318
490 335
490 433
490 478
490 481
490 488
491 9
491 18
491 27
491 79
491 272
491 324
491 398
491 399
491 406
491 429
491 446
491 456
491 472
491 485
491 493
491 496
491 498
491 500
492 3
492 10
492 65
492 101
492 106
492 131
492 152
492 157
492 173
492 182
492 208
492 216
492 261
492 435
492 460
492 466
492 477
492 487
492 495
493 9
493 27
493 96
493 120
493 121
493 140
493 143
493 186
493 244
493 260
493 302
493 309
493 399
493 446
493 455
493 468
493 473
493 491
493 494
494 10
494 57
494 89
494 125
494 178
494 202
494 277
494 285
494 319
494 339
494 348
494 385
494 422
494 431
494 467
494 468
494 483
494 493
494 495
495 90
495 118
495 131
495 160
495 172
495 182
495 281
495 286
495 298
495 369
495 370
495 397
495 434
495 435
495 443
495 477
495 485
495 492
495 494
496 39
496 73
496 84
496 98
496 117
496 123
496 128
496 159
496 167
496 198
496 249
496 279
496 371
496 374
496 414
496 428
496 482
496 487
496 488
496 491
497 33
497 108
497 142
497 148
497 149
497 193
497 202
497 207
497 208
497 220
497 237
497 270
497 275
497 281
497 286
497 323
497 402
497 412
497 418
497 428
497 470
498 24
498 44
498 64
498 91
498 134
498 177
498 215
498 241
498 262
498 272
498 277
498 327
498 349
498 357
498 359
498 395
498 400
498 416
498 420
498 421
498 491
499 30
499 39
499 82
499 83
499 84
499 117
499 128
499 213
499 216
499 225
499 228
499 238
499 279
499 283
499 318
499 333
499 364
499 407
499 421
499 461
499 487
500 46
500 138
500 161
500 166
500 209
500 218
500 230
500 251
500 265
500 276
500 304
500 315
500 338
500 341
500 352
500 366
500 380
500 409
500 441
500 442
500 491
