1 25
2 26
3 12
4 2
5 31
6 10
7 32
8 4
9 7
10 6
11 8
12 15
13 13
14 39
15 49
16 7
17 38
18 45
19 24
20 40
21 42
22 20
23 10
24 12
25 32
26 35
27 16
28 49
29 15
30 48
31 36
32 18
33 26
34 49
35 10
36 28
37 10
38 25
39 6
40 9
41 1
42 44
43 46
44 28
45 22
46 15
47 31
48 37
49 10
50 50
51 17
52 24
53 42
54 39
55 27
56 17
57 11
58 41
59 34
60 36
61 30
62 37
63 29
64 32
65 50
66 11
67 19
68 37
69 43
70 38
71 44
72 26
73 38
74 1
75 22
76 8
77 43
78 16
79 52
80 43
81 14
82 49
83 19
84 22
85 44
86 23
87 30
88 2
89 52
90 19
91 36
92 34
93 47
94 40
95 2
96 5
97 34
98 34
99 45
100 1
101 30
102 51
103 41
104 17
105 32
106 8
107 12
108 48
109 12
110 29
111 41
112 1
113 23
114 1
115 32
116 15
117 47
118 28
119 26
120 10
121 41
122 7
123 23
124 49
125 36
126 9
127 18
128 23
129 4
130 10
131 30
132 3
133 11
134 9
135 17
136 45
137 28
138 27
139 49
140 21
141 6
142 3
143 35
144 5
145 28
146 17
147 18
148 25
149 29
150 7
151 32
152 10
153 43
154 50
155 23
156 37
157 15
158 48
159 51
160 23
161 21
162 38
163 51
164 9
165 43
166 3
167 49
168 18
169 41
170 31
171 23
172 48
173 14
174 14
175 12
176 1
177 43
178 27
179 2
180 17
181 39
182 17
183 39
184 25
185 23
186 5
187 1
188 36
189 47
190 2
191 28
192 28
193 38
194 21
195 10
196 34
197 19
198 30
199 40
200 14
201 21
202 35
203 49
204 17
205 17
206 41
207 2
208 6
209 38
210 36
211 28
212 49
213 2
214 18
215 43
216 38
217 37
218 37
219 15
220 16
221 4
222 10
223 9
224 36
225 37
226 17
227 11
228 13
229 46
230 30
231 14
232 36
233 22
234 40
235 11
236 52
237 14
238 3
239 34
240 32
241 19
242 12
243 14
244 36
245 22
246 31
247 33
248 20
249 38
250 15
251 22
252 41
253 21
254 23
255 36
256 13
257 51
258 4
259 41
260 22
261 8
262 44
263 2
264 40
265 46
266 44
267 46
268 3
269 11
270 43
271 40
272 52
273 37
274 11
275 42
276 36
277 1
278 27
279 16
280 6
281 6
282 8
283 39
284 17
285 28
286 17
287 9
288 43
289 36
290 29
291 25
292 27
293 40
294 8
295 14
296 43
297 48
298 22
299 21
300 51
301 13
302 8
303 36
304 14
305 31
306 44
307 30
308 9
309 10
310 36
311 11
312 14
313 18
314 8
315 24
316 28
317 8
318 37
319 36
320 11
321 26
322 37
323 5
324 10
325 50
326 14
327 24
328 13
329 40
330 30
331 17
332 42
333 30
334 30
335 30
336 31
337 12
338 8
339 20
340 26
341 19
342 27
343 21
344 50
345 51
346 26
347 44
348 15
349 35
350 14
351 15
352 10
353 17
354 36
355 26
356 7
357 8
358 42
359 35
360 15
361 10
362 22
363 8
364 23
365 43
366 11
367 38
368 49
369 33
370 36
371 3
372 36
373 6
374 25
375 14
376 8
377 38
378 25
379 8
380 4
381 14
382 50
383 52
384 16
385 4
386 24
387 8
388 25
389 50
390 20
391 5
392 23
393 24
394 22
395 32
396 14
397 48
398 14
399 13
400 11
401 37
402 33
403 15
404 29
405 37
406 8
407 10
408 23
409 1
410 52
411 36
412 14
413 5
414 9
415 52
416 1
417 32
418 23
419 26
420 18
421 11
422 10
423 40
424 50
425 13
426 2
427 40
428 4
429 26
430 24
431 33
432 10
433 2
434 23
435 8
436 10
437 15
438 32
439 39
440 31
441 32
442 45
443 43
444 1
445 23
446 17
447 18
448 10
449 37
450 26
451 41
452 31
453 38
454 28
455 14
456 50
457 22
458 31
459 50
460 40
461 24
462 20
463 8
464 10
465 49
466 27
467 30
468 15
469 33
470 39
471 13
472 22
473 47
474 52
475 45
476 25
477 12
478 25
479 14
480 34
481 14
482 1
483 1
484 18
485 10
486 46
487 52
488 11
489 50
490 5
491 11
492 50
493 23
494 37
495 17
496 6
497 44
498 47
499 19
500 23
