1 42
2 35
3 11
4 2
5 13
6 41
7 32
8 41
9 9
10 23
11 37
12 34
13 4
14 1
15 15
16 44
17 18
18 4
19 9
20 8
21 38
22 15
23 35
24 35
25 2
26 44
27 27
28 21
29 35
30 27
31 41
32 14
33 44
34 35
35 2
36 33
37 22
38 43
39 37
40 25
41 15
42 16
43 2
44 45
45 16
46 22
47 7
48 26
49 28
50 25
51 37
52 33
53 10
54 26
55 21
56 8
57 3
58 30
59 29
60 43
61 44
62 19
63 38
64 22
65 27
66 4
67 35
68 39
69 3
70 4
71 3
72 3
73 43
74 4
75 23
76 45
77 13
78 25
79 31
80 10
81 20
82 1
83 4
84 7
85 20
86 14
87 41
88 7
89 12
90 21
91 29
92 45
93 26
94 34
95 37
96 27
97 16
98 44
99 13
100 7
101 7
102 33
103 2
104 44
105 18
106 16
107 19
108 12
109 32
110 19
111 27
112 43
113 29
114 39
115 41
116 25
117 11
118 5
119 30
120 25
121 32
122 39
123 26
124 25
125 37
126 17
127 19
128 29
129 9
130 34
131 37
132 37
133 19
134 33
135 34
136 39
137 16
138 16
139 28
140 36
141 18
142 42
143 40
144 18
145 24
146 34
147 45
148 3
149 12
150 35
151 17
152 3
153 19
154 5
155 37
156 39
157 24
158 30
159 8
160 45
161 40
162 5
163 9
164 42
165 12
166 37
167 27
168 29
169 37
170 22
171 41
172 6
173 15
174 11
175 18
176 28
177 4
178 26
179 18
180 33
181 45
182 7
183 39
184 6
185 9
186 30
187 38
188 3
189 27
190 44
191 44
192 28
193 29
194 12
195 16
196 43
197 12
198 26
199 40
200 25
201 31
202 36
203 41
204 20
205 36
206 21
207 1
208 12
209 17
210 29
211 44
212 30
213 26
214 32
215 29
216 25
217 41
218 37
219 18
220 41
221 39
222 11
223 39
224 28
225 28
226 35
227 20
228 8
229 41
230 36
231 29
232 14
233 39
234 24
235 44
236 10
237 14
238 17
239 31
240 6
241 39
242 37
243 18
244 34
245 26
246 7
247 26
248 27
249 34
250 4
251 44
252 25
253 4
254 40
255 36
256 13
257 34
258 29
259 27
260 4
261 8
262 40
263 27
264 37
265 6
266 41
267 36
268 10
269 27
270 44
271 37
272 37
273 16
274 23
275 3
276 18
277 2
278 1
279 26
280 32
281 35
282 29
283 21
284 17
285 18
286 44
287 7
288 34
289 4
290 38
291 30
292 25
293 7
294 44
295 39
296 24
297 18
298 5
299 1
300 12
301 18
302 34
303 42
304 9
305 26
306 2
307 44
308 4
309 4
310 39
311 5
312 17
313 34
314 1
315 25
316 39
317 39
318 37
319 29
320 10
321 35
322 11
323 45
324 18
325 23
326 45
327 4
328 4
329 36
330 18
331 3
332 5
333 36
334 4
335 41
336 39
337 8
338 28
339 37
340 7
341 10
342 42
343 40
344 41
345 11
346 36
347 26
348 39
349 13
350 42
351 31
352 19
353 41
354 36
355 43
356 34
357 10
358 5
359 25
360 38
361 41
362 39
363 10
364 22
365 32
366 40
367 33
368 19
369 2
370 29
371 18
372 22
373 30
374 43
375 41
376 44
377 24
378 18
379 45
380 13
381 21
382 27
383 28
384 21
385 29
386 37
387 40
388 45
389 34
390 41
391 15
392 40
393 18
394 34
395 27
396 39
397 35
398 45
399 4
400 18
401 37
402 39
403 4
404 34
405 30
406 38
407 45
408 44
409 27
410 16
411 18
412 22
413 13
414 14
415 36
416 40
417 14
418 19
419 31
420 15
421 21
422 45
423 28
424 16
425 45
426 37
427 31
428 33
429 42
430 22
431 44
432 12
433 16
434 27
435 10
436 22
437 40
438 28
439 36
440 21
441 39
442 30
443 33
444 40
445 43
446 16
447 44
448 29
449 34
450 43
451 19
452 20
453 26
454 35
455 3
456 35
457 18
458 22
459 27
460 39
461 13
462 30
463 26
464 34
465 29
466 41
467 26
468 21
469 13
470 42
471 32
472 23
473 26
474 17
475 42
476 39
477 15
478 18
479 25
480 44
481 36
482 7
483 27
484 45
485 7
486 28
487 25
488 14
489 45
490 37
491 1
492 4
493 6
494 44
495 8
496 6
497 45
498 34
499 37
500 39
