1 91
1 183
1 346
1 426
1 450
2 172
2 177
2 260
2 367
2 418
3 58
3 191
3 209
3 363
3 425
4 47
4 250
4 307
4 413
4 449
5 82
5 317
5 435
5 443
5 495
6 88
6 173
6 280
6 394
6 459
7 127
7 333
7 378
7 426
7 492
8 46
8 62
8 69
8 168
8 383
9 111
9 196
9 333
9 394
9 462
10 28
10 392
10 397
10 430
10 477
11 74
11 270
11 362
11 451
11 493
12 17
12 343
12 425
12 453
12 483
13 61
13 299
13 400
13 463
13 474
14 273
14 395
14 426
14 450
14 478
15 90
15 161
15 175
15 372
15 430
16 156
16 325
16 349
16 379
16 477
17 12
17 306
17 314
17 451
17 490
18 48
18 200
18 323
18 443
18 449
19 214
19 226
19 238
19 263
19 320
20 43
20 107
20 371
20 405
20 489
21 112
21 117
21 406
21 442
21 498
22 58
22 397
22 428
22 433
22 469
23 55
23 79
23 252
23 380
23 495
24 101
24 288
24 354
24 361
24 441
25 33
25 35
25 98
25 290
25 338
26 44
26 52
26 356
26 396
26 472
27 71
27 188
27 258
27 318
27 488
28 10
28 155
28 185
28 395
28 408
29 178
29 303
29 308
29 408
29 433
30 75
30 137
30 168
30 213
30 388
31 220
31 238
31 259
31 489
31 497
32 49
32 57
32 125
32 345
32 419
33 25
33 292
33 320
33 399
33 479
34 39
34 144
34 224
34 365
34 407
35 25
35 171
35 377
35 437
35 490
36 66
36 159
36 191
36 201
36 482
37 177
37 215
37 388
37 395
37 458
38 358
38 438
38 464
38 478
38 495
39 34
39 128
39 221
39 370
39 448
40 175
40 381
40 430
40 480
40 484
41 134
41 247
41 337
41 412
41 421
42 49
42 231
42 402
42 415
42 471
43 20
43 110
43 113
43 477
43 488
44 26
44 52
44 83
44 146
44 398
45 390
45 391
45 422
45 473
45 497
46 8
46 53
46 117
46 270
46 458
47 4
47 230
47 296
47 432
47 433
48 18
48 215
48 297
48 431
48 495
49 32
49 42
49 108
49 329
49 432
50 128
50 253
50 254
50 347
50 390
51 225
51 289
51 395
51 427
51 461
52 26
52 44
52 119
52 236
52 488
53 46
53 125
53 384
53 458
53 499
54 122
54 176
54 233
54 307
54 496
55 23
55 79
55 253
55 358
55 379
56 72
56 74
56 185
56 304
56 462
57 32
57 207
57 256
57 414
57 471
58 3
58 22
58 242
58 445
58 496
59 153
59 309
59 363
59 416
59 490
60 133
60 208
60 432
60 489
60 495
61 13
61 236
61 455
61 470
61 471
62 8
62 145
62 330
62 339
62 500
63 148
63 174
63 342
63 408
63 441
64 93
64 135
64 283
64 410
64 417
65 115
65 193
65 299
65 481
65 494
66 36
66 117
66 182
66 241
66 449
67 118
67 166
67 358
67 462
67 496
68 121
68 242
68 403
68 484
68 491
69 8
69 300
69 446
69 475
69 499
70 170
70 180
70 362
70 425
70 468
71 27
71 184
71 395
71 430
71 491
72 56
72 126
72 147
72 366
72 399
73 88
73 255
73 401
73 437
73 485
74 11
74 56
74 84
74 255
74 443
75 30
75 124
75 197
75 232
75 464
76 123
76 300
76 388
76 434
76 490
77 218
77 306
77 399
77 458
77 496
78 92
78 287
78 382
78 471
78 498
79 23
79 55
79 112
79 250
79 459
80 190
80 232
80 415
80 472
80 490
81 190
81 322
81 438
81 464
81 473
82 5
82 344
82 369
82 418
82 467
83 44
83 130
83 209
83 289
83 489
84 74
84 350
84 404
84 490
84 494
85 239
85 297
85 460
85 473
85 484
86 97
86 294
86 333
86 418
86 497
87 199
87 285
87 342
87 443
87 473
88 6
88 73
88 257
88 350
88 485
89 91
89 163
89 207
89 266
89 479
90 15
90 114
90 345
90 472
90 491
91 1
91 89
91 211
91 434
91 486
92 78
92 109
92 129
92 309
92 461
93 64
93 176
93 335
93 479
93 494
94 241
94 264
94 405
94 439
94 475
95 142
95 354
95 402
95 426
95 450
96 296
96 407
96 451
96 464
96 500
97 86
97 254
97 384
97 393
97 489
98 25
98 248
98 296
98 421
98 474
99 157
99 454
99 462
99 484
99 496
100 167
100 331
100 393
100 421
100 485
101 24
101 293
101 416
101 459
101 470
102 169
102 221
102 353
102 365
102 389
103 111
103 242
103 318
103 363
103 441
104 154
104 190
104 213
104 453
104 454
105 168
105 349
105 359
105 381
105 450
106 226
106 377
106 398
106 453
106 477
107 20
107 221
107 373
107 483
107 498
108 49
108 321
108 375
108 424
108 458
109 92
109 163
109 297
109 371
109 374
110 43
110 420
110 452
110 473
110 485
111 9
111 103
111 272
111 412
111 477
112 21
112 79
112 212
112 471
112 480
113 43
113 175
113 331
113 443
113 478
114 90
114 214
114 281
114 385
114 480
115 65
115 130
115 181
115 286
115 411
116 364
116 421
116 462
116 469
116 499
117 21
117 46
117 66
117 119
117 487
118 67
118 147
118 421
118 492
118 499
119 52
119 117
119 429
119 478
119 479
120 232
120 249
120 292
120 307
120 435
121 68
121 264
121 270
121 400
121 489
122 54
122 313
122 343
122 444
122 476
123 76
123 228
123 248
123 314
123 491
124 75
124 164
124 419
124 467
124 481
125 32
125 53
125 172
125 290
125 472
126 72
126 320
126 349
126 388
126 496
127 7
127 198
127 274
127 454
127 457
128 39
128 50
128 195
128 271
128 493
129 92
129 352
129 380
129 404
129 470
130 83
130 115
130 308
130 390
130 406
131 227
131 408
131 437
131 471
131 480
132 205
132 219
132 285
132 473
132 483
133 60
133 241
133 305
133 441
133 491
134 41
134 193
134 297
134 338
134 488
135 64
135 231
135 343
135 446
135 484
136 191
136 359
136 391
136 405
136 474
137 30
137 221
137 292
137 298
137 336
138 352
138 399
138 413
138 482
138 500
139 148
139 195
139 210
139 419
139 436
140 173
140 176
140 186
140 364
140 431
141 439
141 465
141 477
141 483
141 484
142 95
142 217
142 266
142 449
142 486
143 252
143 333
143 431
143 459
143 492
144 34
144 379
144 383
144 445
144 487
145 62
145 433
145 437
145 439
145 444
146 44
146 194
146 208
146 217
146 368
147 72
147 118
147 208
147 470
147 497
148 63
148 139
148 462
148 463
148 470
149 190
149 339
149 352
149 382
149 492
150 389
150 404
150 469
150 475
150 495
151 386
151 418
151 434
151 435
151 491
152 310
152 324
152 382
152 392
152 499
153 59
153 159
153 254
153 453
153 471
154 104
154 249
154 313
154 423
154 426
155 28
155 310
155 374
155 410
155 476
156 16
156 213
156 393
156 402
156 470
157 99
157 173
157 296
157 401
157 485
158 203
158 269
158 426
158 454
158 498
159 36
159 153
159 267
159 376
159 493
160 162
160 179
160 273
160 406
160 479
161 15
161 185
161 262
161 336
161 368
162 160
162 259
162 295
162 357
162 367
163 89
163 109
163 399
163 466
163 469
164 124
164 243
164 467
164 469
164 491
165 193
165 213
165 352
165 495
165 499
166 67
166 173
166 177
166 433
166 483
167 100
167 264
167 369
167 448
167 460
168 8
168 30
168 105
168 300
168 308
169 102
169 293
169 334
169 433
169 460
170 70
170 343
170 355
170 395
170 410
171 35
171 281
171 439
171 475
171 498
172 2
172 125
172 265
172 476
172 497
173 6
173 140
173 157
173 166
173 247
174 63
174 186
174 276
174 313
174 455
174 499
175 15
175 40
175 113
175 375
175 451
175 497
176 54
176 93
176 140
176 392
176 427
176 480
177 2
177 37
177 166
177 259
177 282
177 332
178 29
178 208
178 325
178 392
178 459
178 497
179 160
179 228
179 346
179 441
179 463
179 498
180 70
180 341
180 408
180 422
180 453
180 488
181 115
181 239
181 315
181 381
181 399
181 480
182 66
182 247
182 272
182 346
182 447
182 476
183 1
183 197
183 224
183 238
183 420
183 468
184 71
184 278
184 290
184 448
184 480
184 495
185 28
185 56
185 161
185 308
185 312
185 499
186 140
186 174
186 201
186 476
186 497
186 500
187 210
187 218
187 353
187 380
187 389
187 421
188 27
188 198
188 341
188 368
188 468
188 494
189 223
189 251
189 277
189 327
189 341
189 500
190 80
190 81
190 104
190 149
190 411
190 445
191 3
191 36
191 136
191 243
191 416
191 498
192 203
192 236
192 277
192 368
192 460
192 470
193 65
193 134
193 165
193 376
193 403
193 437
194 146
194 235
194 358
194 364
194 375
194 499
195 128
195 139
195 204
195 340
195 440
195 486
196 9
196 224
196 253
196 282
196 482
196 484
197 75
197 183
197 222
197 319
197 486
197 497
198 127
198 188
198 285
198 342
198 466
198 469
199 87
199 283
199 318
199 393
199 455
199 465
200 18
200 328
200 396
200 407
200 411
200 435
201 36
201 186
201 210
201 219
201 361
201 417
202 207
202 229
202 389
202 449
202 472
202 498
203 158
203 192
203 335
203 365
203 370
203 492
204 195
204 211
204 358
204 410
204 473
204 499
205 132
205 339
205 378
205 433
205 476
205 487
206 210
206 234
206 309
206 466
206 473
206 480
207 57
207 89
207 202
207 244
207 432
207 460
208 60
208 146
208 147
208 178
208 386
208 447
209 3
209 83
209 370
209 390
209 463
209 500
210 139
210 187
210 201
210 206
210 265
210 330
211 91
211 204
211 295
211 402
211 482
211 486
212 112
212 250
212 406
212 441
212 484
212 488
213 30
213 104
213 156
213 165
213 218
213 433
214 19
214 114
214 231
214 258
214 290
214 434
215 37
215 48
215 247
215 442
215 446
215 498
216 240
216 243
216 271
216 391
216 463
216 476
217 142
217 146
217 240
217 360
217 491
217 500
218 77
218 187
218 213
218 463
218 472
218 497
219 132
219 201
219 334
219 451
219 453
219 494
220 31
220 258
220 315
220 422
220 433
220 457
221 39
221 102
221 107
221 137
221 442
221 485
222 197
222 304
222 311
222 375
222 417
222 443
223 189
223 351
223 406
223 423
223 439
223 466
224 34
224 183
224 196
224 270
224 414
224 496
225 51
225 404
225 439
225 449
225 458
225 472
226 19
226 106
226 316
226 361
226 409
226 434
227 131
227 329
227 334
227 357
227 430
227 454
228 123
228 179
228 252
228 351
228 419
228 483
229 202
229 243
229 302
229 352
229 490
229 500
230 47
230 292
230 412
230 455
230 481
230 492
231 42
231 135
231 214
231 275
231 299
231 306
232 75
232 80
232 120
232 356
232 391
232 490
233 54
233 291
233 301
233 372
233 439
233 466
234 206
234 253
234 322
234 336
234 430
234 440
235 194
235 254
235 303
235 426
235 442
235 494
236 52
236 61
236 192
236 260
236 290
236 392
237 279
237 381
237 479
237 488
237 489
237 491
238 19
238 31
238 183
238 417
238 454
238 481
239 85
239 181
239 257
239 302
239 343
239 380
240 216
240 217
240 389
240 454
240 472
240 482
241 66
241 94
241 133
241 281
241 298
241 310
242 58
242 68
242 103
242 249
242 387
242 415
243 164
243 191
243 216
243 229
243 401
243 476
244 207
244 258
244 366
244 398
244 419
244 474
245 278
245 318
245 323
245 462
245 474
245 494
246 316
246 374
246 416
246 452
246 474
246 481
247 41
247 173
247 182
247 215
247 376
247 404
248 98
248 123
248 298
248 308
248 385
248 434
249 120
249 154
249 242
249 397
249 414
249 467
250 4
250 79
250 212
250 259
250 288
250 378
251 189
251 255
251 276
251 328
251 385
251 500
252 23
252 143
252 228
252 284
252 332
252 401
253 50
253 55
253 196
253 234
253 319
253 430
254 50
254 97
254 153
254 235
254 427
254 482
255 73
255 74
255 251
255 436
255 482
255 495
256 57
256 273
256 293
256 345
256 402
256 474
257 88
257 239
257 302
257 373
257 472
257 485
258 27
258 214
258 220
258 244
258 295
258 332
259 31
259 162
259 177
259 250
259 323
259 362
260 2
260 236
260 293
260 359
260 396
260 430
261 319
261 354
261 375
261 417
261 456
261 488
262 161
262 275
262 419
262 449
262 457
262 487
263 19
263 294
263 374
263 424
263 425
263 484
264 94
264 121
264 167
264 301
264 364
264 444
265 172
265 210
265 397
265 407
265 456
265 492
266 89
266 142
266 278
266 301
266 360
266 471
267 159
267 272
267 283
267 304
267 384
267 455
268 269
268 366
268 375
268 383
268 461
268 464
269 158
269 268
269 327
269 406
269 455
269 484
270 11
270 46
270 121
270 224
270 419
270 424
271 128
271 216
271 436
271 468
271 485
271 498
272 111
272 182
272 267
272 402
272 409
272 477
273 14
273 160
273 256
273 305
273 435
273 500
274 127
274 286
274 366
274 371
274 447
274 483
275 231
275 262
275 339
275 391
275 401
275 496
276 174
276 251
276 451
276 469
276 475
276 481
277 189
277 192
277 312
277 313
277 314
277 445
278 184
278 245
278 266
278 299
278 300
278 354
279 237
279 403
279 440
279 481
279 485
279 494
280 6
280 343
280 450
280 465
280 466
280 478
281 114
281 171
281 241
281 345
281 383
281 425
282 177
282 196
282 400
282 460
282 469
282 491
283 64
283 199
283 267
283 288
283 304
283 478
284 252
284 306
284 325
284 415
284 429
284 476
285 87
285 132
285 198
285 305
285 332
285 476
286 115
286 274
286 328
286 405
286 447
286 475
286 500
287 78
287 321
287 372
287 379
287 451
287 464
287 488
288 24
288 250
288 283
288 358
288 421
288 488
288 494
289 51
289 83
289 325
289 350
289 400
289 445
289 476
290 25
290 125
290 184
290 214
290 236
290 422
290 500
291 233
291 348
291 385
291 413
291 457
291 479
291 494
292 33
292 120
292 137
292 230
292 398
292 434
292 498
293 101
293 169
293 256
293 260
293 444
293 465
293 484
294 86
294 263
294 307
294 361
294 407
294 437
294 459
295 162
295 211
295 258
295 301
295 316
295 457
295 466
296 47
296 96
296 98
296 157
296 396
296 481
296 488
297 48
297 85
297 109
297 134
297 323
297 376
297 496
298 137
298 241
298 248
298 303
298 379
298 397
298 493
299 13
299 65
299 231
299 278
299 323
299 356
299 456
300 69
300 76
300 168
300 278
300 310
300 322
300 424
301 233
301 264
301 266
301 295
301 349
301 463
301 491
302 229
302 239
302 257
302 386
302 420
302 428
302 455
303 29
303 235
303 298
303 377
303 413
303 441
303 479
304 56
304 222
304 267
304 283
304 321
304 410
304 424
305 133
305 273
305 285
305 452
305 478
305 490
305 497
306 17
306 77
306 231
306 284
306 312
306 431
306 440
307 4
307 54
307 120
307 294
307 463
307 476
307 480
308 29
308 130
308 168
308 185
308 248
308 355
308 423
309 59
309 92
309 206
309 418
309 428
309 438
309 458
310 152
310 155
310 241
310 300
310 362
310 487
310 493
311 222
311 337
311 338
311 371
311 388
311 412
311 448
312 185
312 277
312 306
312 416
312 452
312 475
312 499
313 122
313 154
313 174
313 277
313 418
313 423
313 451
314 17
314 123
314 277
314 398
314 409
314 452
314 489
315 181
315 220
315 323
315 409
315 472
315 480
315 488
316 226
316 246
316 295
316 357
316 431
316 450
316 494
317 5
317 324
317 370
317 401
317 420
317 469
317 492
318 27
318 103
318 199
318 245
318 360
318 395
318 442
319 197
319 253
319 261
319 371
319 408
319 472
319 490
320 19
320 33
320 126
320 324
320 330
320 488
320 489
321 108
321 287
321 304
321 355
321 357
321 438
321 484
322 81
322 234
322 300
322 331
322 357
322 359
322 480
323 18
323 245
323 259
323 297
323 299
323 315
323 376
324 152
324 317
324 320
324 384
324 408
324 465
324 489
325 16
325 178
325 284
325 289
325 328
325 357
325 374
326 330
326 415
326 435
326 440
326 457
326 477
326 485
327 189
327 269
327 333
327 372
327 422
327 448
327 467
328 200
328 251
328 286
328 325
328 475
328 499
328 500
329 49
329 227
329 369
329 425
329 431
329 468
329 500
330 62
330 210
330 320
330 326
330 438
330 481
330 486
331 100
331 113
331 322
331 427
331 441
331 446
331 495
332 177
332 252
332 258
332 285
332 369
332 453
332 481
333 7
333 9
333 86
333 143
333 327
333 387
333 391
334 169
334 219
334 227
334 357
334 393
334 474
334 497
335 93
335 203
335 339
335 363
335 438
335 490
335 496
336 137
336 161
336 234
336 347
336 365
336 388
336 494
337 41
337 311
337 379
337 388
337 390
337 397
337 457
338 25
338 134
338 311
338 346
338 384
338 486
338 489
339 62
339 149
339 205
339 275
339 335
339 341
339 375
340 195
340 368
340 390
340 412
340 450
340 477
340 488
341 180
341 188
341 189
341 339
341 365
341 425
341 497
342 63
342 87
342 198
342 400
342 427
342 478
342 495
343 12
343 122
343 135
343 170
343 239
343 280
343 498
344 82
344 386
344 389
344 415
344 458
344 485
344 497
345 32
345 90
345 256
345 281
345 429
345 433
345 473
346 1
346 179
346 182
346 338
346 358
346 380
346 483
347 50
347 336
347 465
347 468
347 483
347 487
347 493
348 291
348 366
348 367
348 393
348 414
348 452
348 466
349 16
349 105
349 126
349 301
349 431
349 492
349 498
350 84
350 88
350 289
350 432
350 456
350 466
350 482
350 497
351 223
351 228
351 353
351 364
351 397
351 463
351 481
351 499
352 129
352 138
352 149
352 165
352 229
352 449
352 471
352 491
353 102
353 187
353 351
353 428
353 444
353 449
353 470
353 498
354 24
354 95
354 261
354 278
354 381
354 384
354 405
354 499
355 170
355 308
355 321
355 361
355 390
355 482
355 485
355 493
356 26
356 232
356 299
356 388
356 421
356 445
356 460
356 486
357 162
357 227
357 316
357 321
357 322
357 325
357 334
357 444
358 38
358 55
358 67
358 194
358 204
358 288
358 346
358 487
359 105
359 136
359 260
359 322
359 362
359 382
359 474
359 497
360 217
360 266
360 318
360 394
360 398
360 407
360 442
360 481
361 24
361 201
361 226
361 294
361 355
361 477
361 480
361 483
362 11
362 70
362 259
362 310
362 359
362 430
362 456
362 492
363 3
363 59
363 103
363 335
363 390
363 421
363 435
363 495
364 116
364 140
364 194
364 264
364 351
364 428
364 445
364 454
365 34
365 102
365 203
365 336
365 341
365 422
365 423
365 478
366 72
366 244
366 268
366 274
366 348
366 373
366 403
366 499
367 2
367 162
367 348
367 382
367 434
367 463
367 479
367 499
368 146
368 161
368 188
368 192
368 340
368 438
368 452
368 475
369 82
369 167
369 329
369 332
369 394
369 403
369 439
369 462
370 39
370 203
370 209
370 317
370 387
370 393
370 418
370 459
371 20
371 109
371 274
371 311
371 319
371 385
371 416
371 428
372 15
372 233
372 287
372 327
372 377
372 414
372 427
372 481
373 107
373 257
373 366
373 383
373 399
373 444
373 493
373 500
374 109
374 155
374 246
374 263
374 325
374 387
374 397
374 468
375 108
375 175
375 194
375 222
375 261
375 268
375 339
375 494
376 159
376 193
376 247
376 297
376 323
376 444
376 450
376 477
377 35
377 106
377 303
377 372
377 471
377 482
377 483
377 487
378 7
378 205
378 250
378 404
378 411
378 462
378 468
378 478
379 16
379 55
379 144
379 287
379 298
379 337
379 386
379 413
380 23
380 129
380 187
380 239
380 346
380 391
380 425
380 436
381 40
381 105
381 181
381 237
381 354
381 394
381 403
381 409
382 78
382 149
382 152
382 359
382 367
382 443
382 464
382 468
383 8
383 144
383 268
383 281
383 373
383 387
383 470
383 495
384 53
384 97
384 267
384 324
384 338
384 354
384 456
384 461
385 114
385 248
385 251
385 291
385 371
385 422
385 427
385 478
385 482
386 151
386 208
386 302
386 344
386 379
386 392
386 440
386 466
386 496
387 242
387 333
387 370
387 374
387 383
387 436
387 461
387 466
387 487
388 30
388 37
388 76
388 126
388 311
388 336
388 337
388 356
388 495
389 102
389 150
389 187
389 202
389 240
389 344
389 394
389 405
389 492
390 45
390 50
390 130
390 209
390 337
390 340
390 355
390 363
390 443
391 45
391 136
391 216
391 232
391 275
391 333
391 380
391 457
391 492
392 10
392 152
392 176
392 178
392 236
392 386
392 444
392 467
392 493
393 97
393 100
393 156
393 199
393 334
393 348
393 370
393 412
393 417
394 6
394 9
394 360
394 369
394 381
394 389
394 411
394 414
394 492
395 14
395 28
395 37
395 51
395 71
395 170
395 318
395 492
395 499
396 26
396 200
396 260
396 296
396 408
396 448
396 463
396 485
396 495
397 10
397 22
397 249
397 265
397 298
397 337
397 351
397 374
397 405
398 44
398 106
398 244
398 292
398 314
398 360
398 411
398 429
398 488
399 33
399 72
399 77
399 138
399 163
399 181
399 373
399 483
399 485
400 13
400 121
400 282
400 289
400 342
400 402
400 456
400 469
400 480
401 73
401 157
401 243
401 252
401 275
401 317
401 432
401 455
401 493
402 42
402 95
402 156
402 211
402 256
402 272
402 400
402 406
402 456
403 68
403 193
403 279
403 366
403 369
403 381
403 417
403 461
403 470
404 84
404 129
404 150
404 225
404 247
404 378
404 414
404 446
404 465
405 20
405 94
405 136
405 286
405 354
405 389
405 397
405 429
405 491
406 21
406 130
406 160
406 212
406 223
406 269
406 402
406 420
406 479
407 34
407 96
407 200
407 265
407 294
407 360
407 447
407 478
407 486
408 28
408 29
408 63
408 131
408 180
408 319
408 324
408 396
408 440
409 226
409 272
409 314
409 315
409 381
409 439
409 447
409 471
409 496
410 64
410 155
410 170
410 204
410 304
410 417
410 443
410 446
410 477
411 115
411 190
411 200
411 378
411 394
411 398
411 423
411 471
411 499
412 41
412 111
412 230
412 311
412 340
412 393
412 413
412 477
412 495
413 4
413 138
413 291
413 303
413 379
413 412
413 427
413 436
413 473
414 57
414 224
414 249
414 348
414 372
414 394
414 404
414 423
414 448
415 42
415 80
415 242
415 284
415 326
415 344
415 450
415 459
415 488
416 59
416 101
416 191
416 246
416 312
416 371
416 447
416 456
416 491
417 64
417 201
417 222
417 238
417 261
417 393
417 403
417 410
417 462
418 2
418 82
418 86
418 151
418 309
418 313
418 370
418 461
418 480
419 32
419 124
419 139
419 228
419 244
419 262
419 270
419 421
419 473
420 110
420 183
420 302
420 317
420 406
420 446
420 452
420 476
420 486
420 490
421 41
421 98
421 100
421 116
421 118
421 187
421 288
421 356
421 363
421 419
422 45
422 180
422 220
422 290
422 327
422 365
422 385
422 437
422 464
422 491
423 154
423 223
423 308
423 313
423 365
423 411
423 414
423 426
423 466
423 498
424 108
424 263
424 270
424 300
424 304
424 447
424 457
424 477
424 482
424 496
425 3
425 12
425 70
425 263
425 281
425 329
425 341
425 380
425 429
425 461
426 1
426 7
426 14
426 95
426 154
426 158
426 235
426 423
426 457
426 493
427 51
427 176
427 254
427 331
427 342
427 372
427 385
427 413
427 465
427 487
428 22
428 302
428 309
428 353
428 364
428 371
428 438
428 455
428 484
428 500
429 119
429 284
429 345
429 398
429 405
429 425
429 432
429 448
429 460
429 483
430 10
430 15
430 40
430 71
430 227
430 234
430 253
430 260
430 362
430 454
431 48
431 140
431 143
431 306
431 316
431 329
431 349
431 450
431 458
431 492
432 47
432 49
432 60
432 207
432 350
432 401
432 429
432 468
432 487
432 497
433 22
433 29
433 47
433 145
433 166
433 169
433 205
433 213
433 220
433 345
434 76
434 91
434 151
434 214
434 226
434 248
434 292
434 367
434 447
434 489
435 5
435 120
435 151
435 200
435 273
435 326
435 363
435 437
435 446
435 481
436 139
436 255
436 271
436 380
436 387
436 413
436 443
436 452
436 455
436 464
437 35
437 73
437 131
437 145
437 193
437 294
437 422
437 435
437 453
437 479
438 38
438 81
438 309
438 321
438 330
438 335
438 368
438 428
438 446
438 485
438 498
439 94
439 141
439 145
439 171
439 223
439 225
439 233
439 369
439 409
439 466
439 480
440 195
440 234
440 279
440 306
440 326
440 386
440 408
440 446
440 470
440 471
440 498
441 24
441 63
441 103
441 133
441 179
441 212
441 303
441 331
441 457
441 475
441 496
442 21
442 215
442 221
442 235
442 318
442 360
442 445
442 451
442 464
442 491
442 496
443 5
443 18
443 74
443 87
443 113
443 222
443 382
443 390
443 410
443 436
443 484
444 122
444 145
444 264
444 293
444 353
444 357
444 373
444 376
444 392
444 448
444 494
445 58
445 144
445 190
445 277
445 289
445 356
445 364
445 442
445 467
445 485
445 490
446 69
446 135
446 215
446 331
446 404
446 410
446 420
446 435
446 438
446 440
446 496
447 182
447 208
447 274
447 286
447 407
447 409
447 416
447 424
447 434
447 479
447 494
448 39
448 167
448 184
448 311
448 327
448 396
448 414
448 429
448 444
448 487
448 493
449 4
449 18
449 66
449 142
449 202
449 225
449 262
449 352
449 353
449 450
449 458
449 465
450 1
450 14
450 95
450 105
450 280
450 316
450 340
450 376
450 415
450 431
450 449
450 461
451 11
451 17
451 96
451 175
451 219
451 276
451 287
451 313
451 442
451 454
451 459
451 494
452 110
452 246
452 305
452 312
452 314
452 348
452 368
452 420
452 436
452 463
452 483
452 496
453 12
453 104
453 106
453 153
453 180
453 219
453 332
453 437
453 455
453 475
453 478
453 486
454 99
454 104
454 127
454 158
454 227
454 238
454 240
454 364
454 430
454 451
454 461
454 493
455 61
455 174
455 199
455 230
455 267
455 269
455 302
455 401
455 428
455 436
455 453
455 489
456 261
456 265
456 299
456 350
456 362
456 384
456 400
456 402
456 416
456 459
456 473
456 482
457 127
457 220
457 262
457 291
457 295
457 326
457 337
457 391
457 424
457 426
457 441
457 479
458 37
458 46
458 53
458 77
458 108
458 225
458 309
458 344
458 431
458 449
458 469
458 475
459 6
459 79
459 101
459 143
459 178
459 294
459 370
459 415
459 451
459 456
459 476
459 500
460 85
460 167
460 169
460 192
460 207
460 282
460 356
460 429
460 462
460 474
460 475
460 478
461 51
461 92
461 268
461 384
461 387
461 403
461 418
461 425
461 450
461 454
461 462
461 489
461 498
462 9
462 56
462 67
462 99
462 116
462 148
462 245
462 369
462 378
462 417
462 460
462 461
462 486
463 13
463 148
463 179
463 209
463 216
463 218
463 301
463 307
463 351
463 367
463 396
463 452
463 474
464 38
464 75
464 81
464 96
464 268
464 287
464 382
464 422
464 436
464 442
464 467
464 473
464 484
465 141
465 199
465 280
465 293
465 324
465 347
465 404
465 427
465 449
465 470
465 475
465 482
465 492
466 163
466 198
466 206
466 223
466 233
466 280
466 295
466 348
466 350
466 386
466 387
466 423
466 439
467 82
467 124
467 164
467 249
467 327
467 392
467 445
467 464
467 468
467 481
467 486
467 489
467 498
468 70
468 183
468 188
468 271
468 329
468 347
468 374
468 378
468 382
468 432
468 467
468 474
468 479
469 22
469 116
469 150
469 163
469 164
469 198
469 276
469 282
469 317
469 400
469 458
469 480
469 486
469 493
470 61
470 101
470 129
470 147
470 148
470 156
470 192
470 353
470 383
470 403
470 440
470 465
470 493
470 497
471 42
471 57
471 61
471 78
471 112
471 131
471 153
471 266
471 352
471 377
471 409
471 411
471 440
471 472
472 26
472 80
472 90
472 125
472 202
472 218
472 225
472 240
472 257
472 315
472 319
472 471
472 477
472 494
473 45
473 81
473 85
473 87
473 110
473 132
473 204
473 206
473 345
473 413
473 419
473 456
473 464
473 489
474 13
474 98
474 136
474 244
474 245
474 246
474 256
474 334
474 359
474 460
474 463
474 468
474 485
474 487
475 69
475 94
475 150
475 171
475 276
475 286
475 312
475 328
475 368
475 441
475 453
475 458
475 460
475 465
475 499
476 122
476 155
476 172
476 182
476 186
476 205
476 216
476 243
476 284
476 285
476 289
476 307
476 420
476 459
476 487
477 10
477 16
477 43
477 106
477 111
477 141
477 272
477 326
477 340
477 361
477 376
477 410
477 412
477 424
477 472
478 14
478 38
478 113
478 119
478 280
478 283
478 305
478 342
478 365
478 378
478 385
478 407
478 453
478 460
478 488
478 500
479 33
479 89
479 93
479 119
479 160
479 237
479 291
479 303
479 367
479 406
479 437
479 447
479 457
479 468
479 489
479 493
480 40
480 112
480 114
480 131
480 176
480 181
480 184
480 206
480 307
480 315
480 322
480 361
480 400
480 418
480 439
480 469
481 65
481 124
481 230
481 238
481 246
481 276
481 279
481 296
481 330
481 332
481 351
481 360
481 372
481 435
481 467
481 496
482 36
482 138
482 196
482 211
482 240
482 254
482 255
482 350
482 355
482 377
482 385
482 424
482 456
482 465
482 495
482 499
483 12
483 107
483 132
483 141
483 166
483 228
483 274
483 346
483 347
483 361
483 377
483 399
483 429
483 452
483 490
483 495
484 40
484 68
484 85
484 99
484 135
484 141
484 196
484 212
484 263
484 269
484 293
484 321
484 428
484 443
484 464
484 500
485 73
485 88
485 100
485 110
485 157
485 221
485 257
485 271
485 279
485 326
485 344
485 355
485 396
485 399
485 438
485 445
485 474
486 91
486 142
486 195
486 197
486 211
486 330
486 338
486 356
486 407
486 420
486 453
486 462
486 467
486 469
486 487
486 490
486 492
487 117
487 144
487 205
487 262
487 310
487 347
487 358
487 377
487 387
487 427
487 432
487 448
487 474
487 476
487 486
487 492
487 494
488 27
488 43
488 52
488 134
488 180
488 212
488 237
488 261
488 287
488 288
488 296
488 315
488 320
488 340
488 398
488 415
488 478
489 20
489 31
489 60
489 83
489 97
489 121
489 237
489 314
489 320
489 324
489 338
489 434
489 455
489 461
489 467
489 473
489 479
490 17
490 35
490 59
490 76
490 80
490 84
490 229
490 232
490 305
490 319
490 335
490 420
490 445
490 483
490 486
490 491
490 495
490 497
491 68
491 71
491 90
491 123
491 133
491 151
491 164
491 217
491 237
491 282
491 301
491 352
491 405
491 416
491 422
491 442
491 490
491 493
492 7
492 118
492 143
492 149
492 203
492 230
492 265
492 317
492 349
492 362
492 389
492 391
492 394
492 395
492 431
492 465
492 486
492 487
493 11
493 128
493 159
493 298
493 310
493 347
493 355
493 373
493 392
493 401
493 426
493 448
493 454
493 469
493 470
493 479
493 491
493 500
494 65
494 84
494 93
494 188
494 219
494 235
494 245
494 279
494 288
494 291
494 316
494 336
494 375
494 444
494 447
494 451
494 472
494 487
494 495
495 5
495 23
495 38
495 48
495 60
495 150
495 165
495 184
495 255
495 331
495 342
495 363
495 383
495 388
495 396
495 412
495 482
495 483
495 490
495 494
496 54
496 58
496 67
496 77
496 99
496 126
496 224
496 275
496 297
496 335
496 386
496 409
496 424
496 441
496 442
496 446
496 452
496 481
496 497
496 498
497 31
497 45
497 86
497 147
497 172
497 175
497 178
497 186
497 197
497 218
497 305
497 334
497 341
497 344
497 350
497 359
497 432
497 470
497 490
497 496
498 21
498 78
498 107
498 158
498 171
498 179
498 191
498 202
498 215
498 271
498 292
498 343
498 349
498 353
498 423
498 438
498 440
498 461
498 467
498 496
499 53
499 69
499 116
499 118
499 152
499 165
499 174
499 185
499 194
499 204
499 312
499 328
499 351
499 354
499 366
499 367
499 395
499 411
499 475
499 482
500 62
500 96
500 138
500 186
500 189
500 209
500 217
500 229
500 251
500 273
500 286
500 290
500 328
500 329
500 373
500 428
500 459
500 478
500 484
500 493
