1 88
1 91
1 296
1 346
1 426
2 170
2 172
2 179
2 260
2 367
3 20
3 56
3 58
3 236
3 363
4 47
4 156
4 158
4 290
4 449
5 7
5 299
5 341
5 435
5 495
6 10
6 16
6 18
6 21
6 459
7 5
7 299
7 312
7 341
7 426
8 62
8 163
8 168
8 173
8 177
9 101
9 103
9 111
9 175
9 462
10 6
10 18
10 156
10 381
10 397
11 57
11 64
11 69
11 74
11 362
12 277
12 335
12 425
12 453
12 483
13 299
13 314
13 335
13 400
13 463
14 245
14 273
14 274
14 450
14 478
15 22
15 25
15 90
15 161
15 372
16 6
16 18
16 80
16 156
16 379
17 24
17 205
17 314
17 399
17 433
18 6
18 10
18 16
18 20
18 146
19 226
19 238
19 241
19 310
19 320
20 3
20 18
20 21
20 22
20 198
21 6
21 20
21 22
21 23
21 198
22 15
22 20
22 21
22 23
22 198
23 21
23 22
23 34
23 188
23 402
24 17
24 205
24 288
24 399
24 433
25 15
25 95
25 98
25 290
25 338
26 44
26 55
26 76
26 197
26 472
27 28
27 34
27 71
27 188
27 488
28 27
28 29
28 34
28 382
28 408
29 28
29 30
29 90
29 215
29 224
30 29
30 37
30 190
30 215
30 224
31 32
31 33
31 220
31 259
31 489
32 31
32 33
32 36
32 231
32 306
33 31
33 32
33 231
33 292
33 399
34 23
34 27
34 28
34 188
34 224
35 164
35 167
35 171
35 325
35 365
36 32
36 41
36 42
36 231
36 307
37 30
37 38
37 215
37 270
37 272
38 37
38 40
38 270
38 278
38 438
39 117
39 119
39 123
39 124
39 128
40 38
40 46
40 48
40 106
40 125
41 36
41 42
41 52
41 231
41 307
42 36
42 41
42 52
42 231
42 307
43 52
43 54
43 307
43 362
43 477
44 26
44 79
44 80
44 81
44 83
45 134
45 135
45 217
45 390
45 422
46 40
46 48
46 63
46 270
46 458
47 4
47 192
47 290
47 296
47 304
48 40
48 46
48 49
48 125
48 208
49 48
49 51
49 53
49 68
49 125
50 247
50 253
50 328
50 347
50 390
51 49
51 53
51 56
51 76
51 427
52 41
52 42
52 43
52 307
52 362
53 49
53 51
53 56
53 125
53 148
54 43
54 57
54 64
54 307
54 362
55 26
55 75
55 76
55 79
55 81
56 3
56 51
56 53
56 95
56 304
57 11
57 54
57 64
57 362
57 414
58 3
58 60
58 61
58 65
58 236
59 151
59 153
59 154
59 363
59 376
60 58
60 61
60 62
60 173
60 432
61 58
61 60
61 62
61 236
61 472
62 8
62 60
62 61
62 66
62 339
63 46
63 65
63 66
63 249
63 441
64 11
64 54
64 57
64 69
64 362
65 58
65 63
65 66
65 249
65 299
66 62
66 63
66 65
66 249
66 449
67 68
67 70
67 118
67 126
67 246
68 49
68 67
68 70
68 121
68 349
69 11
69 64
69 74
69 475
69 483
69 499
70 67
70 68
70 72
70 126
70 196
71 27
71 197
71 395
71 430
71 491
72 70
72 126
72 194
72 197
72 232
73 247
73 251
73 253
73 255
73 401
74 11
74 69
74 78
74 346
74 443
75 55
75 76
75 98
75 197
75 232
76 26
76 51
76 55
76 75
76 300
77 78
77 86
77 306
77 346
77 399
78 74
78 77
78 86
78 287
78 346
79 44
79 55
79 80
79 81
79 237
80 16
80 44
80 79
80 81
80 232
81 44
81 55
81 79
81 80
81 175
82 83
82 109
82 344
82 418
82 467
83 44
83 82
83 84
83 105
83 489
84 83
84 89
84 101
84 185
84 262
85 285
85 297
85 337
85 460
85 484
86 77
86 78
86 88
86 346
86 497
87 199
87 267
87 280
87 343
87 473
88 1
88 86
88 91
88 296
88 346
89 84
89 161
89 185
89 207
89 262
90 15
90 29
90 92
90 95
90 472
91 1
91 88
91 93
91 94
91 296
92 90
92 95
92 98
92 100
92 187
93 91
93 94
93 96
93 97
93 99
94 91
94 93
94 96
94 99
94 296
95 25
95 56
95 90
95 92
95 100
96 93
96 94
96 97
96 99
96 296
97 93
97 96
97 99
97 384
97 393
98 25
98 75
98 92
98 100
98 248
99 93
99 94
99 96
99 97
99 496
100 92
100 95
100 98
100 331
100 421
101 9
101 84
101 103
101 175
101 459
102 171
102 178
102 181
102 365
102 389
103 9
103 101
103 111
103 175
103 304
104 107
104 108
104 110
104 112
104 453
105 83
105 113
105 349
105 359
105 450
106 40
106 111
106 113
106 453
106 477
107 104
107 108
107 112
107 483
107 498
108 104
108 107
108 110
108 112
108 458
109 82
109 140
109 163
109 177
109 297
110 104
110 108
110 112
110 420
110 485
111 9
111 103
111 106
111 113
111 308
112 104
112 107
112 108
112 110
112 115
113 105
113 106
113 111
113 175
113 323
114 115
114 116
114 117
114 385
114 480
115 112
115 114
115 116
115 117
115 411
116 114
116 115
116 117
116 119
116 499
117 39
117 114
117 115
117 116
117 119
118 67
118 120
118 349
118 492
118 499
119 39
119 116
119 117
119 123
119 124
120 118
120 232
120 249
120 349
120 435
121 68
121 249
121 270
121 349
121 400
122 130
122 226
122 313
122 444
122 476
123 39
123 119
123 124
123 128
123 129
124 39
124 119
124 123
124 128
124 129
125 40
125 48
125 49
125 53
125 290
126 67
126 70
126 72
126 320
126 349
127 130
127 133
127 141
127 457
127 483
128 39
128 123
128 124
128 129
128 131
129 123
129 124
129 128
129 131
129 404
130 122
130 127
130 133
130 141
130 168
131 128
131 129
131 134
131 336
131 408
132 214
132 219
132 258
132 297
132 345
133 127
133 130
133 141
133 386
133 441
134 45
134 131
134 135
134 217
134 336
135 45
135 134
135 217
135 336
135 484
136 165
136 187
136 189
136 191
136 193
137 138
137 142
137 292
137 336
137 390
138 137
138 142
138 363
138 390
138 482
139 143
139 146
139 148
139 195
139 210
140 109
140 173
140 176
140 177
140 186
141 127
141 130
141 133
141 258
141 484
142 137
142 138
142 217
142 363
142 390
143 139
143 144
143 146
143 188
143 459
144 143
144 146
144 286
144 383
144 445
145 151
145 363
145 433
145 437
145 439
146 18
146 139
146 143
146 144
146 147
147 146
147 148
147 149
147 275
147 497
148 53
148 139
148 147
148 149
148 470
149 147
149 148
149 160
149 352
149 492
150 157
150 158
150 160
150 162
150 495
151 59
151 145
151 363
151 376
151 386
152 153
152 154
152 159
152 376
152 392
153 59
153 152
153 154
153 159
153 453
154 59
154 152
154 153
154 159
154 376
155 226
155 241
155 310
155 410
155 476
156 4
156 10
156 16
156 290
156 393
157 150
157 158
157 160
157 162
157 173
158 4
158 150
158 157
158 160
158 498
159 152
159 153
159 154
159 325
159 376
160 149
160 150
160 157
160 158
160 179
161 15
161 89
161 185
161 262
161 368
162 150
162 157
162 295
162 357
162 367
163 8
163 109
163 173
163 378
163 466
164 35
164 167
164 365
164 469
164 491
165 136
165 184
165 187
165 189
165 193
166 168
166 170
166 173
166 177
166 433
167 35
167 164
167 325
167 365
167 448
168 8
168 130
168 166
168 170
168 260
169 256
169 258
169 293
169 433
169 460
170 2
170 166
170 168
170 250
170 260
171 35
171 102
171 178
171 180
171 498
172 2
172 179
172 222
172 265
172 476
173 8
173 60
173 140
173 157
173 163
173 166
174 268
174 269
174 274
174 276
174 305
174 313
175 9
175 81
175 101
175 103
175 113
175 451
176 140
176 201
176 204
176 303
176 332
176 480
177 8
177 109
177 140
177 166
177 292
177 332
178 102
178 171
178 180
178 325
178 385
178 459
179 2
179 160
179 172
179 222
179 431
179 498
180 171
180 178
180 181
180 184
180 224
180 389
181 102
181 180
181 184
181 381
181 399
181 467
182 190
182 225
182 228
182 404
182 442
182 447
183 206
183 238
183 248
183 338
183 344
183 359
184 165
184 180
184 181
184 187
184 316
184 389
185 84
185 89
185 161
185 245
185 262
185 499
186 140
186 195
186 201
186 210
186 298
186 476
187 92
187 136
187 165
187 184
187 189
187 389
188 23
188 27
188 34
188 143
188 198
188 341
189 136
189 165
189 187
189 191
189 193
189 203
190 30
190 182
190 225
190 228
190 404
190 411
190 442
191 136
191 189
191 193
191 194
191 243
191 416
192 47
192 236
192 290
192 304
192 368
192 460
193 136
193 165
193 189
193 191
193 194
193 337
194 72
194 191
194 193
194 200
194 358
194 364
195 139
195 186
195 204
195 210
195 298
195 303
196 70
196 247
196 253
196 328
196 347
196 484
197 26
197 71
197 72
197 75
197 232
197 427
198 20
198 21
198 22
198 188
198 469
199 87
199 267
199 280
199 282
199 283
199 315
200 194
200 202
200 203
200 207
200 328
200 435
201 176
201 186
201 204
201 219
201 303
201 332
202 200
202 203
202 207
202 383
202 472
202 498
203 189
203 200
203 202
203 207
203 208
203 365
204 176
204 195
204 201
204 303
204 332
204 452
205 17
205 24
205 288
205 314
205 339
205 433
206 183
206 234
206 330
206 359
206 473
206 480
207 89
207 200
207 202
207 203
207 208
207 211
208 48
208 203
208 207
208 209
208 211
208 447
209 208
209 211
209 218
209 227
209 369
209 390
210 139
210 186
210 195
210 248
210 298
210 344
211 207
211 208
211 209
211 369
211 482
211 486
212 221
212 225
212 228
212 401
212 484
212 488
213 218
213 295
213 329
213 339
213 369
213 433
214 132
214 258
214 285
214 297
214 311
214 345
215 29
215 30
215 37
215 260
215 446
215 498
216 233
216 235
216 239
216 240
216 243
216 316
217 45
217 134
217 135
217 142
217 249
217 336
217 390
218 209
218 213
218 295
218 369
218 463
218 497
219 132
219 201
219 258
219 293
219 332
219 494
220 31
220 259
220 292
220 306
220 422
220 433
221 212
221 225
221 228
221 401
221 442
221 485
222 172
222 179
222 311
222 375
222 441
222 443
223 227
223 255
223 301
223 329
223 351
223 439
224 29
224 30
224 34
224 180
224 270
224 496
225 182
225 190
225 212
225 221
225 401
225 404
226 19
226 122
226 155
226 238
226 241
226 361
227 209
227 223
227 229
227 230
227 301
227 329
228 182
228 190
228 212
228 221
228 401
228 419
229 227
229 230
229 233
229 301
229 302
229 490
230 227
230 229
230 233
230 239
230 301
230 492
231 32
231 33
231 36
231 41
231 42
231 306
232 72
232 75
232 80
232 120
232 197
232 356
233 216
233 229
233 230
233 239
233 301
233 372
234 206
234 262
234 322
234 330
234 331
234 336
235 216
235 239
235 316
235 426
235 442
235 494
236 3
236 58
236 61
236 192
236 260
236 392
237 79
237 272
237 279
237 400
237 488
237 489
237 491
238 19
238 183
238 226
238 241
238 269
238 322
238 330
239 216
239 230
239 233
239 235
239 316
239 467
240 216
240 242
240 286
240 316
240 389
240 472
241 19
241 155
241 226
241 238
241 298
241 310
242 240
242 243
242 246
242 286
242 329
242 347
243 191
243 216
243 242
243 246
243 286
243 347
244 250
244 252
244 254
244 261
244 378
244 401
245 14
245 185
245 273
245 278
245 462
245 474
246 67
246 242
246 243
246 286
246 316
246 347
247 50
247 73
247 196
247 264
247 328
247 376
248 98
248 183
248 210
248 298
248 344
248 359
249 63
249 65
249 66
249 120
249 121
249 217
250 170
250 244
250 252
250 254
250 261
250 266
250 378
251 73
251 255
251 257
251 276
251 328
251 500
252 244
252 250
252 254
252 261
252 266
252 401
253 50
253 73
253 196
253 257
253 297
253 319
254 244
254 250
254 252
254 261
254 266
254 378
255 73
255 223
255 251
255 263
255 264
255 495
256 169
256 273
256 293
256 345
256 402
256 474
257 251
257 253
257 263
257 264
257 280
257 373
258 132
258 141
258 169
258 214
258 219
258 332
258 345
259 31
259 220
259 292
259 306
259 399
259 433
260 2
260 168
260 170
260 215
260 236
260 293
261 244
261 250
261 252
261 254
261 266
261 378
262 84
262 89
262 161
262 185
262 234
262 449
263 255
263 257
263 264
263 265
263 313
263 373
264 247
264 255
264 257
264 263
264 265
264 313
265 172
265 263
265 264
265 268
265 313
265 492
266 250
266 252
266 254
266 261
266 272
266 400
267 87
267 199
267 280
267 282
267 283
267 315
268 174
268 265
268 269
268 313
268 345
268 464
269 174
269 238
269 268
269 274
269 406
269 484
270 37
270 38
270 46
270 121
270 224
270 419
271 272
271 279
271 281
271 400
271 468
271 485
272 37
272 237
272 266
272 271
272 279
272 281
272 400
273 14
273 245
273 256
273 275
273 278
273 305
274 14
274 174
274 269
274 275
274 301
274 305
275 147
275 273
275 274
275 276
275 278
275 343
276 174
276 251
276 275
276 278
276 343
276 475
277 12
277 312
277 314
277 335
277 341
277 445
278 38
278 245
278 273
278 275
278 276
278 343
279 237
279 271
279 272
279 281
279 289
279 400
280 87
280 199
280 257
280 267
280 282
280 343
281 271
281 272
281 279
281 289
281 308
281 400
282 199
282 267
282 280
282 315
282 460
282 491
283 199
283 267
283 284
283 315
283 323
283 459
284 283
284 285
284 323
284 325
284 337
284 437
285 85
285 214
285 284
285 305
285 323
285 337
286 144
286 240
286 242
286 243
286 246
286 328
286 347
287 78
287 312
287 372
287 375
287 408
287 435
287 451
288 24
288 205
288 314
288 339
288 355
288 421
288 494
289 279
289 281
289 302
289 308
289 317
289 332
289 400
290 4
290 25
290 47
290 125
290 156
290 192
290 304
291 294
291 326
291 327
291 333
291 348
291 477
291 479
292 33
292 137
292 177
292 220
292 259
292 306
292 398
292 399
293 169
293 219
293 256
293 260
293 333
293 444
293 465
294 291
294 327
294 348
294 361
294 367
294 379
294 437
295 162
295 213
295 218
295 301
295 329
295 369
295 466
296 1
296 47
296 88
296 91
296 94
296 96
296 481
297 85
297 109
297 132
297 214
297 253
297 323
297 345
298 186
298 195
298 210
298 241
298 248
298 303
298 344
299 5
299 7
299 13
299 65
299 335
299 341
299 456
300 76
300 310
300 320
300 322
300 368
300 424
300 495
301 223
301 227
301 229
301 230
301 233
301 274
301 295
302 229
302 289
302 308
302 317
302 386
302 420
302 455
303 176
303 195
303 201
303 204
303 298
303 419
303 479
304 47
304 56
304 103
304 192
304 290
304 321
304 424
305 174
305 273
305 274
305 285
305 452
305 490
305 497
306 32
306 77
306 220
306 231
306 259
306 292
306 440
307 36
307 41
307 42
307 43
307 52
307 54
307 436
308 111
308 281
308 289
308 302
308 317
308 422
308 423
309 342
309 350
309 352
309 353
309 429
309 438
309 466
310 19
310 155
310 241
310 300
310 320
310 363
310 487
311 214
311 222
311 337
311 345
311 349
311 371
311 412
312 7
312 277
312 287
312 375
312 384
312 408
312 426
313 122
313 174
313 263
313 264
313 265
313 268
313 451
314 13
314 17
314 205
314 277
314 288
314 339
314 452
315 199
315 267
315 282
315 283
315 323
315 409
315 488
316 184
316 216
316 235
316 239
316 240
316 246
316 450
317 289
317 302
317 308
317 318
317 324
317 401
317 422
318 317
318 324
318 326
318 333
318 335
318 422
318 442
319 253
319 334
319 357
319 371
319 373
319 394
319 444
320 19
320 126
320 300
320 310
320 324
320 330
320 368
321 304
321 340
321 361
321 379
321 383
321 438
321 484
322 234
322 238
322 300
322 331
322 357
322 359
322 480
323 113
323 283
323 284
323 285
323 297
323 315
323 337
324 317
324 318
324 320
324 326
324 333
324 422
324 465
325 35
325 159
325 167
325 178
325 284
325 365
325 374
326 291
326 318
326 324
326 327
326 333
326 482
326 485
327 291
327 294
327 326
327 333
327 348
327 407
327 422
328 50
328 196
328 200
328 247
328 251
328 286
328 499
329 213
329 223
329 227
329 242
329 295
329 369
329 468
330 206
330 234
330 238
330 320
330 331
330 482
330 486
331 100
331 234
331 322
331 330
331 427
331 441
331 495
332 176
332 177
332 201
332 204
332 219
332 258
332 289
333 291
333 293
333 318
333 324
333 326
333 327
333 422
334 319
334 340
334 357
334 361
334 371
334 373
334 444
335 12
335 13
335 277
335 299
335 318
335 339
335 341
336 131
336 134
336 135
336 137
336 217
336 234
336 388
337 85
337 193
337 284
337 285
337 311
337 323
337 457
338 25
338 183
338 359
338 384
338 486
338 489
338 498
339 62
339 205
339 213
339 288
339 314
339 335
339 341
339 375
340 321
340 334
340 361
340 368
340 444
340 450
340 488
341 5
341 7
341 188
341 277
341 299
341 335
341 339
342 309
342 350
342 352
342 353
342 387
342 429
342 478
343 87
343 275
343 276
343 278
343 280
343 480
343 498
344 82
344 183
344 210
344 248
344 298
344 389
344 485
345 132
345 214
345 256
345 258
345 268
345 297
345 311
346 1
346 74
346 77
346 78
346 86
346 88
346 492
347 50
347 196
347 242
347 243
347 246
347 286
347 361
348 291
348 294
348 327
348 367
348 379
348 383
348 490
349 68
349 105
349 118
349 120
349 121
349 126
349 311
350 309
350 342
350 352
350 353
350 429
350 432
350 497
350 499
351 223
351 360
351 374
351 388
351 409
351 412
351 416
351 460
352 149
352 309
352 342
352 350
352 353
352 387
352 429
352 466
353 309
353 342
353 350
353 352
353 355
353 387
353 457
353 498
354 372
354 375
354 376
354 381
354 384
354 392
354 405
354 435
355 288
355 353
355 366
355 370
355 387
355 457
355 482
355 493
356 232
356 385
356 398
356 410
356 414
356 415
356 421
356 443
357 162
357 319
357 322
357 334
357 371
357 373
357 394
357 439
357 444
358 194
358 364
358 377
358 381
358 393
358 405
358 455
358 487
359 105
359 183
359 206
359 248
359 322
359 338
359 362
359 474
360 351
360 374
360 385
360 388
360 398
360 414
360 416
360 459
361 226
361 294
361 321
361 334
361 340
361 347
361 379
361 383
362 11
362 43
362 52
362 54
362 57
362 64
362 359
362 364
363 3
363 59
363 138
363 142
363 145
363 151
363 310
363 390
364 194
364 358
364 362
364 377
364 381
364 393
364 394
364 428
365 35
365 102
365 164
365 167
365 203
365 325
365 422
365 423
366 355
366 370
366 395
366 396
366 397
366 413
366 457
366 499
367 2
367 162
367 294
367 348
367 379
367 382
367 463
367 479
368 161
368 192
368 300
368 320
368 340
368 452
368 475
368 490
369 209
369 211
369 213
369 218
369 295
369 329
369 371
369 388
370 355
370 366
370 387
370 395
370 397
370 413
370 435
370 457
371 311
371 319
371 334
371 357
371 369
371 373
371 394
371 444
372 15
372 233
372 287
372 354
372 377
372 392
372 405
372 435
373 257
373 263
373 319
373 334
373 357
373 371
373 394
373 444
374 325
374 351
374 360
374 388
374 409
374 414
374 416
374 460
375 222
375 287
375 312
375 339
375 354
375 408
375 426
375 435
376 59
376 151
376 152
376 154
376 159
376 247
376 354
376 450
377 358
377 364
377 372
377 381
377 392
377 393
377 405
377 450
378 163
378 244
378 250
378 254
378 261
378 401
378 462
378 478
379 16
379 294
379 321
379 348
379 361
379 367
379 383
379 403
380 431
380 434
380 436
380 448
380 461
380 464
380 468
380 471
381 10
381 181
381 354
381 358
381 364
381 377
381 393
381 394
381 405
382 28
382 367
382 406
382 421
382 423
382 437
382 443
382 450
382 453
383 144
383 202
383 321
383 348
383 361
383 379
383 387
383 495
384 97
384 312
384 338
384 354
384 395
384 408
384 426
384 456
384 461
385 114
385 178
385 356
385 360
385 410
385 414
385 415
385 459
385 482
386 133
386 151
386 302
386 404
386 411
386 419
386 442
386 466
386 484
386 496
387 342
387 352
387 353
387 355
387 370
387 383
387 457
387 466
387 487
388 336
388 351
388 360
388 369
388 374
388 414
388 416
388 459
388 495
389 102
389 180
389 184
389 187
389 240
389 344
389 394
389 405
389 408
390 45
390 50
390 137
390 138
390 142
390 209
390 217
390 363
390 488
391 396
391 403
391 407
391 418
391 430
391 456
391 461
391 492
391 499
392 152
392 236
392 354
392 372
392 377
392 405
392 435
392 444
392 464
393 97
393 156
393 358
393 364
393 377
393 381
393 394
393 405
393 481
394 319
394 357
394 364
394 371
394 373
394 381
394 389
394 393
394 406
395 71
395 366
395 370
395 384
395 397
395 413
395 424
395 441
395 457
396 366
396 391
396 403
396 407
396 418
396 430
396 449
396 456
396 463
397 10
397 366
397 370
397 395
397 413
397 424
397 427
397 441
397 447
398 292
398 356
398 360
398 410
398 415
398 421
398 429
398 443
398 484
399 17
399 24
399 33
399 77
399 181
399 259
399 292
399 421
399 433
400 13
400 121
400 237
400 266
400 271
400 272
400 279
400 281
400 289
401 73
401 212
401 221
401 225
401 228
401 244
401 252
401 317
401 378
402 23
402 256
402 425
402 430
402 445
402 449
402 451
402 452
402 456
402 472
403 379
403 391
403 396
403 407
403 418
403 430
403 449
403 456
403 461
404 129
404 182
404 190
404 225
404 386
404 411
404 419
404 442
404 484
405 354
405 358
405 372
405 377
405 381
405 389
405 392
405 393
405 429
406 269
406 382
406 394
406 420
406 423
406 437
406 450
406 453
406 479
407 327
407 391
407 396
407 403
407 418
407 430
407 449
407 456
407 461
408 28
408 131
408 287
408 312
408 375
408 384
408 389
408 426
408 440
409 315
409 351
409 374
409 412
409 416
409 427
409 441
409 460
409 471
410 155
410 356
410 385
410 398
410 414
410 415
410 417
410 443
410 459
411 115
411 190
411 386
411 404
411 419
411 420
411 442
411 471
411 484
412 311
412 351
412 409
412 413
412 416
412 427
412 441
412 460
412 493
413 366
413 370
413 395
413 397
413 412
413 424
413 427
413 441
413 477
414 57
414 356
414 360
414 374
414 385
414 388
414 410
414 446
414 459
415 356
415 385
415 398
415 410
415 421
415 443
415 450
415 459
415 479
416 191
416 351
416 360
416 374
416 388
416 409
416 412
416 428
416 460
417 410
417 425
417 428
417 440
417 445
417 451
417 452
417 462
417 472
418 82
418 391
418 396
418 403
418 407
418 430
418 449
418 456
418 461
419 228
419 270
419 303
419 386
419 404
419 411
419 420
419 423
419 442
419 484
420 110
420 302
420 406
420 411
420 419
420 446
420 473
420 484
420 486
420 490
421 100
421 288
421 356
421 382
421 398
421 399
421 415
421 437
421 443
421 453
422 45
422 220
422 308
422 317
422 318
422 324
422 327
422 333
422 365
422 464
423 308
423 365
423 382
423 406
423 419
423 437
423 450
423 484
423 496
423 498
424 300
424 304
424 395
424 397
424 413
424 427
424 441
424 457
424 461
424 477
425 12
425 402
425 417
425 440
425 445
425 449
425 451
425 452
425 472
425 489
426 1
426 7
426 235
426 312
426 375
426 384
426 408
426 435
426 457
426 493
427 51
427 197
427 331
427 397
427 409
427 412
427 413
427 424
427 441
427 460
428 364
428 416
428 417
428 439
428 440
428 445
428 446
428 447
428 451
428 462
429 309
429 342
429 350
429 352
429 398
429 405
429 432
429 438
429 466
429 483
430 71
430 391
430 396
430 402
430 403
430 407
430 418
430 456
430 458
430 461
431 179
431 380
431 434
431 436
431 448
431 458
431 463
431 464
431 468
431 471
432 60
432 350
432 429
432 438
432 439
432 442
432 446
432 447
432 462
432 466
433 17
433 24
433 145
433 166
433 169
433 205
433 213
433 220
433 259
433 399
434 380
434 431
434 436
434 448
434 458
434 463
434 464
434 468
434 471
434 489
435 5
435 120
435 200
435 287
435 354
435 370
435 372
435 375
435 392
435 426
436 307
436 380
436 431
436 434
436 448
436 458
436 463
436 464
436 468
436 471
437 145
437 284
437 294
437 382
437 406
437 421
437 423
437 443
437 450
437 453
438 38
438 309
438 321
438 429
438 432
438 439
438 446
438 447
438 462
438 466
438 481
439 145
439 223
439 357
439 428
439 432
439 438
439 446
439 447
439 462
439 466
439 480
440 306
440 408
440 417
440 425
440 428
440 445
440 446
440 451
440 452
440 471
440 472
441 63
441 133
441 222
441 331
441 395
441 397
441 409
441 412
441 413
441 424
441 427
442 182
442 190
442 221
442 235
442 318
442 386
442 404
442 411
442 419
442 432
442 484
443 74
443 222
443 356
443 382
443 398
443 410
443 415
443 421
443 437
443 453
443 462
444 122
444 293
444 319
444 334
444 340
444 357
444 371
444 373
444 392
444 448
444 494
445 144
445 277
445 402
445 417
445 425
445 428
445 440
445 451
445 452
445 456
445 472
446 215
446 414
446 420
446 428
446 432
446 438
446 439
446 440
446 447
446 462
446 466
447 182
447 208
447 397
447 428
447 432
447 438
447 439
447 446
447 462
447 466
447 494
448 167
448 380
448 431
448 434
448 436
448 444
448 458
448 463
448 464
448 471
448 493
449 4
449 66
449 262
449 396
449 402
449 403
449 407
449 418
449 425
449 452
449 456
449 463
450 14
450 105
450 316
450 340
450 376
450 377
450 382
450 406
450 415
450 423
450 437
450 453
450 461
451 175
451 287
451 313
451 402
451 417
451 425
451 428
451 440
451 445
451 452
451 472
451 494
452 204
452 305
452 314
452 368
452 402
452 417
452 425
452 440
452 445
452 449
452 451
452 472
453 12
453 104
453 106
453 153
453 382
453 406
453 421
453 437
453 443
453 450
453 478
453 497
454 461
454 469
454 470
454 473
454 475
454 483
454 485
454 488
454 489
454 492
454 493
454 499
455 302
455 358
455 465
455 467
455 474
455 476
455 477
455 478
455 479
455 480
455 482
455 498
456 299
456 384
456 391
456 396
456 402
456 403
456 407
456 418
456 430
456 445
456 449
456 461
457 127
457 337
457 353
457 355
457 366
457 370
457 387
457 395
457 424
457 426
457 479
457 496
458 46
458 108
458 430
458 431
458 434
458 436
458 448
458 464
458 468
458 471
458 478
458 480
459 6
459 101
459 143
459 178
459 283
459 360
459 385
459 388
459 410
459 414
459 415
459 500
460 85
460 169
460 192
460 282
460 351
460 374
460 409
460 412
460 416
460 427
460 462
460 478
461 380
461 384
461 391
461 403
461 407
461 418
461 424
461 430
461 450
461 454
461 456
461 463
461 468
462 9
462 245
462 378
462 417
462 428
462 432
462 438
462 439
462 443
462 446
462 447
462 460
462 486
463 13
463 218
463 367
463 396
463 431
463 434
463 436
463 448
463 449
463 461
463 464
463 468
463 471
464 268
464 380
464 392
464 422
464 431
464 434
464 436
464 448
464 458
464 463
464 468
464 471
464 474
465 293
465 324
465 455
465 467
465 470
465 474
465 477
465 478
465 479
465 480
465 482
465 485
465 498
466 163
466 295
466 309
466 352
466 386
466 387
466 429
466 432
466 438
466 439
466 446
466 447
466 486
467 82
467 181
467 239
467 455
467 465
467 470
467 476
467 477
467 478
467 479
467 482
467 486
467 498
468 271
468 329
468 380
468 431
468 434
468 436
468 458
468 461
468 463
468 464
468 469
468 471
468 491
469 164
469 198
469 454
469 468
469 470
469 473
469 475
469 483
469 485
469 486
469 488
469 489
469 492
469 499
470 148
470 454
470 465
470 467
470 469
470 472
470 473
470 475
470 476
470 483
470 485
470 486
470 488
470 489
471 380
471 409
471 411
471 431
471 434
471 436
471 440
471 448
471 458
471 463
471 464
471 468
471 472
471 480
472 26
472 61
472 90
472 202
472 240
472 402
472 417
472 425
472 440
472 445
472 451
472 452
472 470
472 471
473 87
473 206
473 420
473 454
473 469
473 470
473 475
473 483
473 485
473 486
473 488
473 489
473 492
473 499
474 245
474 256
474 359
474 455
474 464
474 465
474 476
474 477
474 478
474 479
474 480
474 482
474 486
474 498
475 69
475 276
475 368
475 454
475 469
475 470
475 473
475 483
475 485
475 486
475 488
475 489
475 492
475 497
475 499
476 122
476 155
476 172
476 186
476 455
476 467
476 470
476 474
476 477
476 478
476 479
476 482
476 483
476 485
476 486
477 43
477 106
477 291
477 413
477 424
477 455
477 465
477 467
477 474
477 476
477 478
477 479
477 480
477 482
477 498
478 14
478 342
478 378
478 453
478 455
478 458
478 460
478 465
478 467
478 474
478 476
478 477
478 479
478 480
478 482
478 498
479 291
479 303
479 367
479 406
479 415
479 455
479 457
479 465
479 467
479 474
479 476
479 477
479 478
479 480
479 482
479 498
480 114
480 176
480 206
480 322
480 343
480 439
480 455
480 458
480 465
480 471
480 474
480 477
480 478
480 479
480 482
480 498
481 296
481 393
481 438
481 487
481 490
481 491
481 493
481 494
481 495
481 496
481 497
481 500
482 138
482 211
482 326
482 330
482 355
482 385
482 455
482 465
482 467
482 474
482 476
482 477
482 478
482 479
482 480
482 498
483 12
483 69
483 107
483 127
483 429
483 454
483 469
483 470
483 473
483 475
483 476
483 485
483 486
483 488
483 489
483 492
484 85
484 135
484 141
484 196
484 212
484 269
484 321
484 386
484 398
484 404
484 411
484 419
484 420
484 423
484 442
484 500
485 110
485 221
485 271
485 326
485 344
485 454
485 465
485 469
485 470
485 473
485 475
485 476
485 483
485 486
485 488
485 489
485 492
486 211
486 330
486 338
486 420
486 462
486 466
486 467
486 469
486 470
486 473
486 474
486 475
486 476
486 483
486 485
486 488
486 489
487 310
487 358
487 387
487 481
487 490
487 491
487 493
487 494
487 495
487 496
487 497
487 499
487 500
488 27
488 212
488 237
488 315
488 340
488 390
488 454
488 469
488 470
488 473
488 475
488 483
488 485
488 486
488 489
488 492
488 499
489 31
489 83
489 237
489 338
489 425
489 434
489 454
489 469
489 470
489 473
489 475
489 483
489 485
489 486
489 488
489 492
489 499
490 229
490 305
490 348
490 368
490 420
490 481
490 487
490 491
490 493
490 494
490 495
490 496
490 497
490 500
491 71
491 164
491 237
491 282
491 468
491 481
491 487
491 490
491 493
491 494
491 495
491 496
491 497
491 500
492 118
492 149
492 230
492 265
492 346
492 391
492 454
492 469
492 473
492 475
492 483
492 485
492 488
492 489
492 493
492 494
492 497
492 499
493 355
493 412
493 426
493 448
493 454
493 481
493 487
493 490
493 491
493 492
493 494
493 495
493 496
493 497
493 499
493 500
494 219
494 235
494 288
494 444
494 447
494 451
494 481
494 487
494 490
494 491
494 492
494 493
494 495
494 496
494 497
494 499
494 500
495 5
495 150
495 255
495 300
495 331
495 383
495 388
495 481
495 487
495 490
495 491
495 493
495 494
495 496
495 497
495 499
495 500
496 99
496 224
496 386
496 423
496 457
496 481
496 487
496 490
496 491
496 493
496 494
496 495
496 497
496 498
496 500
497 86
497 147
497 218
497 305
497 350
497 453
497 475
497 481
497 487
497 490
497 491
497 492
497 493
497 494
497 495
497 496
497 499
497 500
498 107
498 158
498 171
498 179
498 202
498 215
498 338
498 343
498 353
498 423
498 455
498 465
498 467
498 474
498 477
498 478
498 479
498 480
498 482
498 496
499 69
499 116
499 118
499 185
499 328
499 350
499 366
499 391
499 454
499 469
499 473
499 475
499 487
499 488
499 489
499 492
499 493
499 494
499 495
499 497
500 251
500 459
500 481
500 484
500 487
500 490
500 491
500 493
500 494
500 495
500 496
500 497
