1 138
1 143
1 189
1 217
1 264
2 108
2 264
2 297
2 467
2 470
3 4
3 5
3 30
3 56
3 264
4 3
4 5
4 28
4 108
4 134
5 3
5 4
5 7
5 109
5 214
6 53
6 54
6 56
6 184
6 471
7 5
7 8
7 429
7 484
7 489
8 7
8 9
8 42
8 98
8 230
9 8
9 230
9 297
9 327
9 442
10 16
10 17
10 230
10 327
10 442
11 12
11 13
11 14
11 18
11 43
12 11
12 18
12 351
12 472
12 478
13 11
13 14
13 18
13 304
13 465
14 11
14 13
14 18
14 221
14 283
15 77
15 271
15 356
15 439
15 463
16 10
16 21
16 118
16 294
16 482
17 10
17 21
17 230
17 392
17 436
18 11
18 12
18 13
18 14
18 20
19 20
19 26
19 430
19 435
19 498
20 18
20 19
20 26
20 29
20 463
21 16
21 17
21 24
21 353
21 444
22 45
22 49
22 50
22 53
22 492
23 27
23 307
23 331
23 358
23 382
24 21
24 28
24 469
24 489
24 495
25 303
25 453
25 457
25 458
25 497
26 19
26 20
26 29
26 46
26 348
27 23
27 51
27 331
27 386
27 427
28 4
28 24
28 89
28 303
28 448
29 20
29 26
29 37
29 263
29 418
30 3
30 32
30 56
30 303
30 495
31 37
31 96
31 365
31 393
31 412
32 30
32 34
32 151
32 453
32 497
33 60
33 166
33 391
33 439
33 440
34 32
34 151
34 176
34 278
34 362
35 36
35 38
35 176
35 300
35 498
36 35
36 38
36 123
36 179
36 395
37 29
37 31
37 309
37 365
37 412
38 35
38 36
38 41
38 272
38 471
39 78
39 282
39 350
39 365
39 405
40 47
40 48
40 67
40 350
40 405
41 38
41 60
41 366
41 431
41 480
42 8
42 49
42 131
42 363
42 487
43 11
43 171
43 218
43 307
43 443
44 107
44 112
44 124
44 425
44 484
45 22
45 49
45 50
45 170
45 474
46 26
46 57
46 213
46 327
46 380
47 40
47 48
47 52
47 405
47 444
48 40
48 47
48 52
48 350
48 460
49 22
49 42
49 45
49 175
49 246
50 22
50 45
50 251
50 308
50 367
51 27
51 299
51 371
51 380
51 476
52 47
52 48
52 55
52 456
52 482
53 6
53 22
53 91
53 195
53 375
54 6
54 59
54 65
54 119
54 328
55 52
55 58
55 315
55 435
55 500
56 3
56 6
56 30
56 59
56 445
57 46
57 111
57 327
57 329
57 380
58 55
58 74
58 315
58 451
58 497
59 54
59 56
59 79
59 202
59 214
60 33
60 41
60 167
60 350
60 366
61 146
61 328
61 375
61 427
61 476
62 63
62 65
62 87
62 214
62 499
63 62
63 65
63 173
63 214
63 435
64 66
64 72
64 190
64 302
64 322
65 54
65 62
65 63
65 147
65 455
66 64
66 72
66 300
66 488
66 490
67 40
67 154
67 161
67 255
67 424
68 71
68 74
68 169
68 349
68 370
69 70
69 75
69 77
69 117
69 432
70 69
70 75
70 77
70 339
70 452
71 68
71 74
71 148
71 315
71 349
72 64
72 66
72 174
72 213
72 319
73 78
73 79
73 80
73 110
73 499
74 58
74 68
74 71
74 136
74 349
75 69
75 70
75 77
75 205
75 306
76 90
76 94
76 384
76 398
76 412
77 15
77 69
77 70
77 75
77 312
78 39
78 73
78 79
78 403
78 454
79 59
79 73
79 78
79 80
79 137
80 73
80 79
80 82
80 429
80 466
81 82
81 84
81 268
81 372
81 446
82 80
82 81
82 84
82 123
82 238
83 143
83 215
83 217
83 361
83 416
84 81
84 82
84 85
84 208
84 474
85 84
85 104
85 156
85 273
85 284
86 132
86 267
86 270
86 341
86 405
87 62
87 88
87 104
87 273
87 499
88 87
88 89
88 91
88 115
88 319
89 28
89 88
89 91
89 104
89 114
90 76
90 93
90 94
90 384
90 438
91 53
91 88
91 89
91 95
91 139
92 100
92 103
92 175
92 199
92 488
93 90
93 94
93 102
93 106
93 384
94 76
94 90
94 93
94 102
94 349
95 91
95 97
95 98
95 192
95 428
96 31
96 99
96 102
96 332
96 483
97 95
97 98
97 138
97 342
97 379
98 8
98 95
98 97
98 131
98 175
99 96
99 102
99 332
99 436
99 500
100 92
100 175
100 196
100 266
100 494
101 103
101 148
101 175
101 257
101 432
102 93
102 94
102 96
102 99
102 332
103 92
103 101
103 148
103 326
103 465
104 85
104 87
104 89
104 105
104 273
105 104
105 161
105 223
105 287
105 386
106 93
106 179
106 300
106 319
106 342
107 44
107 112
107 124
107 281
107 316
108 2
108 4
108 264
108 470
108 478
109 5
109 110
109 111
109 148
109 387
110 73
110 109
110 111
110 148
110 416
111 57
111 109
111 110
111 114
111 461
112 44
112 107
112 124
112 281
112 427
113 157
113 159
113 160
113 255
113 358
114 89
114 111
114 115
114 117
114 249
115 88
115 114
115 117
115 118
115 217
116 158
116 171
116 212
116 216
116 325
117 69
117 114
117 115
117 118
117 432
118 16
118 115
118 117
118 143
118 269
119 54
119 120
119 122
119 147
119 269
120 119
120 122
120 344
120 388
120 492
121 229
121 231
121 232
121 233
121 346
122 119
122 120
122 269
122 495
122 496
123 36
123 82
123 127
123 128
123 452
124 44
124 107
124 112
124 281
124 356
125 153
125 180
125 181
125 186
125 308
126 145
126 147
126 149
126 158
126 215
127 123
127 128
127 284
127 287
127 352
128 123
128 127
128 129
128 447
128 483
129 128
129 130
129 363
129 400
129 481
130 129
130 312
130 389
130 401
130 437
131 42
131 98
131 134
131 136
131 432
132 86
132 133
132 321
132 374
132 474
133 132
133 142
133 231
133 321
133 374
134 4
134 131
134 136
134 137
134 249
135 141
135 237
135 263
135 271
135 314
136 74
136 131
136 134
136 137
136 160
137 79
137 134
137 136
137 164
137 496
138 1
138 97
138 139
138 140
138 439
139 91
139 138
139 140
139 404
139 491
140 138
140 139
140 189
140 287
140 352
141 135
141 237
141 355
141 449
141 450
142 133
142 294
142 321
142 374
142 385
143 1
143 83
143 118
143 207
143 424
144 153
144 168
144 169
144 170
144 294
144 497
145 126
145 147
145 217
145 338
145 468
146 61
146 182
146 328
146 363
146 460
147 65
147 119
147 126
147 145
147 215
148 71
148 101
148 103
148 109
148 110
149 126
149 223
149 274
149 401
149 475
150 152
150 168
150 200
150 223
150 287
151 32
151 34
151 176
151 183
151 303
152 150
152 287
152 382
152 446
152 473
153 125
153 144
153 294
153 321
153 374
154 67
154 161
154 192
154 287
154 428
155 156
155 161
155 164
155 165
155 255
156 85
156 155
156 255
156 283
156 331
157 113
157 159
157 422
157 431
157 463
158 116
158 126
158 216
158 322
158 485
159 113
159 157
159 194
159 472
159 492
160 113
160 136
160 162
160 164
160 218
161 67
161 105
161 154
161 155
161 357
162 160
162 164
162 172
162 224
162 480
163 278
163 286
163 377
163 492
163 500
164 137
164 155
164 160
164 162
164 278
165 155
165 166
165 195
165 260
165 278
166 33
166 165
166 195
166 305
166 474
167 60
167 193
167 196
167 204
167 344
168 144
168 150
168 169
168 170
168 294
169 68
169 144
169 168
169 172
169 294
170 45
170 144
170 168
170 172
170 177
170 252
171 43
171 116
171 209
171 307
171 400
171 433
172 162
172 169
172 170
172 174
172 177
172 224
173 63
173 239
173 375
173 440
173 463
173 491
174 72
174 172
174 177
174 180
174 181
174 213
175 49
175 92
175 98
175 100
175 101
175 190
176 34
176 35
176 151
176 230
176 379
176 472
177 170
177 172
177 174
177 180
177 429
177 466
178 185
178 206
178 248
178 401
178 414
178 435
179 36
179 106
179 198
179 238
179 319
179 342
180 125
180 174
180 177
180 181
180 417
180 489
181 125
181 174
181 180
181 495
181 496
181 499
182 146
182 200
182 253
182 305
182 328
182 498
183 151
183 253
183 274
183 275
183 276
183 500
184 6
184 186
184 308
184 400
184 459
184 488
185 178
185 206
185 236
185 248
185 414
185 426
186 125
186 184
186 215
186 308
186 456
186 484
187 190
187 193
187 308
187 321
187 422
187 428
188 220
188 222
188 225
188 226
188 405
188 462
189 1
189 140
189 217
189 417
189 486
189 489
190 64
190 175
190 187
190 192
190 193
190 483
191 203
191 368
191 381
191 394
191 417
191 468
192 95
192 154
192 190
192 193
192 194
192 486
193 167
193 187
193 190
193 192
193 194
193 408
194 159
194 192
194 193
194 197
194 200
194 472
195 53
195 165
195 166
195 233
195 379
195 499
196 100
196 167
196 204
196 239
196 266
196 475
197 194
197 200
197 201
197 202
197 339
197 452
198 179
198 199
198 284
198 312
198 405
198 462
199 92
199 198
199 207
199 284
199 312
199 478
200 150
200 182
200 194
200 197
200 201
200 202
201 197
201 200
201 202
201 203
201 399
201 427
202 59
202 197
202 200
202 201
202 203
202 402
203 191
203 201
203 202
203 208
203 209
203 477
204 167
204 196
204 239
204 292
204 354
204 371
205 75
205 208
205 209
205 306
205 322
205 365
206 178
206 185
206 236
206 248
206 414
206 482
207 143
207 199
207 275
207 284
207 382
207 386
208 84
208 203
208 205
208 209
208 322
208 476
209 171
209 203
209 205
209 208
209 322
209 400
210 346
210 361
210 365
210 404
210 416
210 492
211 212
211 311
211 415
211 434
211 463
211 500
212 116
212 211
212 216
212 260
212 302
212 322
213 46
213 72
213 174
213 324
213 327
213 475
214 5
214 59
214 62
214 63
214 387
214 451
215 83
215 126
215 147
215 186
215 223
215 456
216 116
216 158
216 212
216 307
216 355
216 498
217 1
217 83
217 115
217 145
217 189
217 388
218 43
218 160
218 220
218 222
218 307
218 430
219 256
219 309
219 323
219 324
219 399
219 427
220 188
220 218
220 222
220 307
220 332
220 499
221 14
221 317
221 320
221 325
221 330
221 334
222 188
222 218
222 220
222 225
222 399
222 427
223 105
223 149
223 150
223 215
223 326
223 465
224 162
224 172
224 225
224 226
224 228
224 431
225 188
225 222
225 224
225 269
225 431
225 456
226 188
226 224
226 228
226 431
226 484
226 489
227 258
227 362
227 417
227 425
227 430
227 452
228 224
228 226
228 233
228 288
228 431
228 496
229 121
229 231
229 232
229 234
229 354
229 423
230 8
230 9
230 10
230 17
230 176
230 379
231 121
231 133
231 229
231 232
231 234
231 361
232 121
232 229
232 231
232 234
232 414
232 477
233 121
233 195
233 228
233 234
233 413
233 431
234 229
234 231
234 232
234 233
234 237
234 450
235 238
235 240
235 371
235 387
235 412
235 423
236 185
236 206
236 245
236 248
236 257
236 442
237 135
237 141
237 234
237 263
237 421
237 494
238 82
238 179
238 235
238 240
238 378
238 387
239 173
239 196
239 204
239 448
239 459
239 471
240 235
240 238
240 387
240 392
240 407
240 428
241 242
241 345
241 383
241 426
241 466
241 500
242 241
242 243
242 244
242 376
242 452
242 460
243 242
243 244
243 376
243 422
243 431
243 480
244 242
244 243
244 245
244 250
244 376
244 394
245 236
245 244
245 246
245 247
245 296
245 387
246 49
246 245
246 291
246 296
246 354
246 376
247 245
247 249
247 256
247 296
247 316
247 491
248 178
248 185
248 206
248 236
248 257
248 438
249 114
249 134
249 247
249 250
249 296
249 316
250 244
250 249
250 251
250 316
250 394
250 464
251 50
251 250
251 252
251 253
251 263
251 316
252 170
252 251
252 253
252 260
252 313
252 457
253 182
253 183
253 251
253 252
253 260
253 313
254 264
254 285
254 297
254 363
254 375
254 483
255 67
255 113
255 155
255 156
255 363
255 382
256 219
256 247
256 280
256 301
256 309
256 426
257 101
257 236
257 248
257 285
257 288
257 475
258 227
258 259
258 260
258 313
258 333
258 499
259 258
259 277
259 333
259 360
259 403
259 481
260 165
260 212
260 252
260 253
260 258
260 313
261 262
261 265
261 266
261 318
261 434
261 491
262 261
262 265
262 266
262 333
262 374
262 443
263 29
263 135
263 237
263 251
263 271
263 308
264 1
264 2
264 3
264 108
264 254
264 413
265 261
265 262
265 266
265 315
265 318
265 463
266 100
266 196
266 261
266 262
266 265
266 270
267 86
267 270
267 272
267 402
267 453
267 497
268 81
268 300
268 302
268 305
268 452
268 473
269 118
269 119
269 122
269 225
269 463
269 475
270 86
270 266
270 267
270 272
271 15
271 135
271 263
271 309
271 393
271 419
272 38
272 267
272 270
272 274
272 487
272 499
273 85
273 87
273 104
273 413
273 421
273 479
274 149
274 183
274 272
274 275
274 276
274 323
275 183
275 207
275 274
275 276
275 279
275 493
276 183
276 274
276 275
276 279
276 315
276 463
277 259
277 280
277 293
277 301
277 380
277 486
278 34
278 163
278 164
278 165
278 395
278 431
279 275
279 276
279 292
279 473
279 484
279 489
280 256
280 277
280 293
280 310
280 403
280 424
281 107
281 112
281 124
281 332
281 396
281 464
281 482
282 39
282 291
282 347
282 350
282 405
282 412
282 437
283 14
283 156
283 304
283 391
283 425
283 435
283 497
284 85
284 127
284 198
284 199
284 207
284 312
284 425
285 254
285 257
285 288
285 290
285 291
285 414
285 491
286 163
286 289
286 341
286 354
286 377
286 383
286 390
287 105
287 127
287 140
287 150
287 152
287 154
287 377
288 228
288 257
288 285
288 290
288 291
288 298
288 331
289 286
289 320
289 354
289 378
289 383
289 390
289 493
290 285
290 288
290 291
290 298
290 306
290 422
290 431
291 246
291 282
291 285
291 288
291 290
291 298
291 306
292 204
292 279
292 293
292 310
292 367
292 371
292 423
293 277
293 280
293 292
293 310
293 373
293 398
293 455
294 16
294 142
294 144
294 153
294 168
294 169
294 424
295 311
295 370
295 385
295 393
295 400
295 437
295 487
296 245
296 246
296 247
296 249
296 316
296 330
296 453
297 2
297 9
297 254
297 305
297 326
297 331
297 486
298 288
298 290
298 291
298 306
298 314
298 335
298 413
299 51
299 336
299 355
299 358
299 386
299 488
299 500
300 35
300 66
300 106
300 268
300 302
300 342
300 498
301 256
301 277
301 309
301 421
301 439
301 451
301 481
302 64
302 212
302 268
302 300
302 317
302 319
302 342
303 25
303 28
303 30
303 151
303 341
303 473
303 493
304 13
304 283
304 351
304 435
304 437
304 477
304 478
305 166
305 182
305 268
305 297
305 438
305 470
305 476
306 75
306 205
306 290
306 291
306 298
306 314
306 317
307 23
307 43
307 171
307 216
307 218
307 220
307 364
308 50
308 125
308 184
308 186
308 187
308 263
308 464
309 37
309 219
309 256
309 271
309 301
309 323
309 445
310 280
310 292
310 293
310 406
310 476
310 480
310 481
311 211
311 295
311 370
311 400
311 437
311 463
311 481
312 77
312 130
312 198
312 199
312 284
312 404
312 451
313 252
313 253
313 258
313 260
313 333
313 375
313 438
314 135
314 298
314 306
314 317
314 320
314 325
314 364
315 55
315 58
315 71
315 265
315 276
315 443
315 495
316 107
316 247
316 249
316 250
316 251
316 296
316 487
317 221
317 302
317 306
317 314
317 320
317 325
317 333
318 261
318 265
318 333
318 343
318 420
318 449
318 498
319 72
319 88
319 106
319 179
319 302
319 408
319 470
320 221
320 289
320 314
320 317
320 325
320 330
320 493
321 132
321 133
321 142
321 153
321 187
321 374
321 428
322 64
322 158
322 205
322 208
322 209
322 212
322 359
323 219
323 274
323 309
323 324
323 346
323 389
323 472
324 213
324 219
324 323
324 328
324 362
324 432
324 438
325 116
325 221
325 314
325 317
325 320
325 330
325 408
326 103
326 223
326 297
326 350
326 363
326 375
326 469
327 9
327 10
327 46
327 57
327 213
327 449
327 500
328 54
328 61
328 146
328 182
328 324
328 395
328 467
329 57
329 371
329 380
329 411
329 477
329 488
329 490
330 221
330 296
330 320
330 325
330 334
330 335
331 23
331 27
331 156
331 288
331 297
331 382
331 386
332 96
332 99
332 102
332 220
332 281
332 349
332 499
333 258
333 259
333 262
333 313
333 317
333 318
333 402
334 221
334 330
334 335
334 397
334 409
334 458
334 468
335 298
335 330
335 334
335 409
335 421
335 466
335 470
336 299
336 355
336 371
336 384
336 387
336 412
336 414
337 339
337 347
337 359
337 360
337 410
337 461
337 479
337 488
338 145
338 340
338 343
338 344
338 397
338 409
338 468
338 470
339 70
339 197
339 337
339 347
339 359
339 360
339 461
339 488
340 338
340 343
340 344
340 390
340 409
340 454
340 470
340 494
341 86
341 286
341 303
341 354
341 367
341 390
341 418
341 473
342 97
342 106
342 179
342 300
342 302
342 376
342 386
342 500
343 318
343 338
343 340
343 344
343 353
343 356
343 370
343 372
344 120
344 167
344 338
344 340
344 343
344 353
344 356
344 388
345 241
345 398
345 399
345 424
345 429
345 431
345 438
345 439
346 121
346 210
346 323
346 348
346 391
346 404
346 421
346 463
347 282
347 337
347 339
347 359
347 360
347 461
347 488
347 492
348 26
348 346
348 351
348 391
348 404
348 430
348 443
348 463
349 68
349 71
349 74
349 94
349 332
349 384
349 444
349 478
350 39
350 40
350 48
350 60
350 282
350 326
350 405
350 465
351 12
351 304
351 348
351 391
351 435
351 442
351 449
351 463
352 127
352 140
352 401
352 411
352 414
352 416
352 422
352 443
353 21
353 343
353 344
353 356
353 409
353 470
354 204
354 229
354 246
354 286
354 289
354 341
354 390
354 418
355 141
355 216
355 299
355 336
355 358
355 379
355 462
355 498
356 15
356 124
356 343
356 344
356 353
356 362
356 409
356 481
357 161
357 406
357 407
357 408
357 456
357 477
357 486
357 497
358 23
358 113
358 299
358 355
358 379
358 437
358 450
358 494
359 322
359 337
359 339
359 347
359 360
359 364
359 369
359 488
360 259
360 337
360 339
360 347
360 359
360 364
360 369
360 380
361 83
361 210
361 231
361 370
361 393
361 404
361 416
361 437
362 34
362 227
362 324
362 356
362 395
362 417
362 425
362 451
363 42
363 129
363 146
363 254
363 255
363 326
363 375
363 382
364 307
364 314
364 359
364 360
364 369
364 373
364 385
364 420
365 31
365 37
365 39
365 205
365 210
365 412
365 459
365 475
366 41
366 60
366 368
366 425
366 430
366 452
366 475
366 498
367 50
367 292
367 341
367 395
367 418
367 421
367 427
367 499
368 191
368 366
368 377
368 381
368 430
368 464
368 482
369 359
369 360
369 364
369 373
369 385
369 420
369 453
369 497
370 68
370 295
370 311
370 343
370 361
370 420
370 432
370 482
371 51
371 204
371 235
371 292
371 329
371 336
371 379
371 380
372 81
372 343
372 377
372 381
372 394
372 395
372 420
372 421
373 293
373 364
373 369
373 383
373 385
373 388
373 420
373 461
374 132
374 133
374 142
374 153
374 262
374 321
374 430
374 443
375 53
375 61
375 173
375 254
375 313
375 326
375 363
375 438
376 242
376 243
376 244
376 246
376 342
376 386
376 387
376 500
377 163
377 286
377 287
377 368
377 372
377 381
377 394
377 430
378 238
378 289
378 383
378 389
378 413
378 417
378 481
378 484
379 97
379 176
379 195
379 230
379 355
379 358
379 371
379 491
380 46
380 51
380 57
380 277
380 329
380 360
380 371
380 445
381 191
381 368
381 372
381 377
381 394
381 396
381 433
381 461
382 23
382 152
382 207
382 255
382 331
382 363
382 386
382 400
383 241
383 286
383 289
383 373
383 378
383 390
383 455
383 493
384 76
384 90
384 93
384 336
384 349
384 397
384 412
384 477
385 142
385 295
385 364
385 369
385 373
385 388
385 398
385 420
385 448
386 27
386 105
386 207
386 299
386 331
386 342
386 376
386 382
386 500
387 109
387 214
387 235
387 238
387 240
387 245
387 336
387 376
387 419
388 120
388 217
388 344
388 373
388 385
388 398
388 399
388 420
388 439
389 130
389 323
389 378
389 392
389 397
389 413
389 425
389 472
389 481
390 286
390 289
390 340
390 341
390 354
390 383
390 454
390 466
390 494
391 33
391 283
391 346
391 348
391 351
391 404
391 451
391 463
391 481
392 17
392 240
392 389
392 393
392 396
392 397
392 432
392 436
392 481
393 31
393 271
393 295
393 361
393 392
393 400
393 419
393 437
393 445
394 191
394 244
394 250
394 372
394 377
394 381
394 427
394 455
394 483
395 36
395 278
395 328
395 362
395 367
395 372
395 418
395 421
395 427
396 281
396 381
396 392
396 397
396 413
396 415
396 432
396 458
396 485
397 334
397 338
397 384
397 389
397 392
397 396
397 413
397 432
397 468
398 76
398 293
398 345
398 385
398 388
398 399
398 420
398 439
398 455
399 201
399 219
399 222
399 345
399 388
399 398
399 424
399 429
399 439
400 129
400 171
400 184
400 209
400 295
400 311
400 382
400 393
400 432
400 437
401 130
401 149
401 178
401 352
401 411
401 422
401 443
401 472
401 481
401 498
402 202
402 267
402 333
402 403
402 419
402 424
402 428
402 429
402 438
402 480
403 78
403 259
403 280
403 402
403 419
403 424
403 428
403 434
403 438
403 480
404 139
404 210
404 312
404 346
404 348
404 361
404 391
404 409
404 463
404 479
405 39
405 40
405 47
405 86
405 188
405 198
405 282
405 350
405 462
405 498
406 310
406 357
406 407
406 408
406 456
406 457
406 467
406 474
406 477
406 497
407 240
407 357
407 406
407 408
407 410
407 423
407 436
407 446
407 456
407 477
408 193
408 319
408 325
408 357
408 406
408 407
408 410
408 423
408 448
408 456
409 334
409 335
409 338
409 340
409 353
409 356
409 404
409 410
409 470
409 486
410 337
410 407
410 408
410 409
410 423
410 426
410 448
410 449
410 456
410 479
411 329
411 352
411 401
411 412
411 415
411 416
411 422
411 443
411 488
411 490
412 31
412 37
412 76
412 235
412 282
412 336
412 365
412 384
412 411
412 437
413 233
413 264
413 273
413 298
413 378
413 389
413 396
413 397
413 432
413 481
414 178
414 185
414 206
414 232
414 285
414 336
414 352
414 437
414 469
414 498
415 211
415 396
415 411
415 416
415 422
415 428
415 434
415 458
415 480
415 499
416 83
416 110
416 210
416 352
416 361
416 411
416 415
416 422
416 434
416 443
417 180
417 189
417 191
417 227
417 362
417 378
417 425
417 451
417 489
417 495
418 29
418 341
418 354
418 367
418 395
418 421
418 427
418 492
418 495
418 496
419 271
419 387
419 393
419 402
419 403
419 428
419 434
419 445
419 478
419 480
420 318
420 364
420 369
420 370
420 372
420 373
420 385
420 388
420 398
420 471
421 237
421 273
421 301
421 335
421 346
421 367
421 372
421 395
421 418
421 427
422 157
422 187
422 243
422 290
422 352
422 401
422 411
422 415
422 416
422 426
422 443
423 229
423 235
423 292
423 407
423 408
423 410
423 425
423 426
423 448
423 449
423 456
424 67
424 143
424 280
424 294
424 345
424 399
424 402
424 403
424 429
424 438
424 439
425 44
425 227
425 283
425 284
425 362
425 366
425 389
425 417
425 423
425 430
425 452
426 185
426 241
426 256
426 410
426 422
426 423
426 433
426 436
426 448
426 449
426 483
427 27
427 61
427 112
427 201
427 219
427 222
427 367
427 394
427 395
427 418
427 421
428 95
428 154
428 187
428 240
428 321
428 402
428 403
428 415
428 419
428 434
428 480
429 7
429 80
429 177
429 345
429 399
429 402
429 424
429 439
429 441
429 466
429 471
430 19
430 218
430 227
430 348
430 366
430 368
430 374
430 377
430 425
430 443
430 452
431 41
431 157
431 224
431 225
431 226
431 228
431 233
431 243
431 278
431 290
431 345
432 69
432 101
432 117
432 131
432 324
432 370
432 392
432 396
432 397
432 400
432 413
433 171
433 381
433 426
433 436
433 448
433 449
433 450
433 453
433 461
433 480
433 483
434 211
434 261
434 403
434 415
434 416
434 419
434 428
434 435
434 447
434 480
434 483
435 19
435 55
435 63
435 178
435 283
435 304
435 351
435 434
435 447
435 479
435 493
436 17
436 99
436 392
436 407
436 426
436 433
436 446
436 449
436 450
436 453
436 466
436 483
437 130
437 282
437 295
437 304
437 311
437 358
437 361
437 393
437 400
437 412
437 414
437 477
438 90
438 248
438 305
438 313
438 324
438 345
438 375
438 402
438 403
438 424
438 439
438 480
439 15
439 33
439 138
439 301
439 345
439 388
439 398
439 399
439 424
439 429
439 438
439 481
440 33
440 173
440 441
440 444
440 446
440 447
440 454
440 457
440 464
440 479
440 483
440 485
441 429
441 440
441 444
441 446
441 447
441 465
441 466
441 479
441 485
441 493
442 9
442 10
442 236
442 351
442 445
442 449
442 455
442 458
442 469
442 471
442 475
442 492
443 43
443 262
443 315
443 348
443 352
443 374
443 401
443 411
443 416
443 422
443 430
443 493
444 21
444 47
444 349
444 440
444 441
444 446
444 447
444 465
444 478
444 479
444 485
444 495
445 56
445 309
445 380
445 393
445 419
445 442
445 450
445 455
445 458
445 466
445 469
445 475
446 81
446 152
446 407
446 436
446 440
446 441
446 444
446 447
446 465
446 479
446 485
446 495
447 128
447 434
447 435
447 440
447 441
447 444
447 446
447 464
447 465
447 479
447 485
447 493
448 28
448 239
448 385
448 408
448 410
448 423
448 426
448 433
448 449
448 456
448 459
448 471
449 141
449 318
449 327
449 351
449 410
449 423
449 426
449 433
449 436
449 442
449 448
449 483
450 141
450 234
450 358
450 433
450 436
450 445
450 453
450 454
450 455
450 466
450 483
450 494
451 58
451 214
451 301
451 312
451 362
451 391
451 417
451 452
451 453
451 465
451 474
451 481
452 70
452 123
452 197
452 227
452 242
452 268
452 366
452 425
452 430
452 451
452 460
452 497
453 25
453 32
453 267
453 296
453 369
453 433
453 436
453 450
453 451
453 455
453 466
453 483
453 486
454 78
454 340
454 390
454 440
454 450
454 457
454 459
454 464
454 472
454 479
454 482
454 494
454 500
455 65
455 293
455 383
455 394
455 398
455 442
455 445
455 450
455 453
455 458
455 466
455 471
455 475
456 52
456 186
456 215
456 225
456 357
456 406
456 407
456 408
456 410
456 423
456 448
456 475
456 477
457 25
457 252
457 406
457 440
457 454
457 459
457 464
457 472
457 474
457 476
457 479
457 482
457 500
458 25
458 334
458 396
458 415
458 442
458 445
458 455
458 461
458 466
458 471
458 475
458 480
458 492
459 184
459 239
459 365
459 448
459 454
459 457
459 464
459 472
459 474
459 482
459 484
459 487
459 500
460 48
460 146
460 242
460 452
460 462
460 468
460 473
460 476
460 489
460 493
460 494
460 495
460 496
461 111
461 337
461 339
461 347
461 373
461 381
461 433
461 458
461 469
461 471
461 480
461 488
461 492
462 188
462 198
462 355
462 405
462 460
462 476
462 490
462 494
462 496
463 15
463 20
463 157
463 173
463 211
463 265
463 269
463 276
463 311
463 346
463 348
463 351
463 391
463 404
464 250
464 281
464 308
464 368
464 440
464 447
464 454
464 457
464 459
464 472
464 479
464 482
464 500
465 13
465 103
465 223
465 350
465 441
465 444
465 446
465 447
465 451
465 468
465 473
465 485
465 493
465 495
466 80
466 177
466 241
466 335
466 390
466 429
466 436
466 441
466 445
466 450
466 453
466 455
466 458
466 483
467 2
467 328
467 406
467 470
467 477
467 478
467 486
467 487
467 491
467 492
467 496
467 497
467 498
467 499
468 145
468 191
468 334
468 338
468 397
468 460
468 465
468 473
468 476
468 485
468 489
468 493
468 495
468 496
469 24
469 326
469 414
469 442
469 445
469 461
469 470
469 471
469 475
469 485
469 488
469 492
469 496
469 497
470 2
470 108
470 305
470 319
470 335
470 338
470 340
470 353
470 409
470 467
470 469
470 485
470 488
470 492
471 6
471 38
471 239
471 420
471 429
471 442
471 448
471 455
471 458
471 461
471 469
471 475
471 487
471 492
472 12
472 159
472 176
472 194
472 323
472 389
472 401
472 454
472 457
472 459
472 464
472 474
472 482
472 484
472 500
473 152
473 268
473 279
473 303
473 341
473 460
473 465
473 468
473 476
473 485
473 489
473 493
473 494
473 495
473 496
474 45
474 84
474 132
474 166
474 406
474 451
474 457
474 459
474 472
474 482
474 484
474 487
474 498
474 499
474 500
475 149
475 196
475 213
475 257
475 269
475 365
475 366
475 442
475 445
475 455
475 456
475 458
475 469
475 471
475 492
476 51
476 61
476 208
476 305
476 310
476 457
476 460
476 462
476 468
476 473
476 489
476 493
476 494
476 495
476 496
477 203
477 232
477 304
477 329
477 357
477 384
477 406
477 407
477 437
477 456
477 467
477 478
477 486
477 491
477 497
478 12
478 108
478 199
478 304
478 349
478 419
478 444
478 467
478 477
478 486
478 487
478 491
478 497
478 498
478 499
479 273
479 337
479 404
479 410
479 435
479 440
479 441
479 444
479 446
479 447
479 454
479 457
479 464
479 486
479 500
480 41
480 162
480 243
480 310
480 402
480 403
480 415
480 419
480 428
480 433
480 434
480 438
480 458
480 461
480 491
481 129
481 259
481 301
481 310
481 311
481 356
481 378
481 389
481 391
481 392
481 401
481 413
481 439
481 451
481 484
482 16
482 52
482 206
482 281
482 368
482 370
482 454
482 457
482 459
482 464
482 472
482 474
482 484
482 498
482 500
483 96
483 128
483 190
483 254
483 394
483 426
483 433
483 434
483 436
483 440
483 449
483 450
483 453
483 466
483 491
484 7
484 44
484 186
484 226
484 279
484 378
484 459
484 472
484 474
484 481
484 482
484 487
484 498
484 499
484 500
485 158
485 396
485 440
485 441
485 444
485 446
485 447
485 465
485 468
485 469
485 470
485 473
485 492
485 493
485 495
486 189
486 192
486 277
486 297
486 357
486 409
486 453
486 467
486 477
486 478
486 479
486 487
486 491
486 497
486 499
487 42
487 272
487 295
487 316
487 459
487 467
487 471
487 474
487 478
487 484
487 486
487 491
487 497
487 498
487 499
488 66
488 92
488 184
488 299
488 329
488 337
488 339
488 347
488 359
488 411
488 461
488 469
488 470
488 490
488 492
488 497
489 7
489 24
489 180
489 189
489 226
489 279
489 417
489 460
489 468
489 473
489 476
489 490
489 493
489 494
489 495
489 496
490 66
490 329
490 411
490 462
490 488
490 489
490 494
490 496
491 139
491 173
491 247
491 261
491 285
491 379
491 467
491 477
491 478
491 480
491 483
491 486
491 487
491 497
491 498
491 499
492 22
492 120
492 159
492 163
492 210
492 347
492 418
492 442
492 458
492 461
492 467
492 469
492 470
492 471
492 475
492 485
492 488
493 275
493 289
493 303
493 320
493 383
493 435
493 441
493 443
493 447
493 460
493 465
493 468
493 473
493 476
493 485
493 489
493 495
494 100
494 237
494 340
494 358
494 390
494 450
494 454
494 460
494 462
494 473
494 476
494 489
494 490
494 496
495 24
495 30
495 122
495 181
495 315
495 417
495 418
495 444
495 446
495 460
495 465
495 468
495 473
495 476
495 485
495 489
495 493
495 496
496 122
496 137
496 181
496 228
496 418
496 460
496 462
496 467
496 468
496 469
496 473
496 476
496 489
496 490
496 494
496 495
497 25
497 32
497 58
497 144
497 267
497 283
497 357
497 369
497 406
497 452
497 467
497 469
497 477
497 478
497 486
497 487
497 488
497 491
498 19
498 35
498 182
498 216
498 300
498 318
498 355
498 366
498 401
498 405
498 414
498 467
498 474
498 478
498 482
498 484
498 487
498 491
498 499
499 62
499 73
499 87
499 181
499 195
499 220
499 258
499 272
499 332
499 367
499 415
499 467
499 474
499 478
499 484
499 486
499 487
499 491
499 498
500 55
500 99
500 163
500 183
500 211
500 241
500 299
500 327
500 342
500 376
500 386
500 454
500 457
500 459
500 464
500 472
500 474
500 479
500 482
500 484
