1 128
1 236
1 332
1 389
1 402
2 15
2 109
2 328
2 356
2 493
3 188
3 376
3 406
3 444
3 465
4 180
4 447
4 458
4 484
4 493
5 132
5 153
5 318
5 464
5 496
6 272
6 350
6 402
6 420
6 500
7 44
7 131
7 257
7 433
7 470
8 61
8 296
8 390
8 442
8 480
9 105
9 233
9 463
9 482
9 493
10 200
10 277
10 313
10 340
10 442
11 109
11 262
11 334
11 349
11 369
12 369
12 371
12 417
12 433
12 469
13 339
13 354
13 359
13 373
13 450
14 111
14 160
14 253
14 473
14 497
15 2
15 27
15 40
15 412
15 461
16 56
16 77
16 435
16 440
16 492
17 73
17 414
17 456
17 457
17 475
18 239
18 285
18 339
18 377
18 432
19 35
19 256
19 425
19 474
19 484
20 144
20 225
20 265
20 367
20 426
21 135
21 317
21 375
21 395
21 488
22 114
22 155
22 280
22 456
22 465
23 70
23 77
23 142
23 338
23 395
24 95
24 121
24 217
24 297
24 500
25 157
25 194
25 207
25 250
25 356
26 74
26 91
26 206
26 412
26 457
27 15
27 214
27 260
27 384
27 500
28 43
28 78
28 162
28 359
28 402
29 86
29 97
29 149
29 179
29 385
30 222
30 421
30 449
30 486
30 496
31 150
31 189
31 221
31 316
31 376
32 81
32 96
32 158
32 286
32 498
33 230
33 271
33 286
33 311
33 500
34 59
34 98
34 408
34 469
34 490
35 19
35 69
35 276
35 391
35 474
36 111
36 299
36 386
36 447
36 492
37 312
37 345
37 357
37 364
37 369
38 102
38 116
38 320
38 463
38 489
39 174
39 187
39 329
39 371
39 441
40 15
40 131
40 248
40 287
40 373
41 344
41 368
41 379
41 423
41 493
42 209
42 259
42 361
42 479
42 480
43 28
43 159
43 161
43 255
43 321
44 7
44 228
44 248
44 270
44 465
45 286
45 306
45 381
45 476
45 493
46 60
46 197
46 390
46 404
46 462
47 61
47 135
47 161
47 379
47 499
48 300
48 355
48 359
48 469
48 489
49 53
49 58
49 407
49 470
49 481
50 99
50 248
50 282
50 387
50 452
51 286
51 365
51 435
51 462
51 494
52 141
52 189
52 408
52 445
52 451
53 49
53 55
53 213
53 376
53 427
54 127
54 162
54 270
54 437
54 496
55 53
55 168
55 177
55 257
55 404
56 16
56 280
56 418
56 452
56 490
57 210
57 335
57 435
57 465
57 478
58 49
58 261
58 364
58 472
58 483
59 34
59 191
59 400
59 475
59 498
60 46
60 130
60 297
60 425
60 499
61 8
61 47
61 430
61 439
61 495
62 94
62 152
62 213
62 376
62 444
63 203
63 356
63 447
63 478
63 479
64 239
64 300
64 343
64 491
64 494
65 129
65 446
65 465
65 467
65 470
66 164
66 224
66 378
66 416
66 464
67 205
67 437
67 454
67 486
67 488
68 119
68 135
68 146
68 158
68 244
69 35
69 116
69 294
69 453
69 478
70 23
70 244
70 392
70 453
70 469
71 75
71 133
71 404
71 441
71 500
72 75
72 119
72 155
72 429
72 447
73 17
73 195
73 454
73 491
73 494
74 26
74 226
74 279
74 358
74 460
75 71
75 72
75 402
75 458
75 494
76 101
76 278
76 441
76 444
76 475
77 16
77 23
77 122
77 169
77 429
78 28
78 165
78 378
78 493
78 495
79 281
79 399
79 436
79 487
79 499
80 83
80 216
80 380
80 417
80 447
81 32
81 146
81 195
81 338
81 418
82 173
82 278
82 418
82 445
82 500
83 80
83 197
83 229
83 351
83 417
84 142
84 249
84 295
84 308
84 487
85 160
85 309
85 427
85 454
85 457
86 29
86 183
86 197
86 357
86 366
87 281
87 351
87 394
87 462
87 465
88 162
88 241
88 393
88 427
88 498
89 117
89 311
89 314
89 411
89 430
90 187
90 295
90 324
90 463
90 491
91 26
91 106
91 246
91 287
91 436
92 263
92 343
92 374
92 449
92 463
93 110
93 263
93 301
93 345
93 433
94 62
94 275
94 382
94 385
94 477
95 24
95 323
95 406
95 448
95 463
96 32
96 131
96 292
96 296
96 480
97 29
97 114
97 348
97 446
97 500
98 34
98 236
98 349
98 432
98 461
99 50
99 166
99 198
99 425
99 446
100 127
100 192
100 409
100 497
100 499
101 76
101 309
101 360
101 477
101 488
102 38
102 177
102 285
102 407
102 454
103 279
103 342
103 432
103 487
103 489
104 115
104 340
104 407
104 458
104 495
105 9
105 189
105 306
105 391
105 413
106 91
106 189
106 199
106 408
106 468
107 333
107 446
107 458
107 483
107 497
108 146
108 365
108 456
108 480
108 485
109 2
109 11
109 167
109 348
109 460
110 93
110 385
110 472
110 473
110 474
111 14
111 36
111 112
111 299
111 415
112 111
112 163
112 338
112 370
112 385
113 332
113 364
113 388
113 411
113 476
114 22
114 97
114 305
114 447
114 464
115 104
115 275
115 405
115 443
115 493
116 38
116 69
116 408
116 420
116 472
117 89
117 151
117 198
117 396
117 422
118 136
118 184
118 330
118 451
118 471
119 68
119 72
119 212
119 386
119 459
120 144
120 197
120 335
120 429
120 433
121 24
121 316
121 473
121 475
121 494
122 77
122 376
122 378
122 396
122 499
123 169
123 389
123 452
123 464
123 498
124 175
124 218
124 396
124 402
124 487
125 139
125 256
125 475
125 487
125 489
126 150
126 287
126 434
126 461
126 471
127 54
127 100
127 204
127 358
127 442
128 1
128 147
128 221
128 473
128 485
129 65
129 200
129 254
129 277
129 477
130 60
130 337
130 407
130 419
130 495
131 7
131 40
131 96
131 422
131 444
132 5
132 159
132 266
132 387
132 476
133 71
133 151
133 367
133 460
133 468
134 165
134 273
134 300
134 366
134 403
135 21
135 47
135 68
135 191
135 484
136 118
136 174
136 459
136 464
136 483
137 336
137 416
137 439
137 464
137 500
138 180
138 199
138 439
138 480
138 490
139 125
139 271
139 421
139 451
139 473
140 199
140 228
140 293
140 326
140 442
141 52
141 339
141 405
141 438
141 440
142 23
142 84
142 317
142 368
142 499
143 179
143 187
143 237
143 415
143 489
144 20
144 120
144 152
144 408
144 455
145 284
145 312
145 385
145 468
145 489
146 68
146 81
146 108
146 415
146 458
147 128
147 239
147 295
147 435
147 453
148 271
148 335
148 458
148 459
148 469
149 29
149 168
149 303
149 378
149 423
150 31
150 126
150 279
150 378
150 498
151 117
151 133
151 163
151 233
151 325
152 62
152 144
152 288
152 395
152 482
153 5
153 263
153 317
153 397
153 459
154 318
154 379
154 382
154 428
154 459
155 22
155 72
155 281
155 313
155 377
156 212
156 263
156 375
156 379
156 497
157 25
157 292
157 379
157 420
157 483
158 32
158 68
158 321
158 397
158 500
159 43
159 132
159 185
159 279
159 322
160 14
160 85
160 357
160 393
160 441
161 43
161 47
161 309
161 480
161 487
162 28
162 54
162 88
162 351
162 411
163 112
163 151
163 274
163 395
163 479
164 66
164 280
164 281
164 425
164 477
165 78
165 134
165 268
165 283
165 400
166 99
166 204
166 307
166 380
166 468
167 109
167 330
167 331
167 440
167 464
168 55
168 149
168 315
168 324
168 367
169 77
169 123
169 178
169 306
169 355
170 438
170 452
170 460
170 495
170 499
171 198
171 368
171 376
171 396
171 445
172 225
172 407
172 420
172 473
172 475
173 82
173 359
173 366
173 450
173 490
174 39
174 136
174 264
174 318
174 385
175 124
175 257
175 294
175 323
175 360
175 374
176 245
176 319
176 418
176 467
176 489
176 492
177 55
177 102
177 185
177 226
177 228
177 422
178 169
178 185
178 359
178 362
178 398
178 456
179 29
179 143
179 341
179 349
179 403
179 489
180 4
180 138
180 278
180 306
180 308
180 496
181 194
181 220
181 400
181 406
181 467
181 490
182 242
182 299
182 342
182 433
182 447
182 491
183 86
183 294
183 355
183 410
183 461
183 465
184 118
184 186
184 243
184 405
184 427
184 449
185 159
185 177
185 178
185 350
185 380
185 399
186 184
186 273
186 356
186 466
186 487
186 498
187 39
187 90
187 143
187 378
187 415
187 462
188 3
188 252
188 377
188 389
188 455
188 471
189 31
189 52
189 105
189 106
189 311
189 367
190 202
190 231
190 233
190 483
190 493
190 498
191 59
191 135
191 306
191 347
191 405
191 483
192 100
192 369
192 382
192 426
192 428
192 470
193 219
193 320
193 424
193 429
193 432
193 494
194 25
194 181
194 236
194 285
194 471
194 496
195 73
195 81
195 198
195 220
195 268
195 439
196 206
196 242
196 407
196 445
196 454
196 499
197 46
197 83
197 86
197 120
197 311
197 419
198 99
198 117
198 171
198 195
198 230
198 481
199 106
199 138
199 140
199 462
199 479
199 481
200 10
200 129
200 255
200 461
200 472
200 497
201 250
201 305
201 418
201 457
201 484
201 492
202 190
202 237
202 356
202 412
202 468
202 482
203 63
203 218
203 242
203 417
203 481
203 482
204 127
204 166
204 246
204 299
204 364
204 400
205 67
205 296
205 315
205 338
205 375
205 470
206 26
206 196
206 297
206 392
206 424
206 456
207 25
207 276
207 326
207 352
207 453
207 481
208 231
208 251
208 372
208 374
208 437
208 492
209 42
209 276
209 385
209 412
209 423
209 459
210 57
210 214
210 250
210 272
210 415
210 446
211 238
211 257
211 292
211 298
211 335
211 425
212 119
212 156
212 228
212 249
212 254
212 452
213 53
213 62
213 236
213 323
213 446
213 456
214 27
214 210
214 218
214 243
214 270
214 408
215 258
215 292
215 391
215 401
215 483
215 497
216 80
216 220
216 300
216 409
216 427
216 468
217 24
217 287
217 305
217 351
217 405
217 442
218 124
218 203
218 214
218 365
218 393
218 436
219 193
219 243
219 416
219 418
219 426
219 485
220 181
220 195
220 216
220 252
220 429
220 437
221 31
221 128
221 348
221 436
221 437
221 495
222 30
222 284
222 379
222 417
222 429
222 472
223 235
223 362
223 414
223 421
223 431
223 438
224 66
224 267
224 351
224 387
224 458
224 491
225 20
225 172
225 371
225 400
225 445
225 485
226 74
226 177
226 372
226 401
226 441
226 479
227 298
227 308
227 346
227 381
227 466
227 472
228 44
228 140
228 177
228 212
228 299
228 368
229 83
229 235
229 239
229 382
229 402
229 474
230 33
230 198
230 442
230 448
230 449
230 472
231 190
231 208
231 288
231 457
231 478
231 482
232 247
232 322
232 329
232 362
232 457
232 488
233 9
233 151
233 190
233 266
233 430
233 479
234 291
234 307
234 384
234 403
234 409
234 440
235 223
235 229
235 336
235 365
235 370
235 449
236 1
236 98
236 194
236 213
236 313
236 336
237 143
237 202
237 255
237 331
237 374
237 443
238 211
238 281
238 349
238 369
238 457
238 487
239 18
239 64
239 147
239 229
239 438
239 491
240 289
240 303
240 305
240 409
240 411
240 493
241 88
241 258
241 344
241 394
241 442
241 497
242 182
242 196
242 203
242 314
242 381
242 466
243 184
243 214
243 219
243 256
243 424
243 483
244 68
244 70
244 285
244 291
244 398
244 434
245 176
245 251
245 327
245 338
245 466
245 481
246 91
246 204
246 319
246 403
246 409
246 463
247 232
247 252
247 334
247 386
247 473
247 497
248 40
248 44
248 50
248 333
248 486
248 498
249 84
249 212
249 441
249 466
249 491
249 500
250 25
250 201
250 210
250 355
250 387
250 460
251 208
251 245
251 261
251 432
251 475
251 484
252 188
252 220
252 247
252 483
252 488
252 494
253 14
253 265
253 300
253 324
253 441
253 458
254 129
254 212
254 271
254 431
254 450
254 474
255 43
255 200
255 237
255 261
255 306
255 457
256 19
256 125
256 243
256 303
256 313
256 455
257 7
257 55
257 175
257 211
257 433
257 465
258 215
258 241
258 276
258 438
258 462
258 495
259 42
259 282
259 378
259 416
259 487
259 492
260 27
260 269
260 444
260 455
260 473
260 474
261 58
261 251
261 255
261 406
261 491
261 496
262 11
262 368
262 404
262 467
262 483
262 499
263 92
263 93
263 153
263 156
263 372
263 450
264 174
264 287
264 301
264 319
264 445
264 490
265 20
265 253
265 271
265 356
265 473
265 492
266 132
266 233
266 414
266 477
266 483
266 499
267 224
267 335
267 338
267 339
267 443
267 486
268 165
268 195
268 387
268 400
268 423
268 457
269 260
269 387
269 451
269 458
269 477
269 494
270 44
270 54
270 214
270 373
270 394
270 449
271 33
271 139
271 148
271 254
271 265
271 459
272 6
272 210
272 307
272 397
272 464
272 472
273 134
273 186
273 350
273 365
273 398
273 418
274 163
274 359
274 366
274 477
274 479
274 491
275 94
275 115
275 304
275 422
275 450
275 452
276 35
276 207
276 209
276 258
276 329
276 351
277 10
277 129
277 326
277 332
277 416
277 491
278 76
278 82
278 180
278 323
278 324
278 347
279 74
279 103
279 150
279 159
279 416
279 419
279 486
280 22
280 56
280 164
280 369
280 414
280 485
280 489
281 79
281 87
281 155
281 164
281 238
281 298
281 455
282 50
282 259
282 288
282 326
282 388
282 401
282 480
283 165
283 333
283 388
283 426
283 448
283 486
283 491
284 145
284 222
284 354
284 370
284 471
284 474
284 488
285 18
285 102
285 194
285 244
285 323
285 400
285 470
286 32
286 33
286 45
286 51
286 419
286 476
286 497
287 40
287 91
287 126
287 217
287 264
287 288
287 448
288 152
288 231
288 282
288 287
288 426
288 495
288 499
289 240
289 364
289 392
289 438
289 443
289 475
289 495
290 292
290 295
290 379
290 412
290 424
290 454
290 490
291 234
291 244
291 374
291 381
291 410
291 479
291 493
292 96
292 157
292 211
292 215
292 290
292 422
292 496
293 140
293 298
293 342
293 402
293 468
293 492
293 499
294 69
294 175
294 183
294 414
294 473
294 483
294 487
295 84
295 90
295 147
295 290
295 467
295 485
295 498
296 8
296 96
296 205
296 389
296 404
296 421
296 447
297 24
297 60
297 206
297 341
297 398
297 443
297 453
298 211
298 227
298 281
298 293
298 348
298 350
298 393
299 36
299 111
299 182
299 204
299 228
299 448
299 475
300 48
300 64
300 134
300 216
300 253
300 421
300 437
301 93
301 264
301 313
301 347
301 355
301 396
301 478
302 337
302 339
302 361
302 368
302 372
302 386
302 494
303 149
303 240
303 256
303 348
303 353
303 356
303 464
304 275
304 308
304 338
304 414
304 445
304 477
304 498
305 114
305 201
305 217
305 240
305 441
305 487
305 497
306 45
306 105
306 169
306 180
306 191
306 255
306 450
307 166
307 234
307 272
307 385
307 428
307 442
307 456
308 84
308 180
308 227
308 304
308 438
308 455
308 479
309 85
309 101
309 161
309 425
309 427
309 459
309 474
310 319
310 359
310 373
310 414
310 420
310 427
310 495
311 33
311 89
311 189
311 197
311 388
311 413
311 497
312 37
312 145
312 341
312 368
312 372
312 433
312 443
313 10
313 155
313 236
313 256
313 301
313 334
313 363
314 89
314 242
314 333
314 363
314 392
314 419
314 499
315 168
315 205
315 320
315 354
315 456
315 476
315 482
316 31
316 121
316 334
316 417
316 439
316 488
316 492
317 21
317 142
317 153
317 322
317 330
317 494
317 496
318 5
318 154
318 174
318 350
318 404
318 461
318 495
319 176
319 246
319 264
319 310
319 388
319 426
319 462
320 38
320 193
320 315
320 413
320 451
320 475
320 495
321 43
321 158
321 363
321 383
321 460
321 467
321 483
322 159
322 232
322 317
322 326
322 357
322 450
322 498
323 95
323 175
323 213
323 278
323 285
323 345
323 436
324 90
324 168
324 253
324 278
324 327
324 372
324 488
325 151
325 346
325 375
325 408
325 465
325 470
325 500
326 140
326 207
326 277
326 282
326 322
326 398
326 475
327 245
327 324
327 373
327 397
327 434
327 452
327 496
328 2
328 347
328 443
328 473
328 486
328 487
328 495
329 39
329 232
329 276
329 340
329 430
329 451
329 500
330 118
330 167
330 317
330 354
330 433
330 435
330 448
331 167
331 237
331 367
331 450
331 479
331 488
331 495
332 1
332 113
332 277
332 383
332 406
332 437
332 484
333 107
333 248
333 283
333 314
333 410
333 492
333 496
334 11
334 247
334 313
334 316
334 372
334 378
334 495
335 57
335 120
335 148
335 211
335 267
335 465
335 476
335 485
336 137
336 235
336 236
336 393
336 426
336 428
336 441
336 493
337 130
337 302
337 342
337 416
337 433
337 442
337 471
337 494
338 23
338 81
338 112
338 205
338 245
338 267
338 304
338 446
339 13
339 18
339 141
339 267
339 302
339 389
339 392
339 439
340 10
340 104
340 329
340 349
340 379
340 428
340 449
340 484
341 179
341 297
341 312
341 344
341 365
341 369
341 417
341 440
342 103
342 182
342 293
342 337
342 363
342 446
342 471
342 481
343 64
343 92
343 405
343 426
343 438
343 454
343 461
343 492
344 41
344 241
344 341
344 366
344 398
344 416
344 423
344 456
345 37
345 93
345 323
345 391
345 462
345 475
345 476
345 497
346 227
346 325
346 352
346 353
346 431
346 448
346 450
346 500
347 191
347 278
347 301
347 328
347 361
347 428
347 435
347 448
348 97
348 109
348 221
348 298
348 303
348 425
348 465
348 477
349 11
349 98
349 179
349 238
349 340
349 384
349 446
349 451
350 6
350 185
350 273
350 298
350 318
350 375
350 396
350 494
351 83
351 87
351 162
351 217
351 224
351 276
351 439
351 446
352 207
352 346
352 404
352 420
352 421
352 439
352 485
352 488
353 303
353 346
353 397
353 447
353 476
353 481
353 494
353 497
354 13
354 284
354 315
354 330
354 391
354 445
354 457
354 477
355 48
355 169
355 183
355 250
355 301
355 396
355 465
355 498
356 2
356 25
356 63
356 186
356 202
356 265
356 303
356 431
357 37
357 86
357 160
357 322
357 413
357 452
357 470
357 486
358 74
358 127
358 394
358 409
358 437
358 472
358 481
358 499
359 13
359 28
359 48
359 173
359 178
359 274
359 310
359 493
360 101
360 175
360 412
360 431
360 457
360 464
360 486
360 494
361 42
361 302
361 347
361 395
361 437
361 458
361 482
361 491
362 178
362 223
362 232
362 382
362 482
362 485
362 487
362 495
363 313
363 314
363 321
363 342
363 380
363 453
363 484
363 489
364 37
364 58
364 113
364 204
364 289
364 375
364 474
364 489
365 51
365 108
365 218
365 235
365 273
365 341
365 408
365 496
366 86
366 134
366 173
366 274
366 344
366 424
366 438
366 439
367 20
367 133
367 168
367 189
367 331
367 420
367 442
367 444
367 487
368 41
368 142
368 171
368 228
368 262
368 302
368 312
368 386
368 500
369 11
369 12
369 37
369 192
369 238
369 280
369 341
369 379
369 466
370 112
370 235
370 284
370 388
370 391
370 402
370 478
370 492
370 499
371 12
371 39
371 225
371 380
371 389
371 392
371 427
371 434
371 480
372 208
372 226
372 263
372 302
372 312
372 324
372 334
372 431
372 439
373 13
373 40
373 270
373 310
373 327
373 399
373 428
373 454
373 497
374 92
374 175
374 208
374 237
374 291
374 384
374 389
374 395
374 461
375 21
375 156
375 205
375 325
375 350
375 364
375 469
375 477
375 479
376 3
376 31
376 53
376 62
376 122
376 171
376 425
376 467
376 481
377 18
377 155
377 188
377 384
377 387
377 460
377 480
377 493
377 496
378 66
378 78
378 122
378 149
378 150
378 187
378 259
378 334
378 395
379 41
379 47
379 154
379 156
379 157
379 222
379 290
379 340
379 369
380 80
380 166
380 185
380 363
380 371
380 396
380 432
380 455
380 471
381 45
381 227
381 242
381 291
381 382
381 422
381 468
381 486
381 488
382 94
382 154
382 192
382 229
382 362
382 381
382 470
382 471
382 496
383 321
383 332
383 403
383 412
383 430
383 436
383 484
383 492
383 500
384 27
384 234
384 349
384 374
384 377
384 390
384 421
384 429
384 476
385 29
385 94
385 110
385 112
385 145
385 174
385 209
385 307
385 481
386 36
386 119
386 247
386 302
386 368
386 395
386 397
386 413
386 445
387 50
387 132
387 224
387 250
387 268
387 269
387 377
387 491
387 498
388 113
388 282
388 283
388 311
388 319
388 370
388 397
388 419
388 431
389 1
389 123
389 188
389 296
389 339
389 371
389 374
389 397
389 423
390 8
390 46
390 384
390 411
390 414
390 423
390 459
390 466
390 481
391 35
391 105
391 215
391 345
391 354
391 370
391 431
391 460
391 476
392 70
392 206
392 289
392 314
392 339
392 371
392 445
392 477
392 496
393 88
393 160
393 218
393 298
393 336
393 418
393 443
393 485
393 495
394 87
394 241
394 270
394 358
394 400
394 403
394 405
394 444
394 479
394 482
395 21
395 23
395 152
395 163
395 361
395 374
395 378
395 386
395 417
395 452
396 117
396 122
396 124
396 171
396 301
396 350
396 355
396 380
396 421
396 434
397 153
397 158
397 272
397 327
397 353
397 386
397 388
397 389
397 466
397 500
398 178
398 244
398 273
398 297
398 326
398 344
398 456
398 463
398 468
398 469
399 79
399 185
399 373
399 403
399 421
399 434
399 445
399 451
399 458
399 486
400 59
400 165
400 181
400 204
400 225
400 268
400 285
400 394
400 448
400 492
401 215
401 226
401 282
401 418
401 433
401 443
401 459
401 486
401 489
401 491
402 1
402 6
402 28
402 75
402 124
402 229
402 293
402 370
402 477
402 498
403 134
403 179
403 234
403 246
403 383
403 394
403 399
403 432
403 457
403 488
404 46
404 55
404 71
404 262
404 296
404 318
404 352
404 425
404 465
404 486
405 115
405 141
405 184
405 191
405 217
405 343
405 394
405 440
405 444
405 489
406 3
406 95
406 181
406 261
406 332
406 413
406 437
406 440
406 479
406 484
407 49
407 102
407 104
407 130
407 172
407 196
407 411
407 423
407 482
407 499
408 34
408 52
408 106
408 116
408 144
408 214
408 325
408 365
408 410
408 497
409 100
409 216
409 234
409 240
409 246
409 358
409 425
409 480
409 484
409 499
410 183
410 291
410 333
410 408
410 415
410 422
410 424
410 437
410 448
410 481
411 89
411 113
411 162
411 240
411 390
411 407
411 413
411 461
411 462
411 485
412 15
412 26
412 202
412 209
412 290
412 360
412 383
412 417
412 453
412 495
413 105
413 311
413 320
413 357
413 386
413 406
413 411
413 418
413 420
413 464
414 17
414 223
414 266
414 280
414 294
414 304
414 310
414 390
414 416
414 445
415 111
415 143
415 146
415 187
415 210
415 410
415 416
415 429
415 463
415 469
416 66
416 137
416 219
416 259
416 277
416 279
416 337
416 344
416 414
416 415
416 430
417 12
417 80
417 83
417 203
417 222
417 316
417 341
417 395
417 412
417 432
417 482
418 56
418 81
418 82
418 176
418 201
418 219
418 273
418 393
418 401
418 413
418 472
419 130
419 197
419 279
419 286
419 314
419 388
419 424
419 453
419 455
419 485
419 493
420 6
420 116
420 157
420 172
420 310
420 352
420 367
420 413
420 434
420 466
420 490
421 30
421 139
421 223
421 296
421 300
421 352
421 384
421 396
421 399
421 478
421 494
422 117
422 131
422 177
422 275
422 292
422 381
422 410
422 423
422 480
422 492
422 500
423 41
423 149
423 209
423 268
423 344
423 389
423 390
423 407
423 422
423 440
423 444
424 193
424 206
424 243
424 290
424 366
424 410
424 419
424 429
424 476
424 478
424 493
425 19
425 60
425 99
425 164
425 211
425 309
425 348
425 376
425 404
425 409
425 451
426 20
426 192
426 219
426 283
426 288
426 319
426 336
426 343
426 435
426 478
426 485
427 53
427 85
427 88
427 184
427 216
427 309
427 310
427 371
427 441
427 452
427 497
428 154
428 192
428 307
428 336
428 340
428 347
428 373
428 431
428 453
428 478
428 499
429 72
429 77
429 120
429 193
429 220
429 222
429 384
429 415
429 424
429 446
429 488
430 61
430 89
430 233
430 329
430 383
430 416
430 442
430 460
430 467
430 485
430 486
431 223
431 254
431 346
431 356
431 360
431 372
431 388
431 391
431 428
431 436
431 478
432 18
432 98
432 103
432 193
432 251
432 380
432 403
432 417
432 437
432 460
432 500
433 7
433 12
433 93
433 120
433 182
433 257
433 312
433 330
433 337
433 401
433 435
434 126
434 244
434 327
434 371
434 396
434 399
434 420
434 447
434 460
434 475
434 485
435 16
435 51
435 57
435 147
435 330
435 347
435 426
435 433
435 436
435 467
435 469
435 473
436 79
436 91
436 218
436 221
436 323
436 383
436 431
436 435
436 453
436 470
436 478
436 481
437 54
437 67
437 208
437 220
437 221
437 300
437 332
437 358
437 361
437 406
437 410
437 432
438 141
438 170
438 223
438 239
438 258
438 289
438 308
438 343
438 366
438 474
438 483
438 486
439 61
439 137
439 138
439 195
439 316
439 339
439 351
439 352
439 366
439 372
439 466
439 478
440 16
440 141
440 167
440 234
440 341
440 405
440 406
440 423
440 453
440 470
440 480
440 499
441 39
441 71
441 76
441 160
441 226
441 249
441 253
441 305
441 336
441 427
441 450
441 498
442 8
442 10
442 127
442 140
442 217
442 230
442 241
442 307
442 337
442 367
442 430
442 496
443 115
443 237
443 267
443 289
443 297
443 312
443 328
443 393
443 401
443 444
443 463
443 496
444 3
444 62
444 76
444 131
444 260
444 367
444 394
444 405
444 423
444 443
444 476
444 483
445 52
445 82
445 171
445 196
445 225
445 264
445 304
445 354
445 386
445 392
445 399
445 414
446 65
446 97
446 99
446 107
446 210
446 213
446 338
446 342
446 349
446 351
446 429
446 471
447 4
447 36
447 63
447 72
447 80
447 114
447 182
447 296
447 353
447 434
447 471
447 494
448 95
448 230
448 283
448 287
448 299
448 330
448 346
448 347
448 400
448 410
448 454
448 469
449 30
449 92
449 184
449 230
449 235
449 270
449 340
449 452
449 466
449 472
449 480
449 481
450 13
450 173
450 254
450 263
450 275
450 306
450 322
450 331
450 346
450 441
450 454
450 474
450 482
451 52
451 118
451 139
451 269
451 320
451 329
451 349
451 399
451 425
451 455
451 457
451 470
451 471
452 50
452 56
452 123
452 170
452 212
452 275
452 327
452 357
452 395
452 427
452 449
452 464
452 497
453 69
453 70
453 147
453 207
453 297
453 363
453 412
453 419
453 428
453 436
453 440
453 461
453 467
454 67
454 73
454 85
454 102
454 196
454 290
454 343
454 373
454 448
454 450
454 456
454 461
454 484
455 144
455 188
455 256
455 260
455 281
455 308
455 380
455 419
455 451
455 468
455 474
455 476
455 494
456 17
456 22
456 108
456 178
456 206
456 213
456 307
456 315
456 344
456 398
456 454
456 458
456 493
457 17
457 26
457 85
457 201
457 231
457 232
457 238
457 255
457 268
457 354
457 360
457 403
457 451
458 4
458 75
458 104
458 107
458 146
458 148
458 224
458 253
458 269
458 361
458 399
458 456
458 474
459 119
459 136
459 148
459 153
459 154
459 209
459 271
459 309
459 390
459 401
459 462
459 477
459 490
460 74
460 109
460 133
460 170
460 250
460 321
460 377
460 391
460 430
460 432
460 434
460 490
460 496
461 15
461 98
461 126
461 183
461 200
461 318
461 343
461 374
461 411
461 453
461 454
461 484
461 493
462 46
462 51
462 87
462 187
462 199
462 258
462 319
462 345
462 411
462 459
462 467
462 481
462 496
463 9
463 38
463 90
463 92
463 95
463 246
463 398
463 415
463 443
463 484
463 488
463 494
463 498
464 5
464 66
464 114
464 123
464 136
464 137
464 167
464 272
464 303
464 360
464 413
464 452
464 482
464 490
465 3
465 22
465 44
465 57
465 65
465 87
465 183
465 257
465 325
465 335
465 348
465 355
465 404
465 498
466 186
466 227
466 242
466 245
466 249
466 369
466 390
466 397
466 420
466 439
466 449
466 479
466 480
466 487
467 65
467 176
467 181
467 262
467 295
467 321
467 376
467 430
467 435
467 453
467 462
467 482
467 490
467 494
468 106
468 133
468 145
468 166
468 202
468 216
468 293
468 381
468 398
468 455
468 482
468 484
468 486
468 500
469 12
469 34
469 48
469 70
469 148
469 375
469 398
469 415
469 435
469 448
469 470
469 488
469 491
469 494
470 7
470 49
470 65
470 192
470 205
470 285
470 325
470 357
470 382
470 436
470 440
470 451
470 469
470 491
471 118
471 126
471 188
471 194
471 284
471 337
471 342
471 380
471 382
471 446
471 447
471 451
471 473
471 497
472 58
472 110
472 116
472 200
472 222
472 227
472 230
472 272
472 358
472 418
472 449
472 487
472 491
472 498
473 14
473 110
473 121
473 128
473 139
473 172
473 247
473 260
473 265
473 294
473 328
473 435
473 471
473 490
473 499
474 19
474 35
474 110
474 229
474 254
474 260
474 284
474 309
474 364
474 438
474 450
474 455
474 458
474 489
474 490
475 17
475 59
475 76
475 121
475 125
475 172
475 251
475 289
475 299
475 320
475 326
475 345
475 434
475 476
475 487
476 45
476 113
476 132
476 286
476 315
476 335
476 345
476 353
476 384
476 391
476 424
476 444
476 455
476 475
476 497
477 94
477 101
477 129
477 164
477 266
477 269
477 274
477 304
477 348
477 354
477 375
477 392
477 402
477 459
477 486
478 57
478 63
478 69
478 231
478 301
478 370
478 421
478 424
478 426
478 428
478 431
478 436
478 439
478 495
478 497
479 42
479 63
479 163
479 199
479 226
479 233
479 274
479 291
479 308
479 331
479 375
479 394
479 406
479 466
479 492
480 8
480 42
480 96
480 108
480 138
480 161
480 282
480 371
480 377
480 409
480 422
480 440
480 449
480 466
480 489
480 492
481 49
481 198
481 199
481 203
481 207
481 245
481 342
481 353
481 358
481 376
481 385
481 390
481 410
481 436
481 449
481 462
482 9
482 152
482 202
482 203
482 231
482 315
482 361
482 362
482 394
482 407
482 417
482 450
482 464
482 467
482 468
482 500
483 58
483 107
483 136
483 157
483 190
483 191
483 215
483 243
483 252
483 262
483 266
483 294
483 321
483 438
483 444
483 488
484 4
484 19
484 135
484 201
484 251
484 332
484 340
484 363
484 383
484 406
484 409
484 454
484 461
484 463
484 468
484 491
484 498
485 108
485 128
485 219
485 225
485 280
485 295
485 335
485 352
485 362
485 393
485 411
485 419
485 426
485 430
485 434
485 490
485 496
486 30
486 67
486 248
486 267
486 279
486 283
486 328
486 357
486 360
486 381
486 399
486 401
486 404
486 430
486 438
486 468
486 477
487 79
487 84
487 103
487 124
487 125
487 161
487 186
487 238
487 259
487 294
487 305
487 328
487 362
487 367
487 466
487 472
487 475
488 21
488 67
488 101
488 232
488 252
488 284
488 316
488 324
488 331
488 352
488 381
488 403
488 429
488 463
488 469
488 483
488 489
488 493
489 38
489 48
489 103
489 125
489 143
489 145
489 176
489 179
489 280
489 363
489 364
489 401
489 405
489 474
489 480
489 488
489 490
489 493
490 34
490 56
490 138
490 173
490 181
490 264
490 290
490 420
490 459
490 460
490 464
490 467
490 473
490 474
490 485
490 489
490 493
490 498
491 64
491 73
491 90
491 182
491 224
491 239
491 249
491 261
491 274
491 277
491 283
491 361
491 387
491 401
491 469
491 470
491 472
491 484
492 16
492 36
492 176
492 201
492 208
492 259
492 265
492 293
492 316
492 333
492 343
492 370
492 383
492 400
492 422
492 479
492 480
492 497
492 500
493 2
493 4
493 9
493 41
493 45
493 78
493 115
493 190
493 240
493 291
493 336
493 359
493 377
493 419
493 424
493 456
493 461
493 488
493 489
493 490
494 51
494 64
494 73
494 75
494 121
494 193
494 252
494 269
494 302
494 317
494 337
494 350
494 353
494 360
494 421
494 447
494 455
494 463
494 467
494 469
495 61
495 78
495 104
495 130
495 170
495 221
495 258
495 288
495 289
495 310
495 318
495 320
495 328
495 331
495 334
495 362
495 393
495 412
495 478
495 498
496 5
496 30
496 54
496 180
496 194
496 261
496 292
496 317
496 327
496 333
496 365
496 377
496 382
496 392
496 442
496 443
496 460
496 462
496 485
496 499
497 14
497 100
497 107
497 156
497 200
497 215
497 241
497 247
497 286
497 305
497 311
497 345
497 353
497 373
497 408
497 427
497 452
497 471
497 476
497 478
497 492
498 32
498 59
498 88
498 123
498 150
498 186
498 190
498 248
498 295
498 304
498 322
498 355
498 387
498 402
498 441
498 463
498 465
498 472
498 484
498 490
498 495
499 47
499 60
499 79
499 100
499 122
499 142
499 170
499 196
499 262
499 266
499 288
499 293
499 314
499 358
499 370
499 407
499 409
499 428
499 440
499 473
499 496
500 6
500 24
500 27
500 33
500 71
500 82
500 97
500 137
500 158
500 249
500 325
500 329
500 346
500 368
500 383
500 397
500 422
500 432
500 468
500 482
500 492
