1 83
1 171
1 173
1 178
1 195
2 4
2 11
2 206
2 322
2 396
2 412
3 199
3 291
3 354
3 463
3 464
4 2
4 11
4 322
4 408
4 412
5 347
5 373
5 432
5 497
5 498
6 7
6 12
6 122
6 244
6 291
7 6
7 10
7 12
7 244
7 495
8 27
8 31
8 33
8 34
8 39
9 112
9 117
9 120
9 273
9 419
10 7
10 12
10 13
10 17
10 61
11 2
11 4
11 14
11 317
11 322
11 487
12 6
12 7
12 10
12 17
12 244
13 10
13 17
13 108
13 244
13 498
14 11
14 26
14 317
14 333
14 424
15 37
15 156
15 157
15 311
15 440
16 48
16 97
16 101
16 121
16 390
17 10
17 12
17 13
17 21
17 489
18 19
18 23
18 55
18 154
18 354
19 18
19 23
19 51
19 350
19 404
20 21
20 23
20 154
20 231
20 468
21 17
21 20
21 23
21 131
21 154
22 82
22 90
22 128
22 200
22 201
23 18
23 19
23 20
23 21
23 143
24 288
24 305
24 310
24 390
24 434
25 41
25 131
25 135
25 138
25 484
26 14
26 29
26 317
26 333
26 424
27 8
27 30
27 39
27 295
27 494
28 87
28 90
28 91
28 268
28 386
29 26
29 42
29 54
29 333
29 424
29 482
30 27
30 39
30 87
30 366
30 415
31 8
31 33
31 44
31 156
31 485
32 73
32 137
32 144
32 145
32 254
33 8
33 31
33 34
33 44
33 272
34 8
34 33
34 44
34 147
34 458
35 42
35 50
35 53
35 54
35 333
35 424
36 37
36 38
36 44
36 83
36 422
37 15
37 36
37 38
37 186
37 490
38 36
38 37
38 40
38 46
38 419
39 8
39 27
39 30
39 44
39 374
40 38
40 46
40 48
40 70
40 418
41 25
41 124
41 127
41 129
41 130
42 29
42 35
42 53
42 54
42 384
43 157
43 159
43 160
43 311
44 31
44 33
44 34
44 36
44 39
44 375
45 214
45 230
45 257
45 263
45 306
45 499
46 38
46 40
46 48
46 53
46 494
47 257
47 287
47 306
47 328
47 382
48 16
48 40
48 46
48 51
48 483
49 137
49 266
49 452
49 492
49 494
50 35
50 51
50 55
50 454
50 487
51 19
51 48
51 50
51 55
51 456
52 75
52 281
52 282
52 285
52 482
53 35
53 42
53 46
53 54
53 335
53 426
54 29
54 35
54 42
54 53
54 335
55 18
55 50
55 51
55 56
55 491
56 55
56 259
56 420
56 452
56 495
57 59
57 284
57 462
57 485
57 492
58 191
58 245
58 287
58 296
58 328
59 57
59 259
59 284
59 390
59 424
60 63
60 259
60 275
60 284
61 10
61 84
61 85
61 207
61 305
62 196
62 198
62 199
62 203
62 208
63 60
63 101
63 259
63 284
63 336
64 68
64 335
64 428
64 486
64 488
65 66
65 70
65 71
65 154
65 387
66 65
66 70
66 71
66 172
66 284
67 100
67 101
67 103
67 121
67 468
68 64
68 77
68 79
68 335
68 394
69 72
69 152
69 265
69 270
69 469
70 40
70 65
70 66
70 71
70 310
71 65
71 66
71 70
71 230
71 429
72 69
72 74
72 147
72 148
72 468
73 32
73 137
73 145
73 266
73 455
74 72
74 146
74 198
74 265
74 270
75 52
75 282
75 285
75 286
75 427
76 78
76 81
76 394
76 438
76 449
77 68
77 79
77 335
77 394
77 439
78 76
78 81
78 148
78 295
78 390
79 68
79 77
79 99
79 109
79 394
80 274
80 279
80 280
80 410
80 447
81 76
81 78
81 85
81 288
81 348
82 22
82 92
82 167
82 206
82 283
82 496
83 1
83 36
83 108
83 150
83 171
84 61
84 256
84 296
84 373
84 386
85 61
85 81
85 86
85 94
85 256
86 85
86 145
86 256
86 369
86 479
87 28
87 30
87 88
87 343
87 353
88 87
88 90
88 94
88 95
88 275
89 125
89 139
89 258
89 289
89 296
90 22
90 28
90 88
90 95
90 467
91 28
91 95
91 132
91 343
91 466
92 82
92 206
92 267
92 283
92 364
93 289
93 309
93 341
93 349
93 493
94 85
94 88
94 95
94 111
94 426
95 88
95 90
95 91
95 94
95 494
96 100
96 121
96 193
96 328
96 400
97 16
97 100
97 341
97 449
97 478
98 147
98 148
98 152
98 153
98 455
99 79
99 102
99 109
99 394
99 410
99 497
100 67
100 96
100 97
100 121
100 200
101 16
101 63
101 67
101 371
101 445
102 99
102 104
102 109
102 141
102 410
103 67
103 105
103 251
103 446
103 448
104 102
104 110
104 133
104 141
104 410
105 103
105 112
105 117
105 219
105 251
106 112
106 120
106 467
106 470
106 497
107 160
107 161
107 169
107 219
107 329
108 13
108 83
108 171
108 303
108 361
109 79
109 99
109 102
109 110
109 410
110 104
110 109
110 133
110 141
110 142
111 94
111 245
111 256
111 353
111 418
112 9
112 105
112 106
112 251
112 471
113 139
113 206
113 214
113 243
113 272
114 116
114 118
114 181
114 273
114 493
115 161
115 170
115 219
115 309
115 405
116 114
116 118
116 217
116 273
116 343
117 9
117 105
117 118
117 121
117 257
118 114
118 116
118 117
118 268
118 273
119 130
119 183
119 204
119 368
119 424
120 9
120 106
120 251
120 268
120 450
121 16
121 67
121 96
121 100
121 117
122 6
122 123
122 204
122 268
122 306
123 122
123 204
123 268
123 343
123 470
124 41
124 127
124 129
124 364
124 382
125 89
125 139
125 379
125 416
125 428
126 186
126 295
126 366
126 374
126 474
127 41
127 124
127 183
127 380
127 493
128 22
128 201
128 206
128 403
128 481
129 41
129 124
129 183
129 204
129 364
130 41
130 119
130 234
130 364
130 370
131 21
131 25
131 135
131 250
131 315
132 91
132 134
132 135
132 136
132 202
133 104
133 110
133 141
133 142
133 494
134 132
134 135
134 138
134 202
134 439
135 25
135 131
135 132
135 134
135 462
136 132
136 202
136 366
136 447
136 454
137 32
137 49
137 73
137 144
137 190
138 25
138 134
138 140
138 202
138 379
139 89
139 113
139 125
139 272
139 465
140 138
140 143
140 175
140 412
140 495
141 102
141 104
141 110
141 133
141 142
142 110
142 133
142 141
142 151
142 304
143 23
143 140
143 175
143 266
143 500
144 32
144 137
144 175
144 266
144 395
145 32
145 73
145 86
145 202
145 500
146 74
146 265
146 270
146 425
146 496
147 34
147 72
147 98
147 148
147 152
148 72
148 78
148 98
148 147
148 367
149 151
149 304
149 424
149 434
149 496
150 83
150 164
150 187
150 195
150 488
151 142
151 149
151 155
151 304
151 434
152 69
152 98
152 147
152 164
152 308
153 98
153 179
153 311
153 345
153 462
154 18
154 20
154 21
154 65
154 415
154 497
155 151
155 304
155 398
155 434
155 441
156 15
156 31
156 311
156 364
156 500
157 15
157 43
157 159
157 276
157 393
158 162
158 377
158 412
158 415
158 434
159 43
159 157
159 219
159 249
159 436
160 43
160 107
160 218
160 219
160 311
161 107
161 115
161 169
161 219
161 344
162 158
162 165
162 300
162 377
162 415
163 165
163 166
163 168
163 300
163 377
164 150
164 152
164 195
164 418
164 421
165 162
165 163
165 166
165 300
165 377
165 403
166 163
166 165
166 168
166 176
166 190
167 82
167 185
167 200
167 353
167 482
168 163
168 166
168 176
168 190
168 377
169 107
169 161
169 170
169 195
169 351
170 115
170 169
170 180
170 195
170 498
171 1
171 83
171 108
171 208
171 376
172 66
172 212
172 216
172 217
172 332
172 356
173 1
173 174
173 177
173 178
173 347
174 173
174 177
174 178
174 179
174 204
175 140
175 143
175 144
175 270
175 293
176 166
176 168
176 190
176 411
176 492
177 173
177 174
177 179
177 313
177 489
178 1
178 173
178 174
178 179
178 405
179 153
179 174
179 177
179 178
179 496
180 170
180 181
180 182
180 478
180 491
181 114
181 180
181 182
181 185
181 451
182 180
182 181
182 185
182 334
182 423
183 119
183 127
183 129
183 204
183 364
184 235
184 238
184 267
184 283
184 495
185 167
185 181
185 182
185 200
185 210
186 37
186 126
186 336
186 366
186 418
186 432
187 150
187 223
187 239
187 418
187 424
187 476
188 207
188 274
188 290
188 305
188 370
188 440
189 205
189 313
189 345
189 361
189 380
189 427
189 500
190 137
190 166
190 168
190 176
190 193
190 368
191 58
191 245
191 287
191 290
191 296
191 373
192 197
192 203
192 208
192 213
192 369
192 403
193 96
193 190
193 194
193 196
193 198
193 419
194 193
194 196
194 198
194 199
194 482
194 493
195 1
195 150
195 164
195 169
195 170
195 491
196 62
196 193
196 194
196 198
196 199
196 299
197 192
197 209
197 210
197 314
197 369
197 437
198 62
198 74
198 193
198 194
198 196
198 199
199 3
199 62
199 194
199 196
199 198
199 369
200 22
200 100
200 167
200 185
200 201
200 385
201 22
201 128
201 200
201 206
201 401
201 489
202 132
202 134
202 136
202 138
202 145
202 261
203 62
203 192
203 208
203 246
203 369
203 496
204 119
204 122
204 123
204 129
204 174
204 183
205 189
205 313
205 351
205 361
205 427
205 431
206 2
206 82
206 92
206 113
206 128
206 201
207 61
207 188
207 287
207 290
207 370
207 373
208 62
208 171
208 192
208 203
208 369
208 406
209 197
209 210
209 213
209 314
209 359
209 401
210 185
210 197
210 209
210 213
210 314
210 482
211 223
211 239
211 275
211 310
211 336
211 390
212 172
212 216
212 217
212 266
212 356
212 400
213 192
213 209
213 210
213 314
213 369
213 443
214 45
214 113
214 243
214 267
214 283
214 370
215 227
215 293
215 330
215 376
215 417
215 485
216 172
216 212
216 217
216 256
216 356
216 498
217 116
217 172
217 212
217 216
217 332
217 356
218 160
218 240
218 241
218 246
218 318
218 341
219 105
219 107
219 115
219 159
219 160
219 161
220 221
220 222
220 226
220 227
220 332
220 389
221 220
221 222
221 226
221 332
221 356
221 479
222 220
222 221
222 226
222 227
222 228
222 407
223 187
223 211
223 275
223 390
223 418
223 487
224 236
224 248
224 253
224 360
224 413
224 442
225 236
225 248
225 253
225 388
225 413
225 442
226 220
226 221
226 222
226 227
226 228
226 293
227 215
227 220
227 222
227 226
227 228
227 457
228 222
228 226
228 227
228 232
228 382
228 495
229 231
229 232
229 234
229 357
229 365
229 496
230 45
230 71
230 263
230 307
230 330
230 382
231 20
231 229
231 232
231 234
231 238
231 485
232 228
232 229
232 231
232 234
232 238
232 413
233 289
233 319
233 320
233 327
233 375
233 397
234 130
234 229
234 231
234 232
234 237
234 238
235 184
235 243
235 425
235 450
235 461
235 499
236 224
236 225
236 248
236 253
236 360
236 388
237 234
237 238
237 240
237 241
237 456
237 497
238 184
238 231
238 232
238 234
238 237
238 240
239 187
239 211
239 298
239 336
239 401
239 418
240 218
240 237
240 238
240 241
240 475
241 218
241 237
241 240
241 244
241 246
241 338
242 246
242 247
242 249
242 318
242 341
242 494
243 113
243 214
243 235
243 272
243 465
243 488
244 6
244 7
244 12
244 13
244 241
244 499
245 58
245 111
245 191
245 287
245 296
245 328
246 203
246 218
246 241
246 242
246 318
246 341
247 242
247 249
247 252
247 254
247 287
247 341
248 224
248 225
248 236
248 253
248 360
248 457
249 159
249 242
249 247
249 252
249 254
249 255
250 131
250 303
250 308
250 334
250 376
250 408
251 103
251 105
251 112
251 120
251 280
251 417
252 247
252 249
252 254
252 255
252 278
252 341
253 224
253 225
253 236
253 248
253 260
253 360
254 32
254 247
254 249
254 252
254 255
254 258
255 249
255 252
255 254
255 258
255 271
255 472
256 84
256 85
256 86
256 111
256 216
256 432
257 45
257 47
257 117
257 306
257 382
257 465
258 89
258 254
258 255
258 261
258 262
258 271
259 56
259 59
259 60
259 63
259 422
259 482
260 253
260 269
260 294
260 297
260 298
260 360
261 202
261 258
261 262
261 271
261 277
261 484
262 258
262 261
262 271
262 272
262 277
262 332
263 45
263 230
263 307
263 382
263 393
263 483
264 368
264 396
264 408
264 412
264 475
264 491
265 69
265 74
265 146
265 270
265 366
265 409
266 49
266 73
266 143
266 144
266 212
266 382
267 92
267 184
267 214
267 311
267 312
267 444
268 28
268 118
268 120
268 122
268 123
268 273
269 260
269 292
269 294
269 297
269 298
269 491
270 69
270 74
270 146
270 175
270 265
270 351
271 255
271 258
271 261
271 262
271 277
271 492
272 33
272 113
272 139
272 243
272 262
272 342
273 9
273 114
273 116
273 118
273 268
273 387
274 80
274 188
274 277
274 278
274 279
274 280
275 60
275 88
275 211
275 223
275 310
275 362
275 390
276 157
276 282
276 285
276 286
276 319
276 320
277 261
277 262
277 271
277 274
277 278
277 423
278 252
278 274
278 277
278 279
278 280
278 281
279 80
279 274
279 278
279 280
279 281
279 288
280 80
280 251
280 274
280 278
280 279
280 281
281 52
281 278
281 279
281 280
281 285
281 459
282 52
282 75
282 276
282 285
282 286
282 381
283 82
283 92
283 184
283 214
283 367
283 395
284 57
284 59
284 60
284 63
284 66
284 451
285 52
285 75
285 276
285 281
285 282
285 308
286 75
286 276
286 282
286 319
286 320
286 334
287 47
287 58
287 191
287 207
287 245
287 247
287 296
288 24
288 81
288 279
288 290
288 305
288 310
288 487
289 89
289 93
289 233
289 294
289 327
289 349
289 432
290 188
290 191
290 207
290 288
290 323
290 370
290 373
291 3
291 6
291 354
291 374
291 488
291 490
291 493
292 269
292 294
292 297
292 298
292 363
292 475
292 484
293 175
293 215
293 226
293 307
293 315
293 330
293 367
294 260
294 269
294 289
294 292
294 297
294 298
294 363
295 27
295 78
295 126
295 322
295 354
295 366
295 374
295 500
296 58
296 84
296 89
296 191
296 245
296 287
296 328
297 260
297 269
297 292
297 294
297 298
297 363
297 417
298 239
298 260
298 269
298 292
298 294
298 297
298 363
299 196
299 301
299 302
299 312
299 316
299 346
299 363
300 162
300 163
300 165
300 377
300 434
300 446
300 485
301 299
301 302
301 312
301 316
301 346
301 363
301 397
302 299
302 301
302 312
302 315
302 316
302 346
302 363
303 108
303 250
303 308
303 309
303 334
303 385
303 432
304 142
304 149
304 151
304 155
304 414
304 415
304 481
305 24
305 61
305 188
305 288
305 310
305 377
305 467
306 45
306 47
306 122
306 257
306 371
306 382
306 468
307 230
307 263
307 293
307 315
307 330
307 367
307 376
308 152
308 250
308 285
308 303
308 334
308 376
308 432
309 93
309 115
309 303
309 321
309 334
309 432
309 494
310 24
310 70
310 211
310 275
310 288
310 305
310 476
311 15
311 43
311 153
311 156
311 160
311 267
311 345
312 267
312 299
312 301
312 302
312 316
312 321
312 346
313 177
313 189
313 205
313 345
313 361
313 431
313 462
314 197
314 209
314 210
314 213
314 356
314 358
314 484
315 131
315 293
315 302
315 307
315 330
315 367
315 454
316 299
316 301
316 302
316 312
316 321
316 346
316 479
317 11
317 14
317 26
317 333
317 389
317 424
317 476
318 218
318 242
318 246
318 341
318 378
318 455
318 499
319 233
319 276
319 286
319 320
319 327
319 372
319 375
320 233
320 276
320 286
320 319
320 356
320 375
320 483
321 309
321 312
321 316
321 323
321 346
321 457
321 489
322 2
322 4
322 11
322 295
322 412
322 423
322 459
323 290
323 321
323 324
323 325
323 329
323 331
323 451
324 323
324 325
324 326
324 329
324 331
324 442
324 485
325 323
325 324
325 326
325 329
325 331
325 337
325 468
326 324
326 325
326 329
326 331
326 337
326 472
326 497
327 233
327 289
327 319
327 349
327 375
327 390
327 466
328 47
328 58
328 96
328 245
328 296
328 364
328 386
329 107
329 323
329 324
329 325
329 326
329 331
329 337
330 215
330 230
330 293
330 307
330 315
330 367
330 376
331 323
331 324
331 325
331 326
331 329
331 337
331 490
332 172
332 217
332 220
332 221
332 262
332 355
332 449
333 14
333 26
333 29
333 35
333 317
333 424
333 459
334 182
334 250
334 286
334 303
334 308
334 309
334 432
335 53
335 54
335 64
335 68
335 77
335 362
335 394
336 63
336 186
336 211
336 239
336 366
336 431
336 479
337 325
337 326
337 329
337 331
337 343
337 351
337 431
338 241
338 352
338 357
338 378
338 386
338 397
338 406
338 427
339 340
339 358
339 363
339 445
339 446
339 451
339 456
339 459
340 339
340 358
340 372
340 383
340 395
340 445
340 446
340 471
341 93
341 97
341 218
341 242
341 246
341 247
341 252
341 318
342 272
342 344
342 355
342 357
342 365
342 406
342 496
342 500
343 87
343 91
343 116
343 123
343 337
343 348
343 353
343 491
344 161
344 342
344 355
344 359
344 365
344 400
344 403
344 440
345 153
345 189
345 311
345 313
345 361
345 379
345 427
345 431
346 299
346 301
346 302
346 312
346 316
346 321
346 349
346 473
347 5
347 173
347 398
347 404
347 411
347 419
347 428
347 472
347 490
348 81
348 343
348 350
348 362
348 371
348 379
348 380
348 381
349 93
349 289
349 327
349 346
349 375
349 410
349 483
349 487
350 19
350 348
350 362
350 371
350 379
350 380
350 381
350 397
351 169
351 205
351 270
351 337
351 427
351 431
351 457
351 488
352 338
352 370
352 378
352 383
352 386
352 401
352 442
352 471
353 87
353 111
353 167
353 343
353 428
353 457
353 487
353 499
354 3
354 18
354 291
354 295
354 374
354 410
354 418
354 441
355 332
355 342
355 344
355 359
355 365
355 374
355 400
355 440
356 172
356 212
356 216
356 217
356 221
356 314
356 320
356 375
357 229
357 338
357 342
357 378
357 397
357 406
357 453
357 485
358 314
358 339
358 340
358 372
358 385
358 395
358 445
358 475
359 209
359 344
359 355
359 367
359 400
359 403
359 422
359 440
360 224
360 236
360 248
360 253
360 260
360 388
360 466
360 467
361 108
361 189
361 205
361 313
361 345
361 391
361 427
361 431
362 275
362 335
362 348
362 350
362 381
362 383
362 386
362 401
363 292
363 294
363 297
363 298
363 299
363 301
363 302
363 339
364 92
364 124
364 129
364 130
364 156
364 183
364 328
364 475
365 229
365 342
365 344
365 355
365 400
365 406
365 440
365 471
366 30
366 126
366 136
366 186
366 265
366 295
366 336
366 374
367 148
367 283
367 293
367 307
367 315
367 330
367 359
367 376
368 119
368 190
368 264
368 396
368 403
368 408
368 440
368 454
369 86
369 192
369 197
369 199
369 203
369 208
369 213
369 495
370 130
370 188
370 207
370 214
370 290
370 352
370 373
370 375
371 101
371 306
371 348
371 350
371 379
371 380
371 381
371 431
372 319
372 340
372 358
372 385
372 395
372 405
372 445
372 484
373 5
373 84
373 191
373 207
373 290
373 370
373 406
373 444
374 39
374 126
374 291
374 295
374 354
374 355
374 366
374 412
375 44
375 233
375 319
375 320
375 327
375 349
375 356
375 370
376 171
376 215
376 250
376 307
376 308
376 330
376 367
376 399
377 158
377 162
377 163
377 165
377 168
377 300
377 305
377 421
378 318
378 338
378 352
378 357
378 383
378 386
378 397
378 486
379 125
379 138
379 345
379 348
379 350
379 371
379 380
379 427
380 127
380 189
380 348
380 350
380 371
380 379
380 488
380 500
381 282
381 348
381 350
381 362
381 371
381 383
381 401
381 459
382 47
382 124
382 228
382 230
382 257
382 263
382 266
382 306
383 340
383 352
383 362
383 378
383 381
383 386
383 390
383 401
384 42
384 389
384 393
384 414
384 417
384 445
384 450
384 453
384 468
385 200
385 303
385 358
385 372
385 387
385 395
385 405
385 425
385 429
386 28
386 84
386 328
386 338
386 352
386 362
386 378
386 383
386 401
387 65
387 273
387 385
387 404
387 405
387 409
387 420
387 425
387 429
388 225
388 236
388 360
388 413
388 415
388 422
388 442
388 457
388 474
389 220
389 317
389 384
389 393
389 399
389 414
389 417
389 422
389 468
390 16
390 24
390 59
390 78
390 211
390 223
390 275
390 327
390 383
391 361
391 392
391 402
391 407
391 443
391 458
391 476
391 480
391 484
392 391
392 402
392 407
392 416
392 443
392 458
392 476
392 484
392 498
393 157
393 263
393 384
393 389
393 399
393 417
393 426
393 439
393 468
394 68
394 76
394 77
394 79
394 99
394 335
394 410
394 425
394 473
395 144
395 283
395 340
395 358
395 372
395 385
395 405
395 425
395 445
396 2
396 264
396 368
396 398
396 408
396 410
396 412
396 466
396 473
397 233
397 301
397 338
397 350
397 357
397 378
397 413
397 459
397 465
398 155
398 347
398 396
398 411
398 419
398 426
398 428
398 439
398 441
399 376
399 389
399 393
399 414
399 417
399 422
399 423
399 442
399 457
400 96
400 212
400 344
400 355
400 359
400 365
400 403
400 440
400 452
401 201
401 209
401 239
401 352
401 362
401 381
401 383
401 386
401 472
402 391
402 392
402 407
402 416
402 421
402 436
402 438
402 443
402 452
403 128
403 165
403 192
403 344
403 359
403 368
403 400
403 406
403 440
404 19
404 347
404 387
404 409
404 411
404 419
404 420
404 429
404 476
405 115
405 178
405 372
405 385
405 387
405 395
405 425
405 429
405 500
406 208
406 338
406 342
406 357
406 365
406 373
406 403
406 445
406 482
407 222
407 391
407 392
407 402
407 416
407 421
407 436
407 438
407 443
408 4
408 250
408 264
408 368
408 396
408 409
408 412
408 479
408 487
409 265
409 387
409 404
409 408
409 420
409 425
409 429
409 446
409 492
410 80
410 99
410 102
410 104
410 109
410 349
410 354
410 394
410 396
411 176
411 347
411 398
411 404
411 419
411 420
411 428
411 441
411 463
412 2
412 4
412 140
412 158
412 264
412 322
412 374
412 396
412 408
413 224
413 225
413 232
413 388
413 397
413 422
413 423
413 442
413 457
414 304
414 384
414 389
414 399
414 422
414 423
414 442
414 457
414 498
415 30
415 154
415 158
415 162
415 304
415 388
415 434
415 453
415 487
416 125
416 392
416 402
416 407
416 421
416 436
416 438
416 443
416 452
417 215
417 251
417 297
417 384
417 389
417 393
417 399
417 423
417 426
417 468
418 40
418 111
418 164
418 186
418 187
418 223
418 239
418 354
418 434
418 456
419 9
419 38
419 193
419 347
419 398
419 404
419 411
419 420
419 428
419 441
420 56
420 387
420 404
420 409
420 411
420 419
420 425
420 429
420 430
420 442
421 164
421 377
421 402
421 407
421 416
421 436
421 438
421 443
421 447
421 452
422 36
422 259
422 359
422 388
422 389
422 399
422 413
422 414
422 423
422 457
423 182
423 277
423 322
423 399
423 413
423 414
423 417
423 422
423 457
423 468
424 14
424 26
424 29
424 35
424 59
424 119
424 149
424 187
424 317
424 333
425 146
425 235
425 385
425 387
425 394
425 395
425 405
425 409
425 420
425 429
426 53
426 94
426 393
426 398
426 417
426 428
426 439
426 441
426 468
426 480
427 75
427 189
427 205
427 338
427 345
427 351
427 361
427 379
427 431
427 499
428 64
428 125
428 347
428 353
428 398
428 411
428 419
428 426
428 439
428 441
429 71
429 385
429 387
429 404
429 405
429 409
429 420
429 425
429 482
430 420
430 433
430 444
430 465
430 470
430 471
430 472
430 485
430 487
430 488
431 205
431 313
431 336
431 337
431 345
431 351
431 361
431 371
431 427
431 488
432 5
432 186
432 256
432 289
432 303
432 308
432 309
432 334
432 488
432 492
433 430
433 435
433 444
433 465
433 470
433 471
433 472
433 474
433 485
433 488
434 24
434 149
434 151
434 155
434 158
434 300
434 415
434 418
434 440
434 490
435 433
435 444
435 448
435 455
435 465
435 467
435 470
435 471
435 472
435 478
436 159
436 402
436 407
436 416
436 421
436 438
436 443
436 447
436 452
436 498
437 197
437 438
437 447
437 449
437 452
437 454
437 458
437 462
437 482
437 499
438 76
438 402
438 407
438 416
438 421
438 436
438 437
438 447
438 452
438 480
439 77
439 134
439 393
439 398
439 426
439 428
439 441
439 468
439 472
439 489
440 15
440 188
440 344
440 355
440 359
440 365
440 368
440 400
440 403
440 434
441 155
441 354
441 398
441 411
441 419
441 426
441 428
441 439
441 468
441 491
442 224
442 225
442 324
442 352
442 388
442 399
442 413
442 414
442 420
442 476
442 478
443 213
443 391
443 392
443 402
443 407
443 416
443 421
443 436
443 476
443 490
443 499
444 267
444 373
444 430
444 433
444 435
444 448
444 455
444 465
444 467
444 470
444 471
445 101
445 339
445 340
445 358
445 372
445 384
445 395
445 406
445 446
445 451
445 456
446 103
446 300
446 339
446 340
446 409
446 445
446 449
446 451
446 456
446 459
446 462
447 80
447 136
447 421
447 436
447 437
447 438
447 449
447 452
447 454
447 463
447 495
448 103
448 435
448 444
448 450
448 453
448 455
448 465
448 467
448 475
448 477
448 484
449 76
449 97
449 332
449 437
449 446
449 447
449 454
449 456
449 459
449 462
449 482
450 120
450 235
450 384
450 448
450 453
450 455
450 458
450 467
450 470
450 475
450 476
450 484
451 181
451 284
451 323
451 339
451 445
451 446
451 456
451 459
451 460
451 462
451 475
451 481
452 49
452 56
452 400
452 402
452 416
452 421
452 436
452 437
452 438
452 447
452 454
452 476
453 357
453 384
453 415
453 448
453 450
453 455
453 458
453 465
453 467
453 475
453 476
453 484
454 50
454 136
454 315
454 368
454 437
454 447
454 449
454 452
454 459
454 462
454 482
454 484
455 73
455 98
455 318
455 435
455 444
455 448
455 450
455 453
455 465
455 467
455 475
455 484
456 51
456 237
456 339
456 418
456 445
456 446
456 449
456 451
456 457
456 459
456 462
456 482
457 227
457 248
457 321
457 351
457 353
457 388
457 399
457 413
457 414
457 422
457 423
457 456
458 34
458 391
458 392
458 437
458 450
458 453
458 465
458 467
458 475
458 476
458 482
458 484
459 281
459 322
459 333
459 339
459 381
459 397
459 446
459 449
459 451
459 454
459 456
459 462
459 482
460 451
460 463
460 464
460 466
460 473
460 474
460 479
460 480
460 490
460 492
460 495
460 498
460 499
461 235
461 469
461 477
461 478
461 483
461 486
461 491
461 492
461 493
461 494
461 496
461 497
461 500
462 57
462 135
462 153
462 313
462 437
462 446
462 449
462 451
462 454
462 456
462 459
462 469
462 482
463 3
463 411
463 447
463 460
463 464
463 466
463 473
463 474
463 479
463 485
463 487
463 488
463 490
464 3
464 460
464 463
464 473
464 474
464 479
464 480
464 481
464 489
464 490
464 495
464 498
464 499
465 139
465 243
465 257
465 397
465 430
465 433
465 435
465 444
465 448
465 453
465 455
465 458
465 475
465 484
466 91
466 327
466 360
466 396
466 460
466 463
466 470
466 471
466 472
466 473
466 479
466 485
466 487
466 488
467 90
467 106
467 305
467 360
467 435
467 444
467 448
467 450
467 453
467 455
467 458
467 475
467 476
467 484
468 20
468 67
468 72
468 306
468 325
468 384
468 389
468 393
468 417
468 423
468 426
468 439
468 441
468 481
469 69
469 461
469 462
469 477
469 478
469 483
469 486
469 491
469 492
469 493
469 494
469 496
469 497
469 500
470 106
470 123
470 430
470 433
470 435
470 444
470 450
470 466
470 471
470 472
470 477
470 485
470 487
470 488
471 112
471 340
471 352
471 365
471 430
471 433
471 435
471 444
471 466
471 470
471 472
471 482
471 485
471 487
471 488
472 255
472 326
472 347
472 401
472 430
472 433
472 435
472 439
472 466
472 470
472 471
472 473
472 485
472 487
472 488
473 346
473 394
473 396
473 460
473 463
473 464
473 466
473 472
473 474
473 479
473 480
473 487
473 488
473 490
473 498
474 126
474 388
474 433
474 460
474 463
474 464
474 473
474 479
474 480
474 486
474 489
474 490
474 495
474 498
474 499
475 240
475 264
475 292
475 358
475 364
475 448
475 450
475 451
475 453
475 455
475 458
475 465
475 467
475 476
475 484
476 187
476 310
476 317
476 391
476 392
476 404
476 442
476 443
476 450
476 452
476 453
476 458
476 467
476 475
476 484
477 448
477 461
477 469
477 470
477 478
477 486
477 493
477 496
477 497
477 500
478 97
478 180
478 435
478 442
478 461
478 469
478 477
478 481
478 483
478 486
478 491
478 492
478 493
478 494
478 496
478 500
479 86
479 221
479 316
479 336
479 408
479 460
479 463
479 464
479 466
479 473
479 474
479 480
479 489
479 490
479 495
479 498
480 391
480 426
480 438
480 460
480 464
480 473
480 474
480 479
480 481
480 489
480 490
480 491
480 492
480 495
480 498
480 499
481 128
481 304
481 451
481 464
481 468
481 478
481 480
481 483
481 489
481 490
481 491
481 492
481 494
481 495
481 498
481 499
482 29
482 52
482 167
482 194
482 210
482 259
482 406
482 429
482 437
482 449
482 454
482 456
482 458
482 459
482 462
482 471
483 48
483 263
483 320
483 349
483 461
483 469
483 478
483 481
483 489
483 491
483 492
483 493
483 494
483 496
483 499
483 500
484 25
484 261
484 292
484 314
484 372
484 391
484 392
484 448
484 450
484 453
484 454
484 455
484 458
484 465
484 467
484 475
484 476
485 31
485 57
485 215
485 231
485 300
485 324
485 357
485 430
485 433
485 463
485 466
485 470
485 471
485 472
485 486
485 487
485 488
486 64
486 378
486 461
486 469
486 474
486 477
486 478
486 485
486 493
486 496
486 497
486 500
487 11
487 50
487 223
487 288
487 349
487 353
487 408
487 415
487 430
487 463
487 466
487 470
487 471
487 472
487 473
487 485
487 488
487 490
488 64
488 150
488 243
488 291
488 351
488 380
488 430
488 431
488 432
488 433
488 463
488 466
488 470
488 471
488 472
488 473
488 485
488 487
489 17
489 177
489 201
489 321
489 439
489 464
489 474
489 479
489 480
489 481
489 483
489 490
489 491
489 492
489 494
489 495
489 498
489 499
490 37
490 291
490 331
490 347
490 434
490 443
490 460
490 463
490 464
490 473
490 474
490 479
490 480
490 481
490 487
490 489
490 495
490 498
490 499
491 55
491 180
491 195
491 264
491 269
491 343
491 441
491 461
491 469
491 478
491 480
491 481
491 483
491 489
491 492
491 494
491 495
491 498
491 499
492 49
492 57
492 176
492 271
492 409
492 432
492 460
492 461
492 469
492 478
492 480
492 481
492 483
492 489
492 491
492 494
492 495
492 498
492 499
493 93
493 114
493 127
493 194
493 291
493 461
493 469
493 477
493 478
493 483
493 486
493 494
493 496
493 497
493 500
494 27
494 46
494 49
494 95
494 133
494 242
494 309
494 461
494 469
494 478
494 481
494 483
494 489
494 491
494 492
494 493
494 496
494 499
494 500
495 7
495 56
495 140
495 184
495 228
495 369
495 447
495 460
495 464
495 474
495 479
495 480
495 481
495 489
495 490
495 491
495 492
495 498
495 499
496 82
496 146
496 149
496 179
496 203
496 229
496 342
496 461
496 469
496 477
496 478
496 483
496 486
496 493
496 494
496 497
496 500
497 5
497 99
497 106
497 154
497 237
497 326
497 461
497 469
497 477
497 486
497 493
497 496
497 500
498 5
498 13
498 170
498 216
498 392
498 414
498 436
498 460
498 464
498 473
498 474
498 479
498 480
498 481
498 489
498 490
498 491
498 492
498 495
498 499
499 45
499 235
499 244
499 318
499 353
499 427
499 437
499 443
499 460
499 464
499 474
499 480
499 481
499 483
499 489
499 490
499 491
499 492
499 494
499 495
499 498
500 143
500 145
500 156
500 189
500 295
500 342
500 380
500 405
500 461
500 469
500 477
500 478
500 483
500 486
500 493
500 494
500 496
500 497
